timestamp,shape_error,presence_error,leader_off
0.05,0.4146150657827747,0.0,1
0.1,9.900250412595274e-17,0.0,1
0.15000000000000002,0.018639107849035195,0.0,1
0.2,9.821906857549581e-17,0.0,1
0.25,0.010164025784308297,0.0,1
0.3,0.016573275187433047,0.0,1
0.35,0.02221490596293625,0.0,1
0.39999999999999997,1.1960176993472643e-16,0.0,1
0.44999999999999996,1.5844999490090304e-16,0.0,1
0.49999999999999994,1.2594590150401302e-16,0.0663265306122449,0
0.5499999999999999,0.018759820535055444,0.0663265306122449,0
0.6,0.035533093606841426,0.9285714285714287,0
0.65,0.04994366469944226,0.9285714285714287,0
0.7000000000000001,0.06154194987723627,0.8622448979591838,0
0.7500000000000001,0.07308351817171536,0.8622448979591838,0
0.8000000000000002,0.05742797562380825,0.01020408163265306,0
0.8500000000000002,0.04159751207025977,0.00510204081632653,0
0.9000000000000002,0.024629302512782125,0.13265306122448975,0
0.9500000000000003,0.04844275578576009,0.07142857142857141,0
1.0000000000000002,0.05151921532857944,0.00510204081632653,0
1.0500000000000003,0.015457644486006672,0.06632653061224487,0
1.1000000000000003,0.011106175936103432,0.07142857142857141,0
1.1500000000000004,0.025333131393153678,0.00510204081632653,0
1.2000000000000004,0.02050919603827238,0.06632653061224487,0
1.2500000000000004,0.04874789950551594,0.07142857142857141,0
1.3000000000000005,0.07861392638621367,0.0,0
1.3500000000000005,0.05212865355101118,0.06632653061224487,0
1.4000000000000006,0.07077670228200401,0.0,0
1.4500000000000006,0.07867874684749274,0.0,0
1.5000000000000007,0.07345440919200955,0.0,0
1.5500000000000007,0.06574112191585452,0.00510204081632653,0
1.6000000000000008,0.08352595647979971,0.00510204081632653,0
1.6500000000000008,0.054360919786756626,0.07142857142857141,0
1.7000000000000008,0.0702860805949411,0.06632653061224487,0
1.7500000000000009,0.08109754741910179,0.06632653061224487,0
1.800000000000001,0.08954462579496006,0.0,0
1.850000000000001,0.0837075278553682,0.0,0
1.900000000000001,0.07468250991801001,0.0,0
1.950000000000001,0.05821001989378663,0.030612244897959183,0
2.000000000000001,0.05898953228998869,0.01020408163265306,0
2.0500000000000007,0.026879172044925518,0.01020408163265306,0
2.1000000000000005,0.021324990462597296,0.14285714285714282,0
2.1500000000000004,0.012605217039724628,0.12244897959183669,0
2.2,0.012871784360816747,0.13265306122448975,0
2.25,0.006269462993137281,0.01020408163265306,0
2.3,0.019489085503019813,0.0,0
2.3499999999999996,0.012361816234913232,0.13775510204081629,0
2.3999999999999995,0.060405179844244004,0.00510204081632653,0
2.4499999999999993,0.03770475007285217,0.06632653061224487,0
2.499999999999999,0.008810539279360163,0.06632653061224487,0
2.549999999999999,0.04015445330236618,0.0,0
2.5999999999999988,0.030096903400879647,0.0,0
2.6499999999999986,0.019939014784861465,0.00510204081632653,0
2.6999999999999984,0.01025715348240443,0.0,0
2.7499999999999982,0.016058804697220357,0.06632653061224487,0
2.799999999999998,0.031660649549328596,0.0,0
2.849999999999998,0.04825933528986258,0.01020408163265306,0
2.8999999999999977,0.06471824237173848,0.01020408163265306,0
2.9499999999999975,0.05779682614718362,0.13265306122448975,0
2.9999999999999973,0.1044725444179849,0.11224489795918365,0
3.049999999999997,0.1500314709891836,0.08163265306122447,0
3.099999999999997,0.13305814700343413,0.09183673469387753,0
3.149999999999997,0.10771254666736224,0.08163265306122447,0
3.1999999999999966,0.09548950304182614,0.1989795918367347,0
3.2499999999999964,0.12067267951313161,0.07653061224489795,0
3.2999999999999963,0.13036666189826318,0.015306122448979591,0
3.349999999999996,0.10631821018482267,0.02040816326530612,0
3.399999999999996,0.08517513242464864,0.02040816326530612,0
3.4499999999999957,0.06717889384688819,0.07653061224489795,0
3.4999999999999956,0.08709452628601376,0.08163265306122447,0
3.5499999999999954,0.09506673260966299,0.02551020408163265,0
3.599999999999995,0.08352777273564589,0.08163265306122447,0
3.649999999999995,0.078064694114896,0.14285714285714282,0
3.699999999999995,0.10277493606239213,0.08163265306122447,0
3.7499999999999947,0.10260596992128368,0.07653061224489795,0
3.7999999999999945,0.09812057418549767,0.07653061224489795,0
3.8499999999999943,0.09417681931152015,0.015306122448979591,0
3.899999999999994,0.09419678828666365,0.08163265306122447,0
3.949999999999994,0.0934954326234168,0.015306122448979591,0
3.999999999999994,0.07973914162233457,0.08163265306122447,0
4.049999999999994,0.08274429463961644,0.015306122448979591,0
4.099999999999993,0.08094520139962794,0.08163265306122447,0
4.149999999999993,0.05136362051652951,0.015306122448979591,0
4.199999999999993,0.03865551061151689,0.07653061224489795,0
4.249999999999993,0.022544547958598282,0.02040816326530612,0
4.299999999999993,0.022570011110810397,0.02040816326530612,0
4.3499999999999925,0.007771040271822334,0.07653061224489795,0
4.399999999999992,0.04691568836588557,0.07142857142857141,0
4.449999999999992,0.03884037935670292,0.02040816326530612,0
4.499999999999992,0.01905681263125072,0.08673469387755099,0
4.549999999999992,0.0676106421611267,0.07653061224489795,0
4.599999999999992,0.09665267279147471,0.13775510204081629,0
4.6499999999999915,0.08220603581175863,0.015306122448979591,0
4.699999999999991,0.05973725424993904,0.015306122448979591,0
4.749999999999991,0.032308386704254025,0.02040816326530612,0
4.799999999999991,0.021162278698305132,0.015306122448979591,0
4.849999999999991,0.056731527985438165,0.07653061224489795,0
4.899999999999991,0.03664675330253269,0.015306122448979591,0
4.94999999999999,0.017868432557897072,0.015306122448979591,0
4.99999999999999,0.017797623333852132,0.02040816326530612,0
5.04999999999999,0.1579631569433281,0.17346938775510198,0
5.09999999999999,0.15091849100146426,0.16326530612244894,0
5.14999999999999,0.15814333815180567,0.260204081632653,0
5.1999999999999895,0.1346011034466471,0.1530612244897959,0
5.249999999999989,0.14918885014797942,0.10204081632653059,0
5.299999999999989,0.15015746809291722,0.0510204081632653,0
5.349999999999989,0.1519535137273236,0.05612244897959183,0
5.399999999999989,0.1580638501049698,0.0510204081632653,0
5.449999999999989,0.17518648483509947,0.05612244897959184,0
5.4999999999999885,0.13534905355995275,0.0510204081632653,0
5.549999999999988,0.12115265219726365,0.10204081632653059,0
5.599999999999988,0.13445760207338014,0.05612244897959184,0
5.649999999999988,0.1301602202701806,0.0510204081632653,0
5.699999999999988,0.12072259464464333,0.10204081632653059,0
5.749999999999988,0.10984311624597301,0.05612244897959183,0
5.799999999999987,0.10850706314115553,0.05612244897959184,0
5.849999999999987,0.07806184374909271,0.05612244897959184,0
5.899999999999987,0.04461376315406162,0.10204081632653059,0
5.949999999999987,0.04302246029592826,0.10714285714285712,0
5.999999999999987,0.07118320573646465,0.0510204081632653,0
6.0499999999999865,0.10533865763612686,0.16836734693877548,0
6.099999999999986,0.1007442970657753,0.12244897959183672,0
6.149999999999986,0.1043127223997411,0.16326530612244894,0
6.199999999999986,0.09955839710560208,0.12755102040816324,0
6.249999999999986,0.09484668115152765,0.07142857142857142,0
6.299999999999986,0.09517559243997935,0.16326530612244894,0
6.349999999999985,0.09528663361098232,0.08163265306122448,0
6.399999999999985,0.10044122924986182,0.07142857142857142,0
6.449999999999985,0.06757735436519066,0.07653061224489796,0
6.499999999999985,0.0420478064785928,0.07142857142857142,0
6.549999999999985,0.057021357854290966,0.11734693877551018,0
6.5999999999999845,0.07757239264409942,0.07142857142857142,0
6.649999999999984,0.078029220709673,0.07142857142857142,0
6.699999999999984,0.08790441588076033,0.07142857142857142,0
6.749999999999984,0.07760422824726054,0.08163265306122448,0
6.799999999999984,0.08431996600252666,0.07142857142857142,0
6.849999999999984,0.05570898963470114,0.12244897959183672,0
6.8999999999999835,0.028261852621415638,0.07653061224489796,0
6.949999999999983,0.012042386499241772,0.11734693877551018,0
6.999999999999983,0.042254299603113846,0.11734693877551018,0
7.049999999999983,0.06370362733777386,0.07142857142857142,0
7.099999999999983,0.05726171881280041,0.07142857142857142,0
7.149999999999983,0.05259189368789303,0.07142857142857142,0
7.199999999999982,0.04122987294394338,0.07142857142857142,0
7.249999999999982,0.02945858049868455,0.07653061224489796,0
7.299999999999982,0.07425376869299267,0.07142857142857142,0
7.349999999999982,0.08896590412179543,0.07653061224489796,0
7.399999999999982,0.11148289728875911,0.07653061224489796,0
7.4499999999999815,0.09751759509659139,0.11734693877551018,0
7.499999999999981,0.07710110933911112,0.12244897959183672,0
7.549999999999981,0.07732535385884182,0.07653061224489796,0
7.599999999999981,0.061958739006136646,0.11734693877551018,0
7.649999999999981,0.04007332645462684,0.12244897959183672,0
7.699999999999981,0.03358980270487992,0.08163265306122448,0
7.7499999999999805,0.020475542956600944,0.11734693877551018,0
7.79999999999998,0.030050736295898578,0.12244897959183672,0
7.84999999999998,0.06919066213527343,0.07142857142857142,0
7.89999999999998,0.046712342721593074,0.11734693877551018,0
7.94999999999998,0.08424089057335675,0.07653061224489796,0
7.99999999999998,0.059137620342639745,0.07142857142857142,0
8.04999999999998,0.04167835325055733,0.11734693877551018,0
8.09999999999998,0.0207603712602945,0.07142857142857142,0
8.14999999999998,0.04253576456076025,0.08163265306122448,0
8.199999999999982,0.0289785897728648,0.07142857142857142,0
8.249999999999982,0.02535986384679192,0.1530612244897959,0
8.299999999999983,0.012497179723282075,0.07653061224489796,0
8.349999999999984,0.022597563670187455,0.07653061224489796,0
8.399999999999984,0.012497179723281895,0.11734693877551018,0
8.449999999999985,0.012497179723281895,0.11734693877551018,0
8.499999999999986,0.01242745947824632,0.07653061224489796,0
8.549999999999986,0.060049583481313076,0.07653061224489796,0
8.599999999999987,0.04681577020045548,0.11734693877551018,0
8.649999999999988,0.031222226323606474,0.11734693877551018,0
8.699999999999989,0.06874084256387852,0.07142857142857142,0
8.74999999999999,0.07621970079148202,0.07142857142857142,0
8.79999999999999,0.08673807647267265,0.07653061224489796,0
8.84999999999999,0.07652883061482596,0.07142857142857142,0
8.899999999999991,0.0647298687786377,0.12244897959183672,0
8.949999999999992,0.05371483763801234,0.08163265306122448,0
8.999999999999993,0.06822489873838948,0.11224489795918366,0
9.049999999999994,0.11861996416850329,0.18877551020408162,0
9.099999999999994,0.11555830512485134,0.15816326530612243,0
9.149999999999995,0.11503498564850256,0.19387755102040813,0
9.199999999999996,0.11720743577135223,0.22448979591836735,0
9.249999999999996,0.11943209047005807,0.18367346938775506,0
9.299999999999997,0.14321451084466374,0.1020408163265306,0
9.349999999999998,0.17346942371857071,0.10714285714285712,0
9.399999999999999,0.15097648974994463,0.11224489795918367,0
9.45,0.14410120724589578,0.14285714285714282,0
9.5,0.1286676207677786,0.1887755102040816,0
9.55,0.14055132740137555,0.10714285714285712,0
9.600000000000001,0.12838142090480387,0.14285714285714282,0
9.650000000000002,0.12190205163567223,0.14285714285714282,0
9.700000000000003,0.0944757494557077,0.1020408163265306,0
9.750000000000004,0.11247443951890794,0.1020408163265306,0
9.800000000000004,0.09146646404450606,0.11224489795918366,0
9.850000000000005,0.052936471753093815,0.1020408163265306,0
9.900000000000006,0.052371277204240556,0.14795918367346936,0
9.950000000000006,0.04533814577323792,0.1020408163265306,0
10.000000000000007,0.39753209407309115,0.23469387755102042,0
10.050000000000008,0.4003675943540113,0.17857142857142855,0
10.100000000000009,0.3805699548233647,0.27551020408163257,0
10.15000000000001,0.37204120868787793,0.16836734693877548,0
10.20000000000001,0.36250727052818993,0.22448979591836737,0
10.25000000000001,0.3435604364020952,0.06632653061224489,0
10.300000000000011,0.3215720548019258,0.12244897959183672,0
10.350000000000012,0.29794742066559016,0.06632653061224489,0
10.400000000000013,0.2737874142985679,0.1173469387755102,0
10.450000000000014,0.2515431236985108,0.06632653061224489,0
10.500000000000014,0.22667699877840108,0.06632653061224489,0
10.550000000000015,0.21505914279638505,0.07142857142857142,0
10.600000000000016,0.18213587631854375,0.06632653061224489,0
10.650000000000016,0.16388559091358865,0.12755102040816327,0
10.700000000000017,0.14709045773964607,0.07142857142857142,0
10.750000000000018,0.1464959547321454,0.16836734693877548,0
10.800000000000018,0.11261579301074506,0.1173469387755102,0
10.85000000000002,0.1103663468236057,0.06632653061224489,0
10.90000000000002,0.12010759334701707,0.06632653061224489,0
10.95000000000002,0.09868920472249992,0.07142857142857142,0
11.000000000000021,0.15839162808697485,0.17346938775510198,0
11.050000000000022,0.15150976655662834,0.21428571428571427,0
11.100000000000023,0.1386092279545875,0.21938775510204084,0
11.150000000000023,0.16407758667523778,0.16326530612244894,0
11.200000000000024,0.14697218202356857,0.15816326530612243,0
11.250000000000025,0.14876286586107967,0.10714285714285711,0
11.300000000000026,0.13894879169720284,0.05612244897959184,0
11.350000000000026,0.1454388023035462,0.05612244897959184,0
11.400000000000027,0.11385150088680573,0.05612244897959184,0
11.450000000000028,0.0921840166560025,0.05612244897959184,0
11.500000000000028,0.056077474570974235,0.061224489795918366,0
11.55000000000003,0.03506532863695856,0.061224489795918366,0
11.60000000000003,0.023370615102255698,0.11224489795918366,0
11.65000000000003,0.021294997461361008,0.11224489795918366,0
11.700000000000031,0.05349267304833241,0.10714285714285711,0
11.750000000000032,0.05704762383759093,0.11734693877551017,0
11.800000000000033,0.07295527364077788,0.07142857142857142,0
11.850000000000033,0.07548270956882475,0.15816326530612243,0
11.900000000000034,0.06096479420701333,0.11734693877551017,0
11.950000000000035,0.05821806578391749,0.05612244897959184,0
12.000000000000036,0.18311265660687173,0.30102040816326525,0
12.050000000000036,0.1771899785709828,0.21428571428571422,0
12.100000000000037,0.17522789934886462,0.2091836734693877,0
12.150000000000038,0.16768654101235234,0.2091836734693877,0
12.200000000000038,0.16987861194947812,0.2091836734693877,0
12.250000000000039,0.17117187466256767,0.2091836734693877,1
12.30000000000004,0.17117187466256767,0.2091836734693877,1
12.35000000000004,0.17117187466256764,0.2091836734693877,1
12.400000000000041,0.17117187466256764,0.2091836734693877,1
12.450000000000042,0.17117187466256764,0.2091836734693877,1
12.500000000000043,0.17117187466256764,0.2091836734693877,1
12.550000000000043,0.17117187466256764,0.2091836734693877,0
12.600000000000044,0.17117187466256764,0.23979591836734687,0
12.650000000000045,0.4301959852280781,0.23979591836734687,0
12.700000000000045,0.3932612181067764,0.48469387755102034,0
12.750000000000046,0.3525918365816842,0.4438775510204081,0
12.800000000000047,0.30912240522922446,0.4438775510204081,0
12.850000000000048,0.2853864918376627,0.11734693877551021,0
12.900000000000048,0.29128191318847885,0.12755102040816327,0
12.950000000000049,0.286731341403217,0.12244897959183673,0
13.00000000000005,0.22506559115925265,0.32653061224489793,0
13.05000000000005,0.20144394661660267,0.26530612244897955,0
13.100000000000051,0.24433558545758768,0.26530612244897955,0
13.150000000000052,0.228255799193204,0.21428571428571422,0
13.200000000000053,0.16547476289234173,0.21428571428571422,0
13.250000000000053,0.1761476686014033,0.13265306122448978,0
13.300000000000054,0.19030053008925638,0.13265306122448978,0
13.350000000000055,0.1520869660774879,0.13265306122448978,0
13.400000000000055,0.13293731795034833,0.13775510204081634,0
13.450000000000056,0.14951501585234828,0.13265306122448978,0
13.500000000000057,0.1243358187796019,0.17857142857142855,0
13.550000000000058,0.159712772440334,0.13265306122448978,0
13.600000000000058,0.09696772134076156,0.17346938775510204,0
13.650000000000059,0.08664279325630987,0.13265306122448978,0
13.70000000000006,0.08635370960013677,0.13265306122448978,0
13.75000000000006,0.08522254458207608,0.13265306122448978,0
13.800000000000061,0.05155667011990641,0.13265306122448978,0
13.850000000000062,0.06347919285506984,0.13775510204081634,0
13.900000000000063,0.1492559407738144,0.13265306122448978,0
13.950000000000063,0.11055068124859883,0.14285714285714285,0
14.000000000000064,0.14613305300354199,0.19387755102040813,0
14.050000000000065,0.15686060548613734,0.2653061224489796,0
14.100000000000065,0.18935356186322025,0.17346938775510204,0
14.150000000000066,0.16631997652763303,0.1683673469387755,0
14.200000000000067,0.1358128221074252,0.1683673469387755,0
14.250000000000068,0.14002879358965134,0.12244897959183675,0
14.300000000000068,0.11071353819412767,0.12244897959183675,0
14.350000000000069,0.09112119353049639,0.12244897959183675,0
14.40000000000007,0.09063511867298844,0.12244897959183675,0
14.45000000000007,0.07408588650713777,0.12244897959183675,0
14.500000000000071,0.04168673383858763,0.12244897959183675,0
14.550000000000072,0.03222867281053177,0.12244897959183675,0
14.600000000000072,0.03222867281053148,0.12244897959183675,0
14.650000000000073,0.03222867281053203,0.12755102040816327,0
14.700000000000074,0.03222867281053203,0.12244897959183675,0
14.750000000000075,0.031099646322675787,0.163265306122449,0
14.800000000000075,0.015525487289217805,0.12244897959183675,0
14.850000000000076,0.019011287879855933,0.12755102040816327,0
14.900000000000077,0.05594436584972587,0.12755102040816327,0
14.950000000000077,0.0043849566275775695,0.1683673469387755,0
15.000000000000078,0.8016493930946909,0.1683673469387755,0
15.050000000000079,0.9999999730123141,0.12244897959183675,0
15.10000000000008,0.17909486998367952,0.12244897959183675,0
15.15000000000008,0.11076915347021271,0.12244897959183675,0
15.200000000000081,0.08349456088281186,0.12755102040816327,0
15.250000000000082,0.010386906786106216,0.12755102040816327,0
15.300000000000082,0.316237390906451,0.1683673469387755,0
15.350000000000083,0.014533608630510203,0.17346938775510204,0
15.400000000000084,0.014533608630510203,0.12244897959183675,0
15.450000000000085,0.013730084151795274,0.17346938775510204,0
15.500000000000085,0.1001000402068603,0.12244897959183675,0
15.550000000000086,0.0325468469019277,0.17346938775510204,0
15.600000000000087,0.1565090515472435,0.12244897959183675,0
15.650000000000087,0.016204563492193808,0.1683673469387755,0
15.700000000000088,0.010842487151084075,0.12244897959183675,0
15.750000000000089,0.010842487151084075,0.12244897959183675,0
15.80000000000009,0.010512817274529044,0.12244897959183675,0
15.85000000000009,0.10157956086831506,0.1326530612244898,0
15.900000000000091,0.059260673670204746,0.12244897959183675,0
15.950000000000092,0.012937156555942984,0.2193877551020408,0
16.000000000000092,0.545258198979746,0.24999999999999997,0
16.050000000000093,0.5460677580123469,0.28061224489795916,0
16.100000000000094,0.5477085879004192,0.28061224489795916,0
16.150000000000095,0.544653680571568,0.22448979591836735,0
16.200000000000095,0.5458993539340974,0.22448979591836735,0
16.250000000000096,0.5463198124108507,0.1020408163265306,0
16.300000000000097,0.5441572265524101,0.10714285714285712,0
16.350000000000097,0.5251362159769859,0.11224489795918367,0
16.400000000000098,0.5037374224717894,0.14795918367346936,0
16.4500000000001,0.4858081108255035,0.1887755102040816,0
16.5000000000001,0.4987002686765687,0.14285714285714282,0
16.5500000000001,0.49579853997145196,0.14285714285714282,0
16.6000000000001,0.4818557251405854,0.1020408163265306,0
16.6500000000001,0.463181077049125,0.1020408163265306,0
16.700000000000102,0.4561074028383883,0.1020408163265306,0
16.750000000000103,0.44895133921493346,0.10714285714285712,0
16.800000000000104,0.4403512792194846,0.1020408163265306,0
16.850000000000104,0.4339029134546777,0.14285714285714282,0
16.900000000000105,0.4378605496904144,0.10714285714285712,0
16.950000000000106,0.439589375959327,0.1020408163265306,0
17.000000000000107,0.9999999995856965,0.21428571428571425,0
17.050000000000107,0.9999999995891418,0.19387755102040813,0
17.100000000000108,0.9199466599619467,0.29591836734693866,0
17.15000000000011,0.8660804125314785,0.18367346938775508,0
17.20000000000011,0.8279221704050325,0.18367346938775508,0
17.25000000000011,0.8000508524071778,0.08163265306122448,0
17.30000000000011,0.772396962079914,0.08163265306122448,0
17.35000000000011,0.7500016265743318,0.08163265306122448,0
17.400000000000112,0.731640234539169,0.08163265306122448,0
17.450000000000113,0.7150467256917781,0.08673469387755102,0
17.500000000000114,0.6986774300063002,0.08163265306122448,0
17.550000000000114,0.6895212867421227,0.12755102040816327,0
17.600000000000115,0.6754135476905511,0.08163265306122448,0
17.650000000000116,0.6599798646992849,0.09183673469387756,0
17.700000000000117,0.6479512740142038,0.08163265306122448,0
17.750000000000117,0.6364179330591431,0.18877551020408162,0
17.800000000000118,0.6243635675778975,0.08163265306122448,0
17.85000000000012,0.6109335707870481,0.13265306122448978,0
17.90000000000012,0.6043422091321512,0.08673469387755102,0
17.95000000000012,0.5938772324249596,0.14285714285714285,0
18.00000000000012,0.7433891660954091,0.19387755102040813,0
18.05000000000012,0.7415592267119339,0.2346938775510204,0
18.100000000000122,0.7373712669600915,0.12244897959183672,0
18.150000000000123,0.7323977244995911,0.11734693877551018,0
18.200000000000124,0.7268830263731743,0.12244897959183672,0
18.250000000000124,0.7209350662950458,0.061224489795918366,0
18.300000000000125,0.7148999533893792,0.11734693877551018,0
18.350000000000126,0.7075820148007762,0.061224489795918366,0
18.400000000000126,0.6999085606458734,0.061224489795918366,0
18.450000000000127,0.6914768827037198,0.061224489795918366,0
18.500000000000128,0.6821863665837966,0.061224489795918366,0
18.55000000000013,0.670749539143932,0.061224489795918366,0
18.60000000000013,0.6610283037558571,0.0663265306122449,0
18.65000000000013,0.6498611800510572,0.061224489795918366,0
18.70000000000013,0.6383305532632253,0.11734693877551018,0
18.75000000000013,0.6259260770312035,0.061224489795918366,0
18.800000000000132,0.6117741692609485,0.061224489795918366,0
18.850000000000133,0.5968223964270586,0.061224489795918366,0
18.900000000000134,0.5778154445234799,0.061224489795918366,0
18.950000000000134,0.5638223719353971,0.061224489795918366,0
19.000000000000135,0.2866611981268943,0.11734693877551018,0
19.050000000000136,0.26770438571186317,0.11734693877551018,0
19.100000000000136,0.2900156730281993,0.16326530612244894,0
19.150000000000137,0.2065933062934392,0.15816326530612243,0
19.200000000000138,0.22962411722102993,0.10714285714285712,0
19.25000000000014,0.2601357482242465,0.056122448979591844,0
19.30000000000014,0.3520806606379948,0.056122448979591844,0
19.35000000000014,0.18281866802857513,0.056122448979591844,0
19.40000000000014,0.05554613196996754,0.06122448979591837,0
19.45000000000014,0.9999999999997851,0.056122448979591844,0
19.500000000000142,0.9999999999998925,0.1020408163265306,0
19.550000000000143,0.999999758000059,0.056122448979591844,0
19.600000000000144,0.999999758000059,0.0663265306122449,0
19.650000000000144,0.9999997578962722,0.056122448979591844,0
19.700000000000145,0.9999999999997806,0.16326530612244894,0
19.750000000000146,0.9999999999995701,0.056122448979591844,0
19.800000000000146,0.9999999999998548,0.11224489795918366,0
19.850000000000147,0.9999999999997851,0.056122448979591844,0
19.900000000000148,0.10916028056552976,0.10714285714285712,0
19.95000000000015,0.1565251689173544,0.056122448979591844,0
20.00000000000015,0.13233106827723007,0.056122448979591844,0
20.05000000000015,0.07980051955196468,0.056122448979591844,0
20.10000000000015,0.9999995160002288,0.056122448979591844,0
20.15000000000015,0.9999997580000585,0.06122448979591837,0
20.200000000000152,0.9999999999995701,0.06122448979591837,0
20.250000000000153,0.9999999999994807,0.11224489795918366,0
20.300000000000153,0.9999999999994807,0.11224489795918366,0
20.350000000000154,0.05927682846194591,0.11224489795918366,0
20.400000000000155,0.05097565398468603,0.10714285714285712,0
20.450000000000156,0.9999995160002281,0.10714285714285712,0
20.500000000000156,0.9999997177472487,0.056122448979591844,0
20.550000000000157,0.999999758000058,0.07142857142857142,0
20.600000000000158,0.11727288823962508,0.06122448979591837,0
20.65000000000016,0.15318544375983098,0.16836734693877548,0
20.70000000000016,0.11707314921988139,0.10714285714285712,0
20.75000000000016,0.10557480328971228,0.15816326530612243,0
20.80000000000016,0.1321506517192197,0.056122448979591844,0
20.85000000000016,0.3317842941334916,0.056122448979591844,0
20.900000000000162,0.08191826104212956,0.056122448979591844,0
20.950000000000163,0.9999997580000576,0.056122448979591844,0
21.000000000000163,0.7470531607156772,0.2346938775510204,0
21.050000000000164,0.7453544490635486,0.22448979591836735,0
21.100000000000165,0.7389362743717305,0.28571428571428564,0
21.150000000000166,0.7323430890763586,0.28571428571428564,0
21.200000000000166,0.7290966841372345,0.28571428571428564,0
21.250000000000167,0.723644480304763,0.28571428571428564,1
21.300000000000168,0.7167868178533984,0.28571428571428564,1
21.35000000000017,0.7108642916586652,0.28571428571428564,1
21.40000000000017,0.7018800526078074,0.28571428571428564,1
21.45000000000017,0.6922639802599133,0.28571428571428564,1
21.50000000000017,0.6820785742728859,0.28571428571428564,1
21.55000000000017,0.6718336176483988,0.28571428571428564,1
21.600000000000172,0.6623686884136372,0.32142857142857134,0
21.650000000000173,0.6523476079883802,0.32142857142857134,0
21.700000000000173,0.6434004391190834,0.7142857142857144,0
21.750000000000174,0.6265875524467824,0.7142857142857144,0
21.800000000000175,0.6186111070419049,0.6581632653061226,0
21.850000000000176,0.6052310880209104,0.663265306122449,0
21.900000000000176,0.5933297452642756,0.0510204081632653,0
21.950000000000177,0.5746655119997373,0.09183673469387753,0
22.000000000000178,0.5447215343838333,0.1530612244897959,0
22.05000000000018,0.5262950610284688,0.04591836734693877,0
22.10000000000018,0.5256551885946381,0.04591836734693877,0
22.15000000000018,0.47314972594117083,0.09693877551020405,0
22.20000000000018,0.4370197397940415,0.10714285714285711,0
22.25000000000018,0.42441482746619014,0.09693877551020405,0
22.300000000000182,0.42859586575069936,0.04081632653061224,0
22.350000000000183,0.38524224878263197,0.04591836734693877,0
22.400000000000183,0.3305283127050403,0.04081632653061224,0
22.450000000000184,0.31846127644238714,0.09693877551020405,0
22.500000000000185,0.3048930254824975,0.04081632653061224,0
22.550000000000185,0.282121099615351,0.04081632653061224,0
22.600000000000186,0.2128307194511619,0.04591836734693877,0
22.650000000000187,0.15485750028791687,0.04081632653061224,0
22.700000000000188,0.18788688387465435,0.0510204081632653,0
22.75000000000019,0.11487788651600539,0.04591836734693877,0
22.80000000000019,0.0821262756146479,0.1530612244897959,0
22.85000000000019,0.03391674691291758,0.1020408163265306,0
22.90000000000019,0.13596106618507933,0.04591836734693877,0
22.95000000000019,0.1544187348064183,0.1020408163265306,0
23.000000000000192,0.08872128992894152,0.04591836734693877,0
23.050000000000193,0.044569330975212575,0.09183673469387753,0
23.100000000000193,0.03837635351216442,0.09183673469387753,0
23.150000000000194,0.04001474391278683,0.04591836734693877,0
23.200000000000195,0.1555803836270884,0.04591836734693877,0
23.250000000000195,0.9999999673405348,0.09693877551020405,0
23.300000000000196,0.05963671217578211,0.1020408163265306,0
23.350000000000197,0.09898349112531757,0.04081632653061224,0
23.400000000000198,0.09449795826753087,0.1020408163265306,0
23.4500000000002,0.1062428919218676,0.04081632653061224,0
23.5000000000002,0.10646271721397514,0.1020408163265306,0
23.5500000000002,0.05713076271862693,0.05612244897959184,0
23.6000000000002,0.08562079921138695,0.09693877551020405,0
23.6500000000002,0.0654941565451949,0.1530612244897959,0
23.700000000000202,0.062443756492268604,0.04081632653061224,0
23.750000000000203,0.09202012520804514,0.04081632653061224,0
23.800000000000203,0.10619255969620243,0.04081632653061224,0
23.850000000000204,0.10740997168294318,0.04081632653061224,0
23.900000000000205,0.05471017022134261,0.04081632653061224,0
23.950000000000205,5.653487672129244e-16,0.04081632653061224,0
24.000000000000206,0.26913297889661236,0.18367346938775506,0
24.050000000000207,0.25940619983355045,0.17346938775510198,0
24.100000000000207,0.2085109805057661,0.17346938775510198,0
24.150000000000208,0.17413951598987443,0.20918367346938774,0
24.20000000000021,0.09581186148299166,0.27040816326530603,0
24.25000000000021,0.09998272930926884,0.0510204081632653,0
24.30000000000021,0.11745000992204947,0.09693877551020406,0
24.35000000000021,0.17197655199676146,0.1530612244897959,0
24.40000000000021,0.10917234336490159,0.04081632653061224,0
24.450000000000212,0.08539590882122754,0.04081632653061224,0
24.500000000000213,0.08539590882122754,0.05612244897959183,0
24.550000000000214,0.08677050873457863,0.04081632653061224,0
24.600000000000215,0.04181940092104717,0.21428571428571425,0
24.650000000000215,0.04582717264565955,0.04081632653061224,0
24.700000000000216,0.15284762994249526,0.09693877551020406,0
24.750000000000217,0.12208337525371316,0.04591836734693877,0
24.800000000000217,0.06076011068294429,0.04081632653061224,0
24.850000000000218,0.11696496521096002,0.09183673469387753,0
24.90000000000022,0.10852230802830032,0.04081632653061224,0
24.95000000000022,0.08413313219376924,0.04081632653061224,0
25.00000000000022,0.21082907852160299,0.11224489795918366,0
25.05000000000022,0.2806516793545478,0.11224489795918366,0
25.10000000000022,0.5782664290821778,0.11224489795918366,0
25.150000000000222,0.26384658875828254,0.10714285714285712,0
25.200000000000223,0.3983845855929018,0.10714285714285712,0
25.250000000000224,0.3948060819218306,0.05612244897959184,0
25.300000000000225,0.38844502687233445,0.061224489795918366,0
25.350000000000225,0.37843434693458816,0.05612244897959184,0
25.400000000000226,0.3610433806717661,0.10714285714285712,0
25.450000000000227,0.339644600456933,0.05612244897959184,0
25.500000000000227,0.31330663159371885,0.061224489795918366,0
25.550000000000228,0.2917951298919555,0.05612244897959184,0
25.60000000000023,0.2654969071665434,0.11224489795918366,0
25.65000000000023,0.24245116202690858,0.061224489795918366,0
25.70000000000023,0.20201886484878798,0.1020408163265306,0
25.75000000000023,0.18704792439933152,0.11734693877551018,0
25.80000000000023,0.1748359916089426,0.061224489795918366,0
25.850000000000232,0.1551137775191365,0.15816326530612243,0
25.900000000000233,0.140592160368665,0.11734693877551018,0
25.950000000000234,0.13505848701954867,0.061224489795918366,0
26.000000000000234,0.14823609145152675,0.12244897959183672,0
26.050000000000235,0.14099481127731364,0.14795918367346936,0
26.100000000000236,0.1222925561600059,0.14795918367346936,0
26.150000000000237,0.130110736642066,0.08673469387755099,0
26.200000000000237,0.13806572237627968,0.09693877551020405,0
26.250000000000238,0.13281057777754732,0.030612244897959183,0
26.30000000000024,0.120466327216881,0.14285714285714282,0
26.35000000000024,0.11852345115868294,0.030612244897959183,0
26.40000000000024,0.11614654060171559,0.030612244897959183,0
26.45000000000024,0.10931265769690851,0.04081632653061224,0
26.50000000000024,0.11560780237517498,0.03571428571428571,0
26.550000000000242,0.11429826699224847,0.14285714285714282,0
26.600000000000243,0.10184719923453578,0.08673469387755099,0
26.650000000000244,0.0904690760341288,0.030612244897959183,0
26.700000000000244,0.09007193308542594,0.04081632653061224,0
26.750000000000245,0.07772765680471806,0.030612244897959183,0
26.800000000000246,0.07172000273953788,0.14285714285714282,0
26.850000000000247,0.08792919730254557,0.030612244897959183,0
26.900000000000247,0.09308300022985873,0.030612244897959183,0
26.950000000000248,0.0870609067218582,0.03571428571428571,0
27.00000000000025,0.08182501410512202,0.030612244897959183,0
27.05000000000025,0.06310175979978132,0.08163265306122447,0
27.10000000000025,0.08145315215233553,0.030612244897959183,0
27.15000000000025,0.05743377680360665,0.03571428571428571,0
27.20000000000025,0.04075086266067863,0.03571428571428571,0
27.250000000000252,0.023699932811587263,0.08673469387755099,0
27.300000000000253,0.05587058184919343,0.03571428571428571,0
27.350000000000254,0.05183442481508861,0.09183673469387753,0
27.400000000000254,0.03468119911077861,0.08673469387755099,0
27.450000000000255,0.05485215868234542,0.14795918367346936,0
27.500000000000256,0.018519667743181,0.03571428571428571,0
27.550000000000257,0.057575371489202894,0.08673469387755099,0
27.600000000000257,0.08136425494119451,0.08673469387755099,0
27.650000000000258,0.0802371480695679,0.030612244897959183,0
27.70000000000026,0.06694410665289602,0.030612244897959183,0
27.75000000000026,0.0525469528634025,0.03571428571428571,0
27.80000000000026,0.05427523235263602,0.030612244897959183,0
27.85000000000026,0.03244139392122367,0.03571428571428571,0
27.90000000000026,0.013865940311093361,0.03571428571428571,0
27.950000000000262,0.008135269557832947,0.09693877551020405,0
28.000000000000263,0.10988201250911091,0.03571428571428571,0
28.050000000000264,0.11960712875701399,0.18877551020408162,0
28.100000000000264,0.13486923245147175,0.09183673469387753,0
28.150000000000265,0.13893747208737095,0.08163265306122447,0
28.200000000000266,0.10789364484355488,0.13265306122448975,0
28.250000000000266,0.13038773036028872,0.04081632653061224,0
28.300000000000267,0.1339189578926979,0.030612244897959183,0
28.350000000000268,0.11467980358572133,0.08673469387755099,0
28.40000000000027,0.09633664670138475,0.030612244897959183,0
28.45000000000027,0.08207361516528779,0.14285714285714282,0
28.50000000000027,0.10424510996972733,0.030612244897959183,0
28.55000000000027,0.07933978861321696,0.13265306122448975,0
28.60000000000027,0.055687902659185044,0.030612244897959183,0
28.650000000000272,0.02778999072637008,0.030612244897959183,0
28.700000000000273,0.06232802100404742,0.030612244897959183,0
28.750000000000274,0.049437316877814434,0.030612244897959183,0
28.800000000000274,0.028489336688155488,0.030612244897959183,0
28.850000000000275,0.01843134553375077,0.030612244897959183,0
28.900000000000276,0.018431345533750632,0.04081632653061224,0
28.950000000000276,0.007719526383122805,0.03571428571428571,0
29.000000000000277,0.007719526383122805,0.12755102040816324,0
29.050000000000278,0.044358221741377504,0.08163265306122447,0
29.10000000000028,0.04897183525129152,0.08673469387755099,0
29.15000000000028,0.07473861900741488,0.030612244897959183,0
29.20000000000028,0.06914493771781673,0.08163265306122447,0
29.25000000000028,0.03958384323845197,0.030612244897959183,0
29.30000000000028,0.06427008095438404,0.030612244897959183,0
29.350000000000282,0.07724724369186128,0.030612244897959183,0
29.400000000000283,0.07063481186314542,0.030612244897959183,0
29.450000000000284,0.0520441628876388,0.03571428571428571,0
29.500000000000284,0.021251871025004233,0.030612244897959183,0
29.550000000000285,0.017012653060044756,0.08163265306122447,0
29.600000000000286,0.04793931898196578,0.030612244897959183,0
29.650000000000286,0.034886392866609,0.030612244897959183,0
29.700000000000287,0.018297640662176665,0.030612244897959183,0
29.750000000000288,0.01833596503779625,0.03571428571428571,0
29.80000000000029,0.0020359465454375973,0.03571428571428571,0
29.85000000000029,0.01037919667758507,0.08163265306122447,0
29.90000000000029,0.04849744529190074,0.08673469387755099,0
29.95000000000029,0.07413342611938255,0.030612244897959183,0
30.00000000000029,0.36548179339362935,0.13265306122448975,0
30.050000000000292,0.3694166973672789,0.09693877551020405,0
30.100000000000293,0.36771410058249343,0.07653061224489795,0
30.150000000000293,0.359694129825019,0.07653061224489795,0
30.200000000000294,0.35137453864098117,0.07142857142857141,0
30.250000000000295,0.34522006043808484,0.07653061224489795,0
30.300000000000296,0.3310475462199051,0.015306122448979591,0
30.350000000000296,0.3163523433723794,0.07142857142857141,0
30.400000000000297,0.3015700014571776,0.015306122448979591,0
30.450000000000298,0.30075062763143884,0.015306122448979591,0
30.5000000000003,0.29100294248900505,0.015306122448979591,0
30.5500000000003,0.2762405682890473,0.02551020408163265,0
30.6000000000003,0.2617325838350387,0.015306122448979591,0
30.6500000000003,0.25481983990503826,0.1275510204081632,0
30.7000000000003,0.2582707688157727,0.015306122448979591,0
30.750000000000302,0.24864107217580547,0.015306122448979591,0
30.800000000000303,0.2381888552008323,0.015306122448979591,0
30.850000000000303,0.22244164146784803,0.02551020408163265,0
30.900000000000304,0.2039213779769635,0.02040816326530612,0
30.950000000000305,0.19076208728995941,0.1275510204081632,0
31.000000000000306,0.18621040538700992,0.06632653061224489,0
31.050000000000306,0.17279371311401237,0.015306122448979591,0
31.100000000000307,0.1524410873918181,0.08163265306122447,0
31.150000000000308,0.14260234467845773,0.015306122448979591,0
31.20000000000031,0.14580374541277807,0.1275510204081632,0
31.25000000000031,0.12611459871632172,0.015306122448979591,0
31.30000000000031,0.14414396521157138,0.015306122448979591,0
31.35000000000031,0.14140429764038412,0.015306122448979591,0
31.40000000000031,0.11647064144689094,0.02551020408163265,0
31.450000000000312,0.08823604237786119,0.015306122448979591,0
31.500000000000313,0.08711506454258515,0.1275510204081632,0
31.550000000000313,0.08150019696313336,0.015306122448979591,0
31.600000000000314,0.06475657063673594,0.015306122448979591,0
31.650000000000315,0.07427999906888955,0.02040816326530612,0
31.700000000000315,0.08391439070752502,0.015306122448979591,0
31.750000000000316,0.05555141658630751,0.02040816326530612,0
31.800000000000317,0.019791262321777355,0.02040816326530612,0
31.850000000000318,0.018857724454176713,0.07653061224489795,0
31.90000000000032,0.038381257979595594,0.07142857142857141,0
31.95000000000032,0.07308647828564248,0.07142857142857141,0
32.00000000000032,0.14171554537033465,0.14795918367346933,0
32.05000000000032,0.1592716162740798,0.14795918367346933,0
32.100000000000314,0.16971750269271704,0.14795918367346933,0
32.15000000000031,0.18530003839291354,0.13775510204081629,0
32.20000000000031,0.1937961030803367,0.14285714285714282,0
32.250000000000306,0.1787183534281743,0.04591836734693877,0
32.3000000000003,0.18154486216687538,0.09183673469387753,0
32.3500000000003,0.14289262700805422,0.04591836734693877,0
32.4000000000003,0.13046343845253838,0.04591836734693877,0
32.450000000000294,0.10929813053974023,0.0510204081632653,0
32.50000000000029,0.07789336645450638,0.0510204081632653,0
32.55000000000029,0.07580779794907216,0.09183673469387753,0
32.600000000000286,0.07071936522757809,0.09183673469387753,0
32.65000000000028,0.05433340660253744,0.04591836734693877,0
32.70000000000028,0.02792235666729511,0.04591836734693877,0
32.75000000000028,0.02566265944500341,0.04591836734693877,0
32.800000000000274,0.014193156798511223,0.04591836734693877,0
32.85000000000027,0.01317957137269338,0.04591836734693877,0
32.90000000000027,0.013169713591072255,0.04591836734693877,0
32.950000000000266,0.06308308084823465,0.0510204081632653,0
33.00000000000026,0.4053307065914929,0.1887755102040816,0
33.05000000000026,0.3990763334163771,0.2193877551020408,0
33.10000000000026,0.38785321371090187,0.17346938775510198,0
33.150000000000254,0.37782878219997623,0.16836734693877545,0
33.20000000000025,0.36888116974756174,0.16326530612244894,0
33.25000000000025,0.35714932085765644,0.11734693877551018,0
33.300000000000246,0.3466312251103068,0.07142857142857142,0
33.35000000000024,0.33753118749322997,0.07142857142857142,0
33.40000000000024,0.3219527274949502,0.07653061224489796,0
33.45000000000024,0.3064754153399073,0.07142857142857142,0
33.500000000000234,0.28726774044382325,0.11224489795918367,0
33.55000000000023,0.26550956344341997,0.07142857142857142,0
33.60000000000023,0.2472856763800463,0.07653061224489796,0
33.650000000000226,0.22864125955223333,0.07142857142857142,0
33.70000000000022,0.20709691759469673,0.11734693877551018,0
33.75000000000022,0.18542471995056456,0.07142857142857142,0
33.80000000000022,0.16901796647399223,0.07142857142857142,0
33.850000000000215,0.13642077137619396,0.07142857142857142,0
33.90000000000021,0.1202877505204507,0.07142857142857142,0
33.95000000000021,0.09763989436472326,0.07142857142857142,0
34.000000000000206,0.36766892521239136,0.13265306122448978,0
34.0500000000002,0.3566084530853868,0.12755102040816324,0
34.1000000000002,0.34804319973906284,0.12244897959183672,0
34.1500000000002,0.3355063251695283,0.16836734693877548,0
34.200000000000195,0.33678387243525937,0.12755102040816324,0
34.25000000000019,0.34522238367827485,0.0663265306122449,0
34.30000000000019,0.3233505084906445,0.17346938775510198,0
34.350000000000186,0.2968305498486741,0.0663265306122449,0
34.40000000000018,0.2686953423354035,0.11734693877551018,0
34.45000000000018,0.24402786382369338,0.07142857142857142,0
34.50000000000018,0.22265090018029818,0.12244897959183672,0
34.550000000000175,0.19851845857237024,0.11734693877551018,0
34.60000000000017,0.17840638416071852,0.11734693877551018,0
34.65000000000017,0.15363073158144186,0.0663265306122449,0
34.700000000000166,0.12794874205812432,0.0663265306122449,0
34.75000000000016,0.10198946295815486,0.07142857142857142,0
34.80000000000016,0.08102252979354259,0.0663265306122449,0
34.85000000000016,0.058425807009379646,0.11734693877551018,0
34.900000000000155,0.04151715713805811,0.0663265306122449,0
34.95000000000015,0.03002267805748096,0.0663265306122449,0
35.00000000000015,0.029602760931328187,0.07142857142857142,0
35.050000000000146,0.017081087540566846,0.0663265306122449,0
35.10000000000014,0.010379196677585077,0.11224489795918366,0
35.15000000000014,0.009275890141541631,0.0663265306122449,0
35.20000000000014,0.0499653487972898,0.07142857142857142,0
35.250000000000135,0.025246311853365115,0.0663265306122449,0
35.30000000000013,0.01832536901835033,0.11734693877551018,0
35.35000000000013,0.018339344506455576,0.0663265306122449,0
35.40000000000013,0.03768225792186772,0.0663265306122449,0
35.450000000000124,0.01810988633425303,0.0663265306122449,0
35.50000000000012,0.018449968313757822,0.07142857142857142,0
35.55000000000012,0.01844996831375787,0.0663265306122449,0
35.600000000000115,0.018449968313757815,0.12244897959183672,0
35.65000000000011,0.018449968313757815,0.0663265306122449,0
35.70000000000011,0.018352514525918292,0.11734693877551018,0
35.75000000000011,0.008909271513472468,0.0663265306122449,0
35.800000000000104,0.041996832008311516,0.0663265306122449,0
35.8500000000001,0.011643322967999031,0.0663265306122449,0
35.9000000000001,0.018043691154474503,0.07653061224489796,0
35.950000000000095,0.018043691154474472,0.07142857142857142,0
36.00000000000009,0.10281990654292422,0.13775510204081629,0
36.05000000000009,0.10284310629916911,0.1938775510204081,0
36.10000000000009,0.09854490766722983,0.13775510204081629,0
36.150000000000084,0.09782667494833013,0.22448979591836732,0
36.20000000000008,0.09188254701397751,0.14285714285714285,0
36.25000000000008,0.11064547842468143,0.09693877551020409,0
36.300000000000075,0.12203267397063805,0.13775510204081629,0
36.35000000000007,0.11995936101204747,0.09693877551020409,0
36.40000000000007,0.12234964825606942,0.13265306122448978,0
36.45000000000007,0.09354222844495978,0.17857142857142852,0
36.500000000000064,0.08470861992870814,0.09183673469387754,0
36.55000000000006,0.08323472791617632,0.08673469387755103,0
36.60000000000006,0.04027144847276307,0.13265306122448978,0
36.650000000000055,0.01875045463173241,0.08673469387755103,0
36.70000000000005,0.01875045463173241,0.08673469387755103,0
36.75000000000005,0.01871567083555799,0.08673469387755103,0
36.80000000000005,0.01861863011017796,0.08673469387755103,0
36.850000000000044,0.009237653144747249,0.08673469387755103,0
36.90000000000004,0.027613729306124015,0.08673469387755103,0
36.95000000000004,0.023849621122208862,0.08673469387755103,0
37.000000000000036,0.27735359591614134,0.18877551020408156,0
37.05000000000003,0.27735359591614134,0.16836734693877545,0
37.10000000000003,0.25964321919634675,0.16836734693877545,0
37.15000000000003,0.23884720085402478,0.1581632653061224,0
37.200000000000024,0.22017749890991348,0.1581632653061224,0
37.25000000000002,0.20415973143636193,0.06122448979591836,0
37.30000000000002,0.18821555795610642,0.0510204081632653,0
37.350000000000016,0.16516145167755888,0.1020408163265306,0
37.40000000000001,0.1402281847524892,0.10714285714285712,0
37.45000000000001,0.1111656726920608,0.04591836734693877,0
37.50000000000001,0.10342621175122226,0.10714285714285712,0
37.550000000000004,0.07683134815577028,0.04591836734693877,0
37.6,0.08970140455258077,0.09183673469387754,0
37.65,0.07210169606873855,0.04591836734693877,0
37.699999999999996,0.0739083982730279,0.061224489795918366,0
37.74999999999999,0.5387080771885142,0.04591836734693877,0
37.79999999999999,0.5096183556766138,0.21428571428571425,0
37.84999999999999,0.4773998754377685,0.04591836734693877,0
37.899999999999984,0.44073267484537815,0.05612244897959183,0
37.94999999999998,0.40294825944328466,0.0510204081632653,0
37.99999999999998,0.376602185533141,0.16326530612244894,0
38.049999999999976,0.48337343140377353,0.16326530612244894,0
38.09999999999997,0.45918454187812385,0.21428571428571427,0
38.14999999999997,0.4328596261322047,0.20918367346938777,0
38.19999999999997,0.38552836378072985,0.14795918367346933,0
38.249999999999964,0.40034862264895954,0.09183673469387754,0
38.29999999999996,0.38470746598660505,0.04591836734693877,0
38.34999999999996,0.3881464081904543,0.03571428571428571,0
38.399999999999956,0.4001706607445732,0.09693877551020405,0
38.44999999999995,0.4519426655258355,0.04081632653061224,0
38.49999999999995,0.4482263812896618,0.1020408163265306,0
38.54999999999995,0.46329703796401883,0.09183673469387754,0
38.599999999999945,0.40342616039160956,0.1275510204081632,0
38.64999999999994,0.4290027706291147,0.0510204081632653,0
38.69999999999994,0.4650849245457796,0.04081632653061224,0
38.749999999999936,0.4126839012969513,0.09693877551020405,0
38.79999999999993,0.4283808722883763,0.1020408163265306,0
38.84999999999993,0.42365881424107577,0.09183673469387754,0
38.89999999999993,0.45799660524852637,0.14795918367346933,0
38.949999999999925,0.46112378224239753,0.04081632653061224,0
38.99999999999992,0.3322442379557346,0.03571428571428571,0
39.04999999999992,0.2998849954862639,0.22448979591836735,0
39.099999999999916,0.28290845909870455,0.17857142857142855,0
39.14999999999991,0.27322020465105645,0.16836734693877548,0
39.19999999999991,0.25860275627188045,0.16836734693877548,0
39.24999999999991,0.2559572015887293,0.07653061224489796,0
39.299999999999905,0.2077323482694074,0.08163265306122448,0
39.3499999999999,0.20208096628628908,0.07653061224489796,0
39.3999999999999,0.12412721283321757,0.12244897959183673,0
39.449999999999896,0.03792110452403643,0.08163265306122448,0
39.49999999999989,0.03033589200449838,0.07653061224489796,0
39.54999999999989,0.022528264038701933,0.12244897959183673,0
39.59999999999989,0.2935735563812147,0.07653061224489796,0
39.649999999999885,0.08038258977264096,0.07653061224489796,0
39.69999999999988,0.04796393270629143,0.07653061224489796,0
39.74999999999988,0.047963932706291415,0.07653061224489796,0
39.799999999999876,0.047963932706291415,0.07653061224489796,0
39.84999999999987,0.04639895969483448,0.07653061224489796,0
39.89999999999987,0.023149749018822958,0.07653061224489796,0
39.94999999999987,2.1982415887578092e-16,0.07653061224489796,0
39.999999999999865,0.019011287879855933,0.07653061224489796,0
40.04999999999986,0.04255806783002396,0.07653061224489796,0
40.09999999999986,0.04255806783002409,0.07653061224489796,0
40.14999999999986,0.04255806783002409,0.07653061224489796,0
40.199999999999854,0.04143062922067602,0.07653061224489796,0
40.24999999999985,0.03971484137465066,0.07653061224489796,0
40.29999999999985,0.012210190370226645,0.08163265306122448,0
40.349999999999845,0.024697537650672844,0.07653061224489796,0
40.39999999999984,0.024697537650672938,0.12244897959183673,0
40.44999999999984,0.024697537650672674,0.07653061224489796,0
40.49999999999984,0.024697537650672674,0.07653061224489796,0
40.549999999999834,0.023781994522323407,0.08163265306122448,0
40.59999999999983,0.08434741321961235,0.07653061224489796,0
40.64999999999983,0.021288109452641712,0.12244897959183673,0
40.699999999999825,0.10952550896974675,0.07653061224489796,0
40.74999999999982,0.02241917821704657,0.07653061224489796,0
40.79999999999982,0.017522620559496126,0.07653061224489796,0
40.84999999999982,0.017522620559496126,0.07653061224489796,0
40.899999999999814,0.016685504893727873,0.07653061224489796,0
40.94999999999981,0.004660541551355493,0.07653061224489796,0
40.99999999999981,8.712395884101291e-16,0.08163265306122448,0
41.049999999999805,0.5709022626571886,0.20408163265306117,0
41.0999999999998,0.5574184706104524,0.2397959183673469,0
41.1499999999998,0.5507669299294827,0.28061224489795916,0
41.1999999999998,0.5399082742118781,0.18367346938775508,0
41.249999999999794,0.5370682229612168,0.14285714285714282,0
41.29999999999979,0.5456559184217661,0.09183673469387754,0
41.34999999999979,0.5339516174475264,0.1377551020408163,0
41.399999999999785,0.5653972273465416,0.09183673469387754,0
41.44999999999978,0.5111966550286037,0.09183673469387754,0
41.49999999999978,0.4994225397294938,0.09183673469387754,0
41.54999999999978,0.4852468804271497,0.09183673469387754,0
41.599999999999774,0.4806136039029797,0.09183673469387754,0
41.64999999999977,0.4813625936800528,0.09183673469387754,0
41.69999999999977,0.4740418204927699,0.09183673469387754,0
41.749999999999766,0.4556551589839105,0.09183673469387754,0
41.79999999999976,0.4340564810318664,0.09183673469387754,0
41.84999999999976,0.4490767410522492,0.09183673469387754,0
41.89999999999976,0.43670601936560816,0.09693877551020409,0
41.949999999999754,0.4140587146828481,0.09693877551020409,0
41.99999999999975,0.3922996261369077,0.1377551020408163,0
42.04999999999975,0.37741494862318814,0.1377551020408163,0
42.099999999999746,0.39903654688745144,0.09183673469387754,0
42.14999999999974,0.353920627332778,0.09693877551020409,0
42.19999999999974,0.3360503190200482,0.09693877551020409,0
42.24999999999974,0.31250388769840554,0.1377551020408163,0
42.299999999999734,0.3481360419087881,0.14285714285714282,0
42.34999999999973,0.42957893641486855,0.09693877551020409,0
42.39999999999973,0.30267969886002105,0.1377551020408163,0
42.449999999999726,0.2746525028311567,0.14795918367346936,0
42.49999999999972,0.2459112032512536,0.1020408163265306,0
42.54999999999972,0.24678593216781763,0.18367346938775508,0
42.59999999999972,0.22057733348803507,0.18367346938775508,0
42.649999999999714,0.2099207897589963,0.18367346938775508,0
42.69999999999971,0.22766268124072472,0.09183673469387754,0
42.74999999999971,0.19589576206201506,0.09183673469387754,0
42.799999999999706,0.17147196731807102,0.09693877551020409,0
42.8499999999997,0.1648274242598796,0.09183673469387754,0
42.8999999999997,0.13904706089605504,0.14795918367346936,0
42.9499999999997,0.1054760196696726,0.1020408163265306,0
42.999999999999694,0.10572719181060819,0.18367346938775508,0
43.04999999999969,0.6859140254254549,0.19897959183673466,0
43.09999999999969,0.7099733899086498,0.20408163265306117,0
43.149999999999686,0.6700449706473082,0.14795918367346936,0
43.19999999999968,0.6415847656207155,0.19897959183673466,0
43.24999999999968,0.6556817811231743,0.1020408163265306,0
43.29999999999968,0.6482591828930762,0.14795918367346936,0
43.349999999999675,0.6429077280807726,0.1020408163265306,0
43.39999999999967,0.6681448275397088,0.10714285714285714,0
43.44999999999967,0.6707939667424012,0.10714285714285714,0
43.499999999999666,0.8027121604728439,0.1530612244897959,0
43.54999999999966,0.5948753997285623,0.14795918367346936,0
43.59999999999966,0.5949053808618344,0.14795918367346936,0
43.64999999999966,0.5851455851286166,0.1020408163265306,0
43.699999999999655,0.5783190709055892,0.10714285714285714,0
43.74999999999965,0.5712326182720485,0.10714285714285712,0
43.79999999999965,0.6272852753448189,0.14795918367346936,0
43.849999999999646,0.5736396950846744,0.1020408163265306,0
43.89999999999964,0.5515611795783802,0.1020408163265306,0
43.94999999999964,0.536835661630111,0.1020408163265306,0
43.99999999999964,0.5245815344011898,0.1020408163265306,0
44.049999999999635,0.7952842606674283,0.18367346938775506,0
44.09999999999963,0.7905634587367484,0.18367346938775506,0
44.14999999999963,0.786045574590368,0.2091836734693877,0
44.199999999999626,0.7835197900950635,0.17346938775510198,0
44.24999999999962,0.774858238402535,0.24489795918367346,0
44.29999999999962,0.7679178476408729,0.0663265306122449,0
44.34999999999962,0.7607372726298547,0.22959183673469388,0
44.399999999999615,0.7528964689125316,0.11734693877551018,0
44.44999999999961,0.7456399730314941,0.0663265306122449,0
44.49999999999961,0.7383576613519887,0.0663265306122449,0
44.549999999999606,0.7294400540862763,0.12244897959183672,0
44.5999999999996,0.721107394924946,0.11734693877551018,0
44.6499999999996,0.7123079862172447,0.12244897959183672,0
44.6999999999996,0.7025563645888065,0.061224489795918366,0
44.749999999999595,0.6927896765487707,0.11734693877551018,0
44.79999999999959,0.681645380029589,0.061224489795918366,0
44.84999999999959,0.6702694421810305,0.07142857142857142,0
44.89999999999959,0.659287757052965,0.07142857142857142,0
44.949999999999584,0.648189353558751,0.12244897959183672,0
44.99999999999958,0.6326336189975803,0.17346938775510198,0
45.04999999999958,0.6067224584161449,0.19387755102040813,0
45.099999999999575,0.5961975579999994,0.14285714285714282,0
45.14999999999957,0.5854418051013482,0.1377551020408163,0
45.19999999999957,0.5729067430489048,0.1377551020408163,0
45.24999999999957,0.5570285375472201,0.08673469387755103,0
45.299999999999564,0.5441277220982166,0.08673469387755103,0
45.34999999999956,0.5182817455928423,0.08673469387755103,0
45.39999999999956,0.5009135376325182,0.08673469387755103,0
45.449999999999555,0.48097344352537924,0.08673469387755103,0
45.49999999999955,0.4556389503375473,0.08673469387755103,0
45.54999999999955,0.43693114663101323,0.08673469387755103,0
45.59999999999955,0.40837216108322405,0.08673469387755103,0
45.649999999999544,0.380850705914906,0.08673469387755103,0
45.69999999999954,0.3508668330445015,0.08673469387755103,0
45.74999999999954,0.3187512659930603,0.09693877551020409,0
45.799999999999535,0.2989176564372452,0.09183673469387754,0
45.84999999999953,0.3084038125623139,0.17857142857142855,0
45.89999999999953,0.3024841120269262,0.1377551020408163,0
45.94999999999953,0.22599178176127516,0.09693877551020409,0
45.999999999999524,0.16630115721519967,0.08673469387755103,0
46.04999999999952,0.6454519996560476,0.2346938775510204,0
46.09999999999952,0.6487548962076948,0.12244897959183672,0
46.149999999999515,0.6441856350477735,0.11734693877551018,0
46.19999999999951,0.6403950059172397,0.11734693877551018,0
46.24999999999951,0.6299647920098527,0.06632653061224489,0
46.29999999999951,0.6478386062028691,0.061224489795918366,0
46.349999999999504,0.6239324629229144,0.11734693877551018,0
46.3999999999995,0.6021760598341263,0.06632653061224489,0
46.4499999999995,0.5911027088126793,0.061224489795918366,0
46.499999999999496,0.5771122397416748,0.11734693877551018,0
46.54999999999949,0.5633048353010666,0.07142857142857142,0
46.59999999999949,0.5711873048032935,0.061224489795918366,0
46.64999999999949,0.5529000280408495,0.13775510204081629,0
46.699999999999484,0.5307237217688321,0.061224489795918366,0
46.74999999999948,0.5043799411457391,0.2908163265306122,0
46.79999999999948,0.49057915095312693,0.06632653061224489,0
46.849999999999476,0.46803767695236725,0.11734693877551018,0
46.89999999999947,0.45304117157674845,0.11734693877551018,0
46.94999999999947,0.4247595096334124,0.07142857142857142,0
46.99999999999947,0.45036334456875987,0.061224489795918366,0
47.049999999999464,0.38951574698472563,0.17346938775510198,0
47.09999999999946,0.3651062885911145,0.061224489795918366,0
47.14999999999946,0.3436646842487789,0.061224489795918366,0
47.199999999999456,0.30891584397555444,0.061224489795918366,0
47.24999999999945,0.27094718970219106,0.061224489795918366,0
47.29999999999945,0.22872036959409528,0.06632653061224489,0
47.34999999999945,0.19256911742408703,0.061224489795918366,0
47.399999999999444,0.14495219520463268,0.11734693877551018,0
47.44999999999944,0.18617238265342378,0.061224489795918366,0
47.49999999999944,0.1888913758739858,0.061224489795918366,0
47.549999999999436,0.11906668806433297,0.061224489795918366,0
47.59999999999943,0.04996459598770597,0.07653061224489796,0
47.64999999999943,0.007518568629991197,0.06632653061224489,0
47.69999999999943,0.018787087048317604,0.17346938775510198,0
47.749999999999424,0.028075323285434047,0.11734693877551018,0
47.79999999999942,0.18180569150654632,0.061224489795918366,0
47.84999999999942,0.2585047436264577,0.061224489795918366,0
47.899999999999416,0.23710734104078438,0.061224489795918366,0
47.94999999999941,0.1844842282349437,0.061224489795918366,0
47.99999999999941,0.11956086229510282,0.07142857142857142,0
48.04999999999941,0.6187693367717086,0.09183673469387753,0
48.099999999999405,0.5920753332283546,0.21428571428571427,0
48.1499999999994,0.5788671335598903,0.08673469387755099,0
48.1999999999994,0.5687266692660031,0.08673469387755099,0
48.249999999999396,0.5495608065607263,0.030612244897959186,0
48.29999999999939,0.5335232118342321,0.025510204081632654,0
48.34999999999939,0.5387475400169451,0.025510204081632654,0
48.39999999999939,0.5186985318782125,0.025510204081632654,0
48.449999999999385,0.49929151180624676,0.025510204081632654,0
48.49999999999938,0.47814456115402526,0.03571428571428571,0
48.54999999999938,0.4616672718297915,0.025510204081632654,0
48.599999999999376,0.4363418352180448,0.030612244897959186,0
48.64999999999937,0.4056766362612853,0.03571428571428571,0
48.69999999999937,0.39710165407706155,0.08673469387755099,0
48.74999999999937,0.37501680839924434,0.030612244897959186,0
48.799999999999365,0.3219545501669215,0.025510204081632654,0
48.84999999999936,0.2522598395175155,0.08673469387755099,0
48.89999999999936,0.21421289082037206,0.025510204081632654,0
48.949999999999356,0.16661018745181705,0.025510204081632654,0
48.99999999999935,0.09475793992709376,0.025510204081632654,0
49.04999999999935,0.15772614282413822,0.1581632653061224,0
49.09999999999935,0.10874364495101678,0.1530612244897959,0
49.149999999999345,0.12429571262176652,0.14795918367346933,0
49.19999999999934,0.1589350531891134,0.10204081632653059,0
49.24999999999934,0.1589350531891134,0.04591836734693877,0
49.299999999999336,0.1480217426803791,0.09183673469387753,0
49.34999999999933,0.11040865712706291,0.04591836734693877,0
49.39999999999933,0.09623450080468253,0.0510204081632653,0
49.44999999999933,0.06010791977136431,0.04591836734693877,0
49.499999999999325,0.09053921861105364,0.10204081632653059,0
49.54999999999932,0.09053921861105398,0.04591836734693877,0
49.59999999999932,0.09053921861105398,0.09693877551020405,0
49.64999999999932,0.09085475951601299,0.04591836734693877,0
49.699999999999314,0.08886614761776979,0.04591836734693877,0
49.74999999999931,0.06562189407452684,0.04591836734693877,0
49.79999999999931,0.09385695120726563,0.04591836734693877,0
49.849999999999305,0.09385695120726549,0.04591836734693877,0
49.8999999999993,0.21127697719638402,0.05612244897959183,0
49.9499999999993,0.2377130973566688,0.04591836734693877,0
49.9999999999993,0.23596482294628837,0.14795918367346933,0
50.049999999999294,0.2095921243590112,0.09183673469387753,0
50.09999999999929,0.18447444397300974,0.09693877551020405,0
50.14999999999929,0.12643373339885167,0.08673469387755099,0
50.199999999999285,0.10271280793090237,0.13775510204081629,0
50.24999999999928,0.10991131279206312,0.04081632653061224,0
50.29999999999928,0.39089160934470524,0.03571428571428571,0
50.34999999999928,0.39103728500877954,0.14285714285714282,0
50.399999999999274,0.3848766020769266,0.030612244897959183,0
50.44999999999927,0.3723670938367969,0.030612244897959183,0
50.49999999999927,0.35635163244087936,0.03571428571428571,0
50.549999999999265,0.3321000824738118,0.04081632653061224,0
50.59999999999926,0.3060391316807081,0.08673469387755099,0
50.64999999999926,0.2737207808363355,0.04081632653061224,0
50.69999999999926,0.2517927490493152,0.030612244897959183,0
50.749999999999254,0.21671720932447197,0.14285714285714282,0
50.79999999999925,0.17301734616123776,0.030612244897959183,0
50.84999999999925,0.15028538379410616,0.030612244897959183,0
50.899999999999245,0.11651321676695144,0.030612244897959183,0
50.94999999999924,0.09633828821574143,0.030612244897959183,0
50.99999999999924,0.09399337521074362,0.030612244897959183,0
51.04999999999924,0.08907295825838334,0.030612244897959183,0
51.099999999999234,0.0747188587648078,0.030612244897959183,0
51.14999999999923,0.0573780301400787,0.03571428571428571,0
51.19999999999923,0.042839473699187176,0.030612244897959183,0
51.249999999999226,0.026556861336916714,0.08673469387755099,0
51.29999999999922,0.011242070795565525,0.030612244897959183,0
51.34999999999922,0.011067541507191931,0.030612244897959183,0
51.39999999999922,0.010940066056295909,0.030612244897959183,0
51.449999999999214,0.007167804971420408,0.03571428571428571,0
51.49999999999921,0.012436592508552204,0.030612244897959183,0
51.54999999999921,0.008673650120919842,0.08673469387755099,0
51.599999999999206,0.037333173877514975,0.03571428571428571,0
51.6499999999992,0.06810400441101597,0.030612244897959183,0
51.6999999999992,0.07126809452452743,0.03571428571428571,0
51.7499999999992,0.05889437973869304,0.030612244897959183,0
51.799999999999194,0.02900957364954222,0.08673469387755099,0
51.84999999999919,0.039859262786665954,0.030612244897959183,0
51.89999999999919,0.010076514395523432,0.030612244897959183,0
51.949999999999186,0.010076514395523472,0.030612244897959183,0
51.99999999999918,0.010076514395523472,0.030612244897959183,0
52.04999999999918,0.010279881232141314,0.04081632653061224,0
52.09999999999918,0.015059100337916142,0.030612244897959183,0
52.149999999999174,0.0032339116381030564,0.14285714285714282,0
52.19999999999917,0.042868676125673515,0.030612244897959183,0
52.24999999999917,0.01498868522086187,0.030612244897959183,0
52.299999999999166,0.03679475955832663,0.030612244897959183,0
52.34999999999916,0.07026693081269504,0.030612244897959183,0
52.39999999999916,0.07419865064154454,0.030612244897959183,0
52.44999999999916,0.04893266088872852,0.030612244897959183,0
52.499999999999154,0.024955041111518902,0.030612244897959183,0
52.54999999999915,0.014397189373917946,0.03571428571428571,0
52.59999999999915,0.00746871068134444,0.030612244897959183,0
52.649999999999146,0.01439718937391799,0.09183673469387753,0
52.69999999999914,0.01439718937391799,0.030612244897959183,0
52.74999999999914,0.014640377888318117,0.08673469387755099,0
52.79999999999914,0.04282218223095879,0.030612244897959183,0
52.849999999999135,0.03454931534340773,0.030612244897959183,0
52.89999999999913,0.021437779888576872,0.03571428571428571,0
52.94999999999913,0.03223484046482848,0.030612244897959183,0
52.999999999999126,0.07824984782345042,0.04081632653061224,0
53.04999999999912,0.14034497472984003,0.1020408163265306,0
53.09999999999912,0.12390133920166951,0.16326530612244894,0
53.14999999999912,0.11174128160304371,0.09693877551020405,0
53.199999999999115,0.09989677126702519,0.1989795918367347,0
53.24999999999911,0.11654036112619019,0.04591836734693877,0
53.29999999999911,0.08321312273188251,0.04591836734693877,0
53.349999999999106,0.07228514693036622,0.0510204081632653,0
53.3999999999991,0.056180002032075724,0.0510204081632653,0
53.4499999999991,0.06891555548674051,0.09693877551020405,0
53.4999999999991,0.0546524231659273,0.0510204081632653,0
53.549999999999095,0.06462237684458891,0.0510204081632653,0
53.59999999999909,0.02087037520955858,0.09693877551020405,0
53.64999999999909,0.06973353957125546,0.1020408163265306,0
53.699999999999086,0.0739616756321902,0.04591836734693877,0
53.74999999999908,0.08317491791381666,0.09693877551020405,0
53.79999999999908,0.07694343348244718,0.04591836734693877,0
53.84999999999908,0.06030725604328524,0.04591836734693877,0
53.899999999999075,0.04224887704842543,0.04591836734693877,0
53.94999999999907,0.018696682583265033,0.04591836734693877,0
53.99999999999907,0.00853313776645992,0.0510204081632653,0
54.049999999999066,0.5718797521295703,0.1581632653061224,0
54.09999999999906,0.5718797521295703,0.20918367346938777,0
54.14999999999906,0.5667010695433893,0.24999999999999994,0
54.19999999999906,0.5628720091974586,0.13775510204081629,0
54.249999999999055,0.5618689308513098,0.02551020408163265,0
54.29999999999905,0.5472379406978745,0.015306122448979591,0
54.34999999999905,0.5392400610340445,0.14285714285714282,0
54.39999999999905,0.5303998703930796,0.015306122448979591,0
54.449999999999044,0.5214137850187105,0.07653061224489795,0
54.49999999999904,0.5165282023986627,0.015306122448979591,0
54.54999999999904,0.5081626694148027,0.015306122448979591,0
54.599999999999035,0.4969449008502559,0.02040816326530612,0
54.64999999999903,0.4900613778633134,0.02040816326530612,0
54.69999999999903,0.48440085406966177,0.08673469387755099,0
54.74999999999903,0.46974634142476485,0.03061224489795918,0
54.799999999999024,0.45716714451512785,0.13775510204081629,0
54.84999999999902,0.4517167254929128,0.08673469387755099,0
54.89999999999902,0.4483422027722628,0.02040816326530612,0
54.949999999999015,0.44949070391600926,0.13775510204081629,0
54.99999999999901,0.433416150728705,0.07653061224489795,0
55.04999999999901,0.4207802525225576,0.02551020408163265,0
55.09999999999901,0.401782374597861,0.015306122448979591,0
55.149999999999004,0.38416970283400664,0.13775510204081629,0
55.199999999999,0.3801995510260238,0.015306122448979591,0
55.249999999999,0.377347589403798,0.015306122448979591,0
55.299999999998995,0.3557932576151216,0.02040816326530612,0
55.34999999999899,0.34772592829869486,0.015306122448979591,0
55.39999999999899,0.3174936562019861,0.08163265306122447,0
55.44999999999899,0.31201641081071,0.02040816326530612,0
55.499999999998984,0.29861185208823654,0.07653061224489795,0
55.54999999999898,0.2852853975548096,0.08163265306122447,0
55.59999999999898,0.27246008826007795,0.015306122448979591,0
55.649999999998975,0.2576808291510926,0.07142857142857141,0
55.69999999999897,0.25650383018641826,0.015306122448979591,0
55.74999999999897,0.23558113553750795,0.02040816326530612,0
55.79999999999897,0.22148652514289047,0.015306122448979591,0
55.849999999998964,0.20699607314044544,0.07142857142857141,0
55.89999999999896,0.19932670275612824,0.015306122448979591,0
55.94999999999896,0.2096862106678985,0.02040816326530612,0
55.999999999998956,0.20073333022767262,0.015306122448979591,0
56.04999999999895,0.21089192339134893,0.03571428571428571,0
56.09999999999895,0.18374697982477065,0.08673469387755099,0
56.14999999999895,0.18055597603460946,0.08673469387755099,0
56.199999999998944,0.1842594857089825,0.08163265306122447,0
56.24999999999894,0.16968738293360522,0.08673469387755099,0
56.29999999999894,0.14253471525403819,0.02551020408163265,0
56.349999999998936,0.12546384459999238,0.07653061224489795,0
56.39999999999893,0.12610036582143405,0.02551020408163265,0
56.44999999999893,0.09649635358060102,0.03571428571428571,0
56.49999999999893,0.0816978349720091,0.030612244897959183,0
56.549999999998924,0.08506472356254535,0.13775510204081629,0
56.59999999999892,0.08283281676001134,0.08163265306122447,0
56.64999999999892,0.06660241617776252,0.030612244897959183,0
56.699999999998916,0.052309383367695694,0.02551020408163265,0
56.74999999999891,0.06549532220670322,0.08163265306122447,0
56.79999999999891,0.042478383577042624,0.030612244897959183,0
56.84999999999891,0.023072986058966436,0.02551020408163265,0
56.899999999998904,0.010194593276921947,0.08163265306122447,0
56.9499999999989,0.03012963742963629,0.02551020408163265,0
56.9999999999989,0.02045845162233573,0.030612244897959183,0
57.049999999998896,0.002228036487323199,0.030612244897959183,0
57.09999999999889,0.01766481173038272,0.08163265306122447,0
57.14999999999889,0.009551673682024022,0.08163265306122447,0
57.19999999999889,0.04061725713428532,0.02551020408163265,0
57.249999999998884,0.07339999785912742,0.030612244897959183,0
57.29999999999888,0.052611318102447825,0.02551020408163265,0
57.34999999999888,0.038054648173227866,0.08163265306122447,0
57.399999999998876,0.017899662217498072,0.02551020408163265,0
57.44999999999887,0.02618616189504741,0.02551020408163265,0
57.49999999999887,0.07611193215538405,0.04081632653061224,0
57.54999999999887,0.0870618398636679,0.030612244897959183,0
57.599999999998865,0.08926593670389218,0.08163265306122447,0
57.64999999999886,0.077482307877004,0.08673469387755099,0
57.69999999999886,0.06290062139169943,0.02551020408163265,0
57.749999999998856,0.03785401522595512,0.08673469387755099,0
57.79999999999885,0.07030830667773635,0.02551020408163265,0
57.84999999999885,0.03621513622628143,0.030612244897959183,0
57.89999999999885,0.023895570239228,0.02551020408163265,0
57.949999999998845,0.01972261637819918,0.08673469387755099,0
57.99999999999884,0.019737606481398693,0.02551020408163265,0
58.04999999999884,0.41237599104542155,0.20408163265306123,0
58.099999999998836,0.3982714133884829,0.08163265306122447,0
58.14999999999883,0.3977706817444097,0.13265306122448975,0
58.19999999999883,0.3831385919098193,0.13775510204081629,0
58.24999999999883,0.37847742324248335,0.01020408163265306,0
58.299999999998825,0.3714756538992713,0.07653061224489795,0
58.34999999999882,0.3546327132772758,0.01020408163265306,0
58.39999999999882,0.3334355964308791,0.06632653061224487,0
58.449999999998816,0.3138065021368013,0.02040816326530612,0
58.49999999999881,0.3008321405221007,0.015306122448979591,0
58.54999999999881,0.2837351374672646,0.13265306122448975,0
58.59999999999881,0.2662857424725719,0.07653061224489795,0
58.649999999998805,0.2492116557766519,0.015306122448979591,0
58.6999999999988,0.2295411507036357,0.061224489795918345,0
58.7499999999988,0.20998572460501005,0.07653061224489795,0
58.799999999998796,0.18213966852343316,0.01020408163265306,0
58.84999999999879,0.18997952503660226,0.07653061224489795,0
58.89999999999879,0.17018755381955766,0.02040816326530612,0
58.94999999999879,0.1572751159578487,0.08163265306122447,0
58.999999999998785,0.14807262023269976,0.13265306122448975,0
59.04999999999878,0.19397843639885545,0.22959183673469388,0
59.09999999999878,0.18157706701822832,0.17346938775510198,0
59.149999999998776,0.16832145599822004,0.20918367346938774,0
59.199999999998774,0.16720109949199136,0.16836734693877545,0
59.24999999999877,0.16555456589664558,0.06632653061224489,0
59.29999999999877,0.15304970902559215,0.11224489795918366,0
59.349999999998765,0.12906999893483692,0.11734693877551017,0
59.39999999999876,0.13217098381913314,0.061224489795918366,0
59.44999999999876,0.1282842398916283,0.11224489795918366,0
59.49999999999876,0.08942730487144997,0.06632653061224489,0
59.549999999998754,0.07155884571900321,0.06632653061224489,0
59.59999999999875,0.045711023869193276,0.11224489795918366,0
59.64999999999875,0.025456208171120875,0.11224489795918366,0
59.699999999998745,0.016802616003144116,0.061224489795918366,0
59.74999999999874,0.016890651066544936,0.061224489795918366,0
59.79999999999874,0.0408251834323584,0.061224489795918366,0
59.84999999999874,0.03479103670260814,0.061224489795918366,0
59.899999999998734,0.02916094288893351,0.061224489795918366,0
59.94999999999873,0.021930877747281,0.06632653061224489,0
59.99999999999873,0.01778306390509677,0.06632653061224489,0
60.049999999998725,0.01778306390509677,0.11224489795918366,0
60.09999999999872,0.01818615400408196,0.11224489795918366,0
60.14999999999872,0.04203207012422991,0.061224489795918366,0
60.19999999999872,0.07299647892384302,0.06632653061224489,0
60.249999999998714,0.051134175431987214,0.061224489795918366,0
60.29999999999871,0.03852195493471588,0.11224489795918366,0
60.34999999999871,0.028828043270431893,0.061224489795918366,0
60.399999999998705,0.018325369018350322,0.061224489795918366,0
60.4499999999987,0.018390832475261822,0.061224489795918366,0
60.4999999999987,0.008929878860955707,0.061224489795918366,0
60.5499999999987,0.04236988673620216,0.06632653061224489,0
60.599999999998694,0.018449968313757822,0.061224489795918366,0
60.64999999999869,0.02733410604484025,0.11734693877551017,0
60.69999999999869,0.018449968313757815,0.061224489795918366,0
60.749999999998685,0.018449968313757815,0.11224489795918366,0
60.79999999999868,0.018412618593456245,0.061224489795918366,0
60.84999999999868,0.033626952917662184,0.061224489795918366,0
60.89999999999868,0.013147063630077234,0.061224489795918366,0
60.949999999998674,0.018043691154474503,0.061224489795918366,0
60.99999999999867,0.018043691154474472,0.07142857142857142,0
61.04999999999867,0.29398301094542245,0.16326530612244894,0
61.099999999998666,0.29398301094542245,0.2653061224489795,0
61.14999999999866,0.2746047538023319,0.1530612244897959,0
61.19999999999866,0.2670291416142423,0.1530612244897959,0
61.24999999999866,0.2385431540801206,0.05612244897959183,0
61.299999999998654,0.22447483347279285,0.0510204081632653,0
61.34999999999865,0.20824033118784593,0.1020408163265306,0
61.39999999999865,0.17732770817206148,0.0510204081632653,0
61.449999999998646,0.15223990650305588,0.09693877551020405,0
61.49999999999864,0.1282738160401668,0.0510204081632653,0
61.54999999999864,0.11817694470534305,0.0510204081632653,0
61.59999999999864,0.09224843460554685,0.05612244897959183,0
61.649999999998634,0.12099331967618311,0.0510204081632653,0
61.69999999999863,0.09314271796805751,0.1020408163265306,0
61.74999999999863,0.11052959550037542,0.0510204081632653,0
61.799999999998626,0.12432382858090603,0.0510204081632653,0
61.84999999999862,0.11125370688953276,0.0510204081632653,0
61.89999999999862,0.09657126283074192,0.05612244897959183,0
61.94999999999862,0.0704048923769649,0.05612244897959183,0
61.999999999998614,0.05133807012276396,0.1020408163265306,0
62.04999999999861,0.0395664300861964,0.1020408163265306,0
62.09999999999861,0.044749150346746785,0.0510204081632653,0
62.149999999998606,0.0681645578132983,0.0510204081632653,0
62.1999999999986,0.0646315465284349,0.0510204081632653,0
62.2499999999986,0.04143258839326237,0.05612244897959183,0
62.2999999999986,0.028692833285571484,0.0510204081632653,0
62.349999999998595,0.030927405819660875,0.11224489795918366,0
62.39999999999859,0.016777528832183104,0.05612244897959183,0
62.44999999999859,0.052238383039732585,0.1530612244897959,0
62.499999999998586,0.08421168403013277,0.1020408163265306,0
62.54999999999858,0.09787481722929336,0.05612244897959183,0
62.59999999999858,0.0934483371247672,0.0510204081632653,0
62.64999999999858,0.08514308787793773,0.1020408163265306,0
62.699999999998575,0.047441866189180865,0.0510204081632653,0
62.74999999999857,0.06819927164863365,0.1020408163265306,0
62.79999999999857,0.04671223876275239,0.0510204081632653,0
62.849999999998566,0.5396798154825923,0.0510204081632653,0
62.89999999999856,0.5105722402528747,0.0510204081632653,0
62.94999999999856,0.4795685591816929,0.0510204081632653,0
62.99999999999856,0.4420545787251706,0.0510204081632653,0
63.049999999998555,0.3899379099353554,0.12755102040816324,0
63.09999999999855,0.3742978942285202,0.12755102040816324,0
63.14999999999855,0.3598473088684954,0.16836734693877548,0
63.199999999998546,0.343719581417463,0.12755102040816327,0
63.24999999999854,0.3358493678979698,0.11734693877551018,0
63.29999999999854,0.34586957203948365,0.11224489795918366,0
63.34999999999854,0.32180389549135735,0.07653061224489796,0
63.399999999998535,0.3369517896652243,0.11734693877551018,0
63.44999999999853,0.36076916260128294,0.07142857142857142,0
63.49999999999853,0.35202129719265485,0.07653061224489796,0
63.549999999998526,0.37033777055306216,0.07142857142857142,0
63.59999999999852,0.39651605543654533,0.12244897959183672,0
63.64999999999852,0.39378101123122927,0.07142857142857142,0
63.69999999999852,0.35892722214796,0.07653061224489796,0
63.749999999998515,0.3009496564712035,0.07142857142857142,0
63.79999999999851,0.2946192447254061,0.11734693877551018,0
63.84999999999851,0.33395866587636774,0.07653061224489796,0
63.899999999998506,0.3716554696087959,0.07142857142857142,0
63.949999999998504,0.39474064056763597,0.12244897959183672,0
63.9999999999985,0.2551810967206094,0.07142857142857142,0
64.0499999999985,0.2929351551324506,0.21938775510204084,0
64.0999999999985,0.27363774808076535,0.16326530612244894,0
64.1499999999985,0.250807308467159,0.15306122448979592,0
64.1999999999985,0.2159292673501842,0.15306122448979592,0
64.2499999999985,0.23163151972393473,0.04081632653061224,0
64.29999999999849,0.23836861129725756,0.04081632653061224,0
64.34999999999849,0.23864568362784921,0.04081632653061224,0
64.39999999999849,0.22812674861117144,0.04081632653061224,0
64.44999999999848,0.21618452278706438,0.04591836734693877,0
64.49999999999848,0.1783930953264547,0.04081632653061224,0
64.54999999999848,0.1253867353297623,0.04591836734693877,0
64.59999999999847,0.1233816810404673,0.04081632653061224,0
64.64999999999847,0.12137114542387997,0.09183673469387754,0
64.69999999999847,0.1186552067470755,0.04081632653061224,0
64.74999999999847,0.08755851562256602,0.04081632653061224,0
64.79999999999846,0.08452740986476469,0.04081632653061224,0
64.84999999999846,0.06641728985234285,0.04081632653061224,0
64.89999999999846,0.05053756749263915,0.04591836734693877,0
64.94999999999845,0.049506879354448086,0.04081632653061224,0
64.99999999999845,0.047734055842261966,0.1020408163265306,0
65.04999999999845,0.18876209011766584,0.04591836734693877,0
65.09999999999845,0.06976630400067133,0.09693877551020406,0
65.14999999999844,0.16669247901449796,0.09183673469387754,0
65.19999999999844,0.1328367074579463,0.04081632653061224,0
65.24999999999844,0.10021258914657731,0.04591836734693877,0
65.29999999999843,0.07798049828248038,0.04591836734693877,0
65.34999999999843,0.0395763231728587,0.09693877551020406,0
65.39999999999843,0.24825009349305752,0.09693877551020406,0
65.44999999999843,0.1785276231515735,0.04591836734693877,0
65.49999999999842,0.06218785950213496,0.04081632653061224,0
65.54999999999842,0.028075323285433742,0.09693877551020406,0
65.59999999999842,0.028075323285433742,0.04591836734693877,0
65.64999999999841,0.02746658808855165,0.04081632653061224,0
65.69999999999841,0.026166185927302413,0.10714285714285712,0
65.74999999999841,0.08653338079811984,0.04081632653061224,0
65.7999999999984,0.020553967040695124,0.15306122448979592,0
65.8499999999984,0.1222844024450501,0.04081632653061224,0
65.8999999999984,0.02455572115867452,0.04081632653061224,0
65.9499999999984,0.02055396704069524,0.04591836734693877,0
65.9999999999984,0.01964859152357061,0.04081632653061224,0
66.04999999999839,0.005555693531095532,0.09693877551020406,0
66.09999999999839,0.09844069415662468,0.04591836734693877,0
66.14999999999839,0.01675314315213186,0.04081632653061224,0
66.19999999999838,0.016753143152131954,0.09693877551020406,0
66.24999999999838,0.11547567305382062,0.0510204081632653,0
66.29999999999838,0.11547567305382062,0.04081632653061224,0
66.34999999999837,0.07657027865889819,0.15306122448979592,0
66.39999999999837,0.06520631190301464,0.0510204081632653,0
66.44999999999837,0.021426783911359288,0.04591836734693877,0
66.49999999999837,0.010262518641773842,0.1020408163265306,0
66.54999999999836,0.02185281887811702,0.1020408163265306,0
66.59999999999836,0.1292003266025518,0.09693877551020406,0
66.64999999999836,0.13817180990024247,0.09693877551020406,0
66.69999999999835,0.1306984755876849,0.0510204081632653,0
66.74999999999835,0.0875145867708098,0.04081632653061224,0
66.79999999999835,0.05083998799549889,0.15306122448979592,0
66.84999999999835,0.11433082893555516,0.04081632653061224,0
66.89999999999834,0.02856547029060521,0.04081632653061224,0
66.94999999999834,0.028565470290604262,0.04081632653061224,0
66.99999999999834,0.028565470290604262,0.04081632653061224,0
67.04999999999833,0.030427906706617647,0.04081632653061224,0
67.09999999999833,0.019694630114016613,0.04081632653061224,0
67.14999999999833,0.016587077206638517,0.04081632653061224,0
67.19999999999833,0.02513798553549564,0.0510204081632653,0
67.24999999999832,0.04241088011797563,0.04081632653061224,0
67.29999999999832,0.12595990560212633,0.16326530612244894,0
67.34999999999832,0.13382379040440787,0.04081632653061224,0
67.39999999999831,0.11944473543827888,0.14795918367346936,0
67.44999999999831,0.11243004245729157,0.04081632653061224,0
67.49999999999831,0.0887143512467431,0.1020408163265306,0
67.5499999999983,0.14242046359871036,0.04081632653061224,0
67.5999999999983,0.108660020193512,0.09693877551020406,0
67.6499999999983,0.12592460252326854,0.04591836734693877,0
67.6999999999983,0.12085981398943474,0.04081632653061224,0
67.7499999999983,0.10386436917934058,0.09693877551020406,0
67.79999999999829,0.06331633087119108,0.04081632653061224,0
67.84999999999829,0.0400668179033775,0.04591836734693877,0
67.89999999999829,0.06998146354516861,0.04591836734693877,0
67.94999999999828,0.06998146354516858,0.09693877551020406,0
67.99999999999828,0.06998146354516863,0.10714285714285712,0
68.04999999999828,0.15783366972931162,0.11224489795918366,0
68.09999999999827,0.15783366972931162,0.11224489795918366,0
68.14999999999827,0.08333333333333351,0.11224489795918366,0
68.19999999999827,0.08333333333333351,0.11224489795918366,0
68.24999999999827,0.08333333333333337,0.11224489795918366,1
68.29999999999826,0.08333329940985086,0.11224489795918366,1
68.34999999999826,0.08333329940985086,0.11224489795918366,1
68.39999999999826,0.08333329940985086,0.11224489795918366,1
68.44999999999825,0.0833330598334018,0.11224489795918366,1
68.49999999999825,0.0833330598334018,0.11224489795918366,1
68.54999999999825,0.08333306194540253,0.15816326530612249,0
68.59999999999825,0.08333306194540253,0.15816326530612249,0
68.64999999999824,0.9999999999999275,0.6173469387755103,0
68.69999999999824,0.9999999999999606,0.6173469387755103,0
68.74999999999824,0.9999999999999606,0.5714285714285714,0
68.79999999999824,0.9999999999999204,0.5714285714285714,0
68.84999999999823,0.9999999999998735,0.10714285714285712,0
68.89999999999823,0.08489638366054497,0.10714285714285712,0
68.94999999999823,0.12967246474445385,0.05612244897959183,0
68.99999999999822,0.16559581764556916,0.06122448979591836,0
69.04999999999822,0.9999999999993975,0.05612244897959183,0
69.09999999999822,0.9999999999999308,0.10714285714285712,0
69.14999999999822,0.29230717600212075,0.05612244897959183,0
69.19999999999821,0.26441823356411553,0.05612244897959183,0
69.24999999999821,0.9999999999998975,0.05612244897959183,0
69.2999999999982,0.9999999999999343,0.05612244897959183,0
69.3499999999982,0.14804286609255912,0.05612244897959183,0
69.3999999999982,0.09927990895647,0.05612244897959183,0
69.4499999999982,0.9999999999998388,0.05612244897959183,0
69.4999999999982,0.9999997581113163,0.05612244897959183,0
69.54999999999819,0.9999994959950754,0.05612244897959183,0
69.59999999999819,0.99999999999997,0.05612244897959183,0
69.64999999999819,0.9999999999998925,0.05612244897959183,0
69.69999999999818,0.11369113480126583,0.05612244897959183,0
69.74999999999818,0.9999999999992041,0.05612244897959183,0
69.79999999999818,0.9999999999992041,0.06122448979591836,0
69.84999999999818,0.9999999999987729,0.05612244897959183,0
69.89999999999817,0.053770599988978145,0.10714285714285712,0
69.94999999999817,0.04020795704945256,0.06122448979591836,0
69.99999999999817,0.10094405434802348,0.06122448979591836,0
70.04999999999816,0.999999999999975,0.13265306122448978,0
70.09999999999816,0.9999999999999556,0.17346938775510204,0
70.14999999999816,0.9999999999999556,0.1683673469387755,0
70.19999999999816,0.2065417114407585,0.12244897959183672,0
70.24999999999815,0.2917376678302139,0.08163265306122448,0
70.29999999999815,0.9999999741217059,0.07653061224489796,0
70.34999999999815,0.9999999483187972,0.12244897959183672,0
70.39999999999814,0.12252373956932062,0.07653061224489796,0
70.44999999999814,0.05051080240598473,0.08163265306122448,0
70.49999999999814,0.04628906775070967,0.07653061224489796,0
70.54999999999814,0.04545121797457843,0.12244897959183672,0
70.59999999999813,0.022713309449424228,0.07653061224489796,0
70.64999999999813,0.0563143292784796,0.07653061224489796,0
70.69999999999813,0.005125393535942847,0.08163265306122448,0
70.74999999999812,0.09283394836144246,0.08163265306122448,0
70.79999999999812,0.16016390243297646,0.08163265306122448,0
70.84999999999812,0.9999999999999324,0.12244897959183672,0
70.89999999999812,0.24362713980037468,0.12244897959183672,0
70.94999999999811,0.34909264867210504,0.07653061224489796,0
70.99999999999811,0.16617748815545863,0.08163265306122448,0
71.04999999999811,0.9999999999999886,0.11224489795918365,0
71.0999999999981,0.6625618766537731,0.11734693877551017,0
71.1499999999981,0.6451013820075034,0.10714285714285711,0
71.1999999999981,0.639241515192122,0.16326530612244894,0
71.2499999999981,0.6302105789111762,0.06122448979591836,0
71.2999999999981,0.6457096397509097,0.11734693877551017,0
71.34999999999809,0.9999999919216566,0.10714285714285711,0
71.39999999999809,0.9999999919498468,0.11224489795918365,0
71.44999999999808,0.9999999916000801,0.06122448979591836,0
71.49999999999808,0.9999999913861048,0.11224489795918365,0
71.54999999999808,0.9999999910681877,0.11224489795918365,0
71.59999999999808,0.999999990230014,0.10714285714285711,0
71.64999999999807,0.9999999895578924,0.11224489795918365,0
71.69999999999807,0.9999999891201857,0.05612244897959183,0
71.74999999999807,0.9999999887559801,0.10714285714285711,0
71.79999999999806,0.9999999880458813,0.05612244897959183,0
71.84999999999806,0.9999999872452299,0.05612244897959183,0
71.89999999999806,0.9999999865364055,0.06122448979591836,0
71.94999999999806,0.9999999852930158,0.05612244897959183,0
71.99999999999805,0.43676585331830076,0.10714285714285711,0
72.04999999999805,0.9999999824485982,0.06122448979591836,0
72.09999999999805,0.3782400127840083,0.05612244897959183,0
72.14999999999804,0.5272942568374664,0.10714285714285711,0
72.19999999999804,0.3327926170888567,0.05612244897959183,0
72.24999999999804,0.33699969245293265,0.10714285714285711,0
72.29999999999804,0.27391337466933485,0.05612244897959183,0
72.34999999999803,0.24196802353233965,0.06122448979591836,0
72.39999999999803,0.2283760478750992,0.05612244897959183,0
72.44999999999803,0.2176777069069198,0.06122448979591836,0
72.49999999999802,0.1485819643939624,0.05612244897959183,0
72.54999999999802,0.9999999107149049,0.10714285714285711,0
72.59999999999802,0.9999998709076866,0.05612244897959183,0
72.64999999999802,0.9999997429456767,0.06122448979591836,0
72.69999999999801,0.9999990592363611,0.05612244897959183,0
72.74999999999801,0.9999995160002252,0.11224489795918365,0
72.79999999999801,0.9999997748256074,0.06122448979591836,0
72.849999999998,0.9999998121384734,0.10714285714285711,0
72.899999999998,0.1575279919147874,0.10714285714285711,0
72.949999999998,0.9999999683818699,0.05612244897959183,0
72.999999999998,0.17274958131876128,0.05612244897959183,0
73.049999999998,0.6219096525923696,0.1530612244897959,0
73.09999999999799,0.5945007390466935,0.1530612244897959,0
73.14999999999799,0.5747087335042547,0.14285714285714282,0
73.19999999999798,0.5521489606533998,0.14285714285714282,0
73.24999999999798,0.5277116631190518,0.02040816326530612,0
73.29999999999798,0.5102706092668503,0.02040816326530612,0
73.34999999999798,0.46121891865055176,0.030612244897959183,0
73.39999999999797,0.40772583081596814,0.02040816326530612,0
73.44999999999797,0.3791635454314908,0.14795918367346933,0
73.49999999999797,0.33952307134584636,0.02551020408163265,0
73.54999999999797,0.327865035686064,0.08163265306122447,0
73.59999999999796,0.2861614812759519,0.08163265306122447,0
73.64999999999796,0.2576947888280045,0.02551020408163265,0
73.69999999999796,0.18964647611459845,0.03571428571428571,0
73.74999999999795,0.10603707413151152,0.08673469387755099,0
73.79999999999795,0.11643998715656546,0.14285714285714282,0
73.84999999999795,0.05029147742111798,0.08163265306122447,0
73.89999999999795,0.9999999999996885,0.1530612244897959,0
73.94999999999794,0.13243296186158532,0.02040816326530612,0
73.99999999999794,0.15235807490140255,0.1530612244897959,0
74.04999999999794,0.13832578303018558,0.02040816326530612,0
74.09999999999793,0.1332523508036089,0.14285714285714282,0
74.14999999999793,0.08076489000228838,0.02040816326530612,0
74.19999999999793,0.9999999999993996,0.02040816326530612,0
74.24999999999793,0.12522138663309143,0.02551020408163265,0
74.29999999999792,0.9999996620001147,0.02040816326530612,0
74.34999999999792,0.9999996620001147,0.07653061224489795,0
74.39999999999792,0.9999999999993991,0.02040816326530612,0
74.44999999999791,0.048023424172955846,0.02551020408163265,0
74.49999999999791,0.9999993240004507,0.02040816326530612,0
74.54999999999791,0.9999993520674867,0.08163265306122447,0
74.5999999999979,0.9999999999985353,0.02551020408163265,0
74.6499999999979,0.18004904554233248,0.02551020408163265,0
74.6999999999979,0.18292200052865135,0.08163265306122447,0
74.7499999999979,0.17699240829158738,0.02551020408163265,0
74.7999999999979,0.1748333839879977,0.02040816326530612,0
74.84999999999789,0.0871369569266241,0.08673469387755099,0
74.89999999999789,0.12344625974792706,0.030612244897959183,0
74.94999999999789,0.0952572458674525,0.09183673469387753,0
74.99999999999788,0.04212433010906178,0.14285714285714282,0
75.04999999999788,0.42158898950066587,0.23979591836734696,0
75.09999999999788,0.3831089166619012,0.23469387755102042,0
75.14999999999787,0.3774216193781252,0.17346938775510198,0
75.19999999999787,0.35275995949760114,0.21938775510204084,0
75.24999999999787,0.33218914144117817,0.11224489795918366,0
75.29999999999787,0.3245589141605071,0.05102040816326531,0
75.34999999999786,0.2683787383264518,0.10714285714285712,0
75.39999999999786,0.37903006091635144,0.05612244897959184,0
75.44999999999786,0.38033537656399163,0.05612244897959184,0
75.49999999999785,0.3809867009130814,0.10714285714285712,0
75.54999999999785,0.37469372153245206,0.10714285714285712,0
75.59999999999785,0.35944671982797577,0.05102040816326531,0
75.64999999999785,0.33608870021176734,0.06122448979591837,0
75.69999999999784,0.3139464376601294,0.05102040816326531,0
75.74999999999784,0.28670650087123195,0.16326530612244894,0
75.79999999999784,0.2625518743927707,0.05612244897959184,0
75.84999999999783,0.23704224944358443,0.05102040816326531,0
75.89999999999783,0.20416961093575858,0.05612244897959184,0
75.94999999999783,0.16253972191987018,0.05102040816326531,0
75.99999999999783,0.13350598384454312,0.10714285714285712,0
76.04999999999782,0.11183518342136496,0.06122448979591837,0
76.09999999999782,0.10068843775717375,0.05102040816326531,0
76.14999999999782,0.09968397405458891,0.16326530612244894,0
76.19999999999781,0.13613453605188994,0.05102040816326531,0
76.24999999999781,0.11218203382163924,0.05102040816326531,0
76.29999999999781,0.08958195105363057,0.05102040816326531,0
76.3499999999978,0.07879882507220566,0.05102040816326531,0
76.3999999999978,0.05882510377337752,0.05102040816326531,0
76.4499999999978,0.058570422526391296,0.05612244897959184,0
76.4999999999978,0.05816551776009592,0.05612244897959184,0
76.5499999999978,0.0671020245946155,0.11224489795918366,0
76.59999999999779,0.06378472419904685,0.10714285714285712,0
76.64999999999779,0.09428508515745518,0.10714285714285712,0
76.69999999999779,0.09804885247568777,0.05612244897959184,0
76.74999999999778,0.09787833635900454,0.05102040816326531,0
76.79999999999778,0.09702889715294087,0.1020408163265306,0
76.84999999999778,0.10655087291857807,0.05102040816326531,0
76.89999999999777,0.0698284583910616,0.06122448979591837,0
76.94999999999777,0.04787888657631942,0.05102040816326531,0
76.99999999999777,0.032129794705949,0.16836734693877548,0
77.04999999999777,0.08367061579281768,0.05102040816326531,0
77.09999999999776,0.1145600219448458,0.1020408163265306,0
77.14999999999776,0.10852729528721798,0.05612244897959184,0
77.19999999999776,0.09679844205695362,0.05612244897959184,0
77.24999999999775,0.08291383056551138,0.061224489795918366,0
77.29999999999775,0.09443525289464494,0.10714285714285712,0
77.34999999999775,0.06422236756909452,0.10714285714285712,0
77.39999999999775,0.0775237671791698,0.05102040816326531,0
77.44999999999774,0.09939301653839876,0.05612244897959184,0
77.49999999999774,0.07625966447896512,0.05612244897959184,0
77.54999999999774,0.06863919882580559,0.10714285714285712,0
77.59999999999773,0.085131627837108,0.09693877551020406,0
77.64999999999773,0.045727302510058854,0.05612244897959184,0
77.69999999999773,0.035330265387943975,0.06122448979591837,0
77.74999999999773,0.016244181097412855,0.10714285714285712,0
77.79999999999772,0.02565208817277773,0.16326530612244894,0
77.84999999999772,0.06176883939303014,0.05102040816326531,0
77.89999999999772,0.0509390386617212,0.056122448979591844,0
77.94999999999771,0.0485760774442243,0.05102040816326531,0
77.99999999999771,0.021657879237347848,0.05612244897959184,0
78.04999999999771,0.0163566329530476,0.05612244897959184,0
78.0999999999977,0.030462380141398116,0.11224489795918366,0
78.1499999999977,0.030462380141398116,0.11224489795918366,0
78.1999999999977,0.034722876428306425,0.10714285714285712,0
78.2499999999977,0.03125533150960012,0.10714285714285712,0
78.2999999999977,0.059580528840284,0.05102040816326531,0
78.34999999999769,0.023021544191377377,0.06122448979591837,0
78.39999999999769,0.014735211118988319,0.05102040816326531,0
78.44999999999769,0.01675834130527045,0.16836734693877548,0
78.49999999999768,0.01675834130527045,0.05102040816326531,0
78.54999999999768,0.016836826479806884,0.10714285714285712,0
78.59999999999768,0.04778563255930587,0.05102040816326531,0
78.64999999999768,0.03557987737447715,0.05102040816326531,0
78.69999999999767,0.04637874869337394,0.05102040816326531,0
78.74999999999767,0.019440967594541468,0.05612244897959184,0
78.79999999999767,0.02623578794529012,0.05102040816326531,0
78.84999999999766,0.04315207479281449,0.10714285714285712,0
78.89999999999766,0.06475613424339728,0.05102040816326531,0
78.94999999999766,0.037586629044701496,0.05102040816326531,0
78.99999999999766,0.05666586240194352,0.05102040816326531,0
79.04999999999765,0.023155351523556408,0.05102040816326531,0
79.09999999999765,0.046005156340059625,0.05102040816326531,0
79.14999999999765,0.02984733553140288,0.05102040816326531,0
79.19999999999764,0.025410482955087018,0.05612244897959184,0
79.24999999999764,0.025369450204056652,0.05102040816326531,0
79.29999999999764,0.02499602796140817,0.11224489795918366,0
79.34999999999764,0.018156871369991882,0.05102040816326531,0
79.39999999999763,0.009157326360533772,0.10714285714285712,0
79.44999999999763,0.041626585202338785,0.05102040816326531,0
79.49999999999763,0.029083137255022307,0.05612244897959184,0
79.54999999999762,0.023516826645334322,0.05102040816326531,0
79.59999999999762,0.023293379744816507,0.10714285714285712,0
79.64999999999762,0.03944985911280143,0.05102040816326531,0
79.69999999999762,0.048853677998776636,0.05102040816326531,0
79.74999999999761,0.026426128826072773,0.05102040816326531,0
79.79999999999761,0.017978631987306863,0.05612244897959184,0
79.8499999999976,0.04295938965841577,0.05102040816326531,0
79.8999999999976,0.07972237666660956,0.10714285714285712,0
79.9499999999976,0.06951130968420866,0.05612244897959184,0
79.9999999999976,0.05709419004610785,0.06122448979591837,0
80.0499999999976,0.5329241355931599,0.21938775510204084,0
80.09999999999759,0.5231128830481595,0.27551020408163257,0
80.14999999999759,0.5180311061627147,0.2653061224489795,0
80.19999999999759,0.5086888551355534,0.13775510204081629,0
80.24999999999758,0.5039210680268209,0.13775510204081629,0
80.29999999999758,0.49562485337347467,0.06632653061224487,0
80.34999999999758,0.4860786827784116,0.06632653061224487,0
80.39999999999758,0.47371144832057505,0.0,0
80.44999999999757,0.46260566420900356,0.01020408163265306,0
80.49999999999757,0.44901794740152945,0.0,0
80.54999999999757,0.4429092024197052,0.14285714285714282,0
80.59999999999756,0.4341236631152914,0.0,0
80.64999999999756,0.4253452490200748,0.13775510204081629,0
80.69999999999756,0.40574549980696567,0.00510204081632653,0
80.74999999999756,0.3923332617424362,0.07142857142857141,0
80.79999999999755,0.390174295192232,0.00510204081632653,0
80.84999999999755,0.3871109908335957,0.0,0
80.89999999999755,0.3711927109491615,0.01020408163265306,0
80.94999999999754,0.34212966647124,0.00510204081632653,0
80.99999999999754,0.3281767686144154,0.12244897959183669,0
81.04999999999754,0.3110646075964009,0.06632653061224487,0
81.09999999999754,0.28971618974229435,0.00510204081632653,0
81.14999999999753,0.2677185680344814,0.00510204081632653,0
81.19999999999753,0.2540097272465276,0.06632653061224487,0
81.24999999999753,0.2310076388295053,0.06632653061224487,0
81.29999999999752,0.207136220778682,0.00510204081632653,0
81.34999999999752,0.19232256298544514,0.0,0
81.39999999999752,0.17949877615979504,0.06632653061224487,0
81.44999999999752,0.15338245566905134,0.00510204081632653,0
81.49999999999751,0.15208986773239597,0.015306122448979591,0
81.54999999999751,0.12512731172996144,0.0,0
81.59999999999751,0.13004579901519783,0.18367346938775508,0
81.6499999999975,0.153074751133408,0.0,0
81.6999999999975,0.14471287880498523,0.00510204081632653,0
81.7499999999975,0.1380045004236846,0.0,0
81.7999999999975,0.11451096868931412,0.06632653061224487,0
81.8499999999975,0.11609985600013402,0.0,0
81.89999999999749,0.0798008205673733,0.00510204081632653,0
81.94999999999749,0.07264601584208828,0.0,0
81.99999999999748,0.06878716037992301,0.00510204081632653,0
82.04999999999748,0.08396597602570259,0.07142857142857141,0
82.09999999999748,0.08770057463230735,0.13265306122448975,0
82.14999999999748,0.07118326265375799,0.06632653061224487,0
82.19999999999747,0.09001403409722566,0.07142857142857141,0
82.24999999999747,0.0806409362567491,0.01020408163265306,0
82.29999999999747,0.10826298591178955,0.061224489795918345,0
82.34999999999746,0.1281723931356509,0.061224489795918345,0
82.39999999999746,0.1080343556398402,0.015306122448979591,0
82.44999999999746,0.06503611941091264,0.01020408163265306,0
82.49999999999746,0.09309225088584117,0.1275510204081632,0
82.54999999999745,0.041026494474422096,0.07653061224489795,0
82.59999999999745,0.037543580648610374,0.00510204081632653,0
82.64999999999745,0.018277085729009507,0.13775510204081629,0
82.69999999999744,0.010025416826595527,0.00510204081632653,0
82.74999999999744,0.009684607274572167,0.13265306122448975,0
82.79999999999744,0.017786653542113555,0.01020408163265306,0
82.84999999999744,0.0051108095504585165,0.06632653061224487,0
82.89999999999743,0.06278451075128444,0.07142857142857141,0
82.94999999999743,0.02179455913385862,0.00510204081632653,0
82.99999999999743,0.0078044943500417555,0.13265306122448975,0
83.04999999999742,0.08447446932715379,0.08673469387755102,0
83.09999999999742,0.09561607211355812,0.13775510204081629,0
83.14999999999742,0.08667717624869378,0.08673469387755102,0
83.19999999999742,0.07953093386285218,0.09693877551020406,0
83.24999999999741,0.07869957303137293,0.08163265306122448,0
83.29999999999741,0.07049441717551963,0.19387755102040818,0
83.34999999999741,0.03278050811485238,0.02551020408163265,0
83.3999999999974,0.04069667837562814,0.02551020408163265,0
83.4499999999974,0.04356872853224514,0.03571428571428571,0
83.4999999999974,0.014091829214997104,0.02551020408163265,0
83.5499999999974,0.06531819898633262,0.08163265306122448,0
83.5999999999974,0.018939535740686964,0.03061224489795918,0
83.64999999999739,0.06025223049068996,0.02551020408163265,0
83.69999999999739,0.05519260854800944,0.08673469387755102,0
83.74999999999739,0.05191795691260779,0.02551020408163265,0
83.79999999999738,0.037335802204359635,0.08673469387755102,0
83.84999999999738,0.013432387094895026,0.02551020408163265,0
83.89999999999738,0.06088669984061982,0.08163265306122448,0
83.94999999999737,0.08500924721946822,0.02551020408163265,0
83.99999999999737,0.054262435955686306,0.02551020408163265,0
84.04999999999737,0.03610671429833923,0.02551020408163265,0
84.09999999999737,0.018823577026953756,0.02551020408163265,0
84.14999999999736,0.01903838504023504,0.02551020408163265,0
84.19999999999736,0.012114063758715347,0.03061224489795918,0
84.24999999999736,0.008064503982005599,0.02551020408163265,0
84.29999999999735,0.01607327211040762,0.07653061224489795,0
84.34999999999735,0.016073272110407606,0.03061224489795918,0
84.39999999999735,0.01607327211040753,0.03061224489795918,0
84.44999999999735,0.01607327211040753,0.08163265306122448,0
84.49999999999734,0.01787842804392109,0.08673469387755102,0
84.54999999999734,0.053830774744383345,0.02551020408163265,0
84.59999999999734,0.0664497275317105,0.08673469387755102,0
84.64999999999733,0.03240367697549981,0.02551020408163265,0
84.69999999999733,0.02119642583234131,0.07653061224489796,0
84.74999999999733,0.01723796660450947,0.03061224489795918,0
84.79999999999733,0.01723796660450947,0.03061224489795918,0
84.84999999999732,0.017863292769165436,0.08163265306122447,0
84.89999999999732,0.013076054758154883,0.08163265306122448,0
84.94999999999732,0.07153302232661364,0.08673469387755102,0
84.99999999999731,0.02891753361940922,0.02551020408163265,0
85.04999999999731,0.02547854753399983,0.08163265306122448,0
85.09999999999731,0.017973660800589927,0.03061224489795918,0
85.1499999999973,0.017973660800589927,0.02551020408163265,0
85.1999999999973,0.018032166054321137,0.08673469387755102,0
85.2499999999973,0.015218225167740067,0.03571428571428571,0
85.2999999999973,0.038892219543947865,0.08163265306122448,0
85.3499999999973,0.04996697432851982,0.1275510204081632,0
85.39999999999729,0.01852635972534205,0.03061224489795918,0
85.44999999999729,0.05328848161234218,0.04081632653061224,0
85.49999999999729,0.08164023491019566,0.08163265306122448,0
85.54999999999728,0.08089241536024384,0.14285714285714282,0
85.59999999999728,0.0856194734297766,0.03061224489795918,0
85.64999999999728,0.08624640139355629,0.08673469387755102,0
85.69999999999727,0.10256618707830743,0.08163265306122448,0
85.74999999999727,0.12378978974405874,0.09183673469387754,0
85.79999999999727,0.08419031701594919,0.03061224489795918,0
85.84999999999727,0.05226215399958312,0.14285714285714282,0
85.89999999999726,0.0499187766158391,0.08163265306122448,0
85.94999999999726,0.08490999043606456,0.08163265306122448,0
85.99999999999726,0.08892906475103417,0.03061224489795918,0
86.04999999999725,0.04737717950298982,0.02551020408163265,0
86.09999999999725,0.010113362258535628,0.08163265306122448,0
86.14999999999725,0.03826514802594895,0.02551020408163265,0
86.19999999999725,0.07267805479162424,0.02551020408163265,0
86.24999999999724,0.04809797095307849,0.02551020408163265,0
86.29999999999724,0.02956786881421388,0.03061224489795918,0
86.34999999999724,0.009252650868752686,0.02551020408163265,0
86.39999999999723,0.04637826580193787,0.08163265306122448,0
86.44999999999723,0.01931451303938584,0.02551020408163265,0
86.49999999999723,0.01819295693928541,0.02551020408163265,0
86.54999999999723,0.01819295693928541,0.02551020408163265,0
86.59999999999722,0.018138178437674034,0.03571428571428571,0
86.64999999999722,0.008818989661197008,0.02551020408163265,0
86.69999999999722,0.009104773204267873,0.03061224489795918,0
86.74999999999721,0.008974525394001629,0.03061224489795918,0
86.79999999999721,0.01007959157719292,0.08673469387755102,0
86.84999999999721,0.03516504945182344,0.07653061224489796,0
86.8999999999972,0.041576460022894106,0.08163265306122448,0
86.9499999999972,0.059079145615857226,0.02551020408163265,0
86.9999999999972,0.055699393777025936,0.02551020408163265,0
87.0499999999972,0.11759795846780659,0.08673469387755099,0
87.0999999999972,0.10602148155837059,0.09183673469387753,0
87.14999999999719,0.11907631720905106,0.08163265306122447,0
87.19999999999719,0.0983030564213634,0.14285714285714282,0
87.24999999999719,0.09168457780442141,0.03571428571428571,0
87.29999999999718,0.09322836580840684,0.02551020408163265,0
87.34999999999718,0.08135559766280047,0.09183673469387753,0
87.39999999999718,0.04013456223360496,0.08673469387755099,0
87.44999999999717,0.07124556873577859,0.14285714285714282,0
87.49999999999717,0.03250681103453161,0.07653061224489795,0
87.54999999999717,0.0828051291296898,0.02040816326530612,0
87.59999999999717,0.11857648067452144,0.02040816326530612,0
87.64999999999716,0.10598661109509766,0.02040816326530612,0
87.69999999999716,0.09190238198922863,0.03061224489795918,0
87.74999999999716,0.08033187132025922,0.02040816326530612,0
87.79999999999715,0.04611985704153048,0.08673469387755099,0
87.84999999999715,0.07569628453078031,0.02040816326530612,0
87.89999999999715,0.09118012963123473,0.08673469387755099,0
87.94999999999715,0.5501318757267671,0.02040816326530612,0
87.99999999999714,0.5224419288456171,0.08163265306122447,0
88.04999999999714,0.5407589897805846,0.07142857142857141,0
88.09999999999714,0.49673112759311183,0.07142857142857141,0
88.14999999999714,0.4635922929197145,0.06632653061224487,0
88.19999999999713,0.4391783165893122,0.08673469387755099,0
88.24999999999713,0.41908725795965784,0.0,0
88.29999999999713,0.39249737983177563,0.13265306122448975,0
88.34999999999712,0.3922685677749026,0.015306122448979591,0
88.39999999999712,0.37942390445542035,0.0,0
88.44999999999712,0.36219187584032636,0.07142857142857141,0
88.49999999999712,0.3733280784310791,0.0,0
88.54999999999711,0.3960962909134948,0.06632653061224487,0
88.59999999999711,0.3949960758273256,0.0,0
88.6499999999971,0.37416997349461556,0.00510204081632653,0
88.6999999999971,0.392614958037815,0.0,0
88.7499999999971,0.39446857012107206,0.06632653061224487,0
88.7999999999971,0.42879345312206585,0.0,0
88.8499999999971,0.44464713697136055,0.0,0
88.89999999999709,0.3932486160203703,0.00510204081632653,0
88.94999999999709,0.40784947819863643,0.0,0
88.99999999999709,0.4304159201405434,0.06632653061224487,0
89.04999999999708,0.42963011290112285,0.00510204081632653,0
89.09999999999708,0.4010244398577516,0.01020408163265306,0
89.14999999999708,0.3752355649202394,0.08163265306122447,0
89.19999999999708,0.4298636126464237,0.00510204081632653,0
89.24999999999707,0.274949484005999,0.14285714285714282,0
89.29999999999707,0.23105256019359052,0.06632653061224487,0
89.34999999999707,0.2246129136120495,0.13775510204081629,0
89.39999999999706,0.2285677574885948,0.00510204081632653,0
89.44999999999706,0.2178095666587242,0.06632653061224487,0
89.49999999999706,0.21849611705563665,0.07653061224489795,0
89.54999999999706,0.22134627127773038,0.00510204081632653,0
89.59999999999705,0.13879500209912776,0.13775510204081629,0
89.64999999999705,0.0966123744623182,0.06632653061224487,0
89.69999999999705,0.06581321724851753,0.07142857142857141,0
89.74999999999704,0.06910421624809368,0.0,0
89.79999999999704,0.05420007875939601,0.06632653061224487,0
89.84999999999704,0.9999998472696812,0.0,0
89.89999999999704,0.0445268629292796,0.0,0
89.94999999999703,0.04452686292927957,0.0,0
89.99999999999703,0.04452686292927957,0.0,0
90.04999999999703,0.9999999761573704,0.22959183673469388,0
90.09999999999702,0.9999999717869488,0.21938775510204084,0
90.14999999999702,0.9999999726937053,0.260204081632653,0
90.19999999999702,0.17521977865971106,0.24999999999999997,0
90.24999999999702,0.30469842606398595,0.14795918367346933,0
90.29999999999701,0.17823720584697755,0.05102040816326531,0
90.34999999999701,0.10635281658598901,0.04591836734693877,0
90.39999999999701,0.08174622161048448,0.10204081632653059,0
90.449999999997,0.1092289280886218,0.04591836734693877,0
90.499999999997,0.0636931885214902,0.10204081632653059,0
90.549999999997,0.1807567683848078,0.04591836734693877,0
90.599999999997,0.04323291556292833,0.09693877551020405,0
90.649999999997,0.9999997580000567,0.04591836734693877,0
90.69999999999699,0.9999997580000567,0.04591836734693877,0
90.74999999999699,0.9999997578962698,0.061224489795918366,0
90.79999999999698,0.9999997983302084,0.05102040816326531,0
90.84999999999698,0.9999982506480548,0.10714285714285711,0
90.89999999999698,0.12033240078051693,0.09693877551020405,0
90.94999999999698,0.9999997581710375,0.14795918367346933,0
90.99999999999697,0.9999997580000566,0.04591836734693877,0
91.04999999999697,0.9999999801185078,0.1887755102040816,0
91.09999999999697,0.9999999800830872,0.18367346938775508,0
91.14999999999696,0.9999999812472351,0.17857142857142858,0
91.19999999999696,0.9999999791287417,0.13775510204081634,0
91.24999999999696,0.16113344672039287,0.09693877551020409,0
91.29999999999696,0.10014124039208008,0.10714285714285714,0
91.34999999999695,0.29883071851503656,0.09693877551020409,0
91.39999999999695,0.99999997871045,0.09693877551020409,0
91.44999999999695,0.22636816141183663,0.10204081632653061,0
91.49999999999694,0.14155520049042705,0.09693877551020409,0
91.54999999999694,0.07849909389433571,0.13775510204081634,0
91.59999999999694,0.9999998342267601,0.10204081632653061,0
91.64999999999694,0.0841290929865628,0.10204081632653061,0
91.69999999999693,0.9999998761671072,0.09693877551020409,0
91.74999999999693,0.9999999286694099,0.14795918367346936,0
91.79999999999693,0.1237805018737485,0.10204081632653061,0
91.84999999999692,0.061752758024833446,0.17857142857142858,0
91.89999999999692,0.9999998181925525,0.1326530612244898,0
91.94999999999692,0.9999998338008546,0.09693877551020409,0
91.99999999999692,0.9999998816419677,0.09693877551020409,0
92.04999999999691,0.9999998380000253,0.10204081632653061,0
92.09999999999691,0.9999998380000253,0.09693877551020409,0
92.14999999999691,0.9999998378658479,0.14285714285714285,0
92.1999999999969,0.15463829565845263,0.09693877551020409,0
92.2499999999969,0.08156503127380368,0.14285714285714285,0
92.2999999999969,0.9999999447214244,0.09693877551020409,0
92.3499999999969,0.9999998840418183,0.13775510204081634,0
92.3999999999969,0.9999998380000256,0.09693877551020409,0
92.44999999999689,0.9999998380000256,0.09693877551020409,0
92.49999999999689,0.999999999999712,0.09693877551020409,0
92.54999999999688,0.9999996626082162,0.09693877551020409,0
92.59999999999688,0.9999999999994302,0.10714285714285714,0
92.64999999999688,0.9999999999996767,0.09693877551020409,0
92.69999999999688,0.14308124745751963,0.17857142857142858,0
92.74999999999687,0.07634695911889942,0.09693877551020409,0
92.79999999999687,0.9999998380000258,0.09693877551020409,0
92.84999999999687,0.9999998378658483,0.09693877551020409,0
92.89999999999687,0.9999996626082166,0.10204081632653061,0
92.94999999999686,0.08217618873859107,0.09693877551020409,0
92.99999999999686,0.06169807525490337,0.10204081632653061,0
93.04999999999686,0.999999999999902,0.24489795918367346,0
93.09999999999685,0.9999999999999293,0.2755102040816327,0
93.14999999999685,0.9999999999999293,0.2602040816326531,0
93.19999999999685,0.9999999999999274,0.2602040816326531,0
93.24999999999685,0.1613960390124608,0.1683673469387755,0
93.29999999999684,0.11528029053801177,0.1683673469387755,0
93.34999999999684,0.14694288425714183,0.17857142857142858,0
93.39999999999684,0.10440217095131447,0.1683673469387755,0
93.44999999999683,0.05352168756063656,0.22448979591836735,0
93.49999999999683,0.9999999020000094,0.17346938775510204,0
93.54999999999683,0.9999999019188403,0.17346938775510204,0
93.59999999999683,0.999999795898771,0.1989795918367347,0
93.64999999999682,0.9999998040000366,0.20408163265306123,0
93.69999999999682,0.9999999020000094,0.17346938775510207,0
93.74999999999682,0.99999999999978,0.1989795918367347,0
93.79999999999681,0.9999998840495545,0.17346938775510204,0
93.84999999999681,0.9999999020000094,0.1683673469387755,0
93.89999999999681,0.9999999999999128,0.1989795918367347,0
93.9499999999968,0.0323134095588337,0.1683673469387755,0
93.9999999999968,0.99999999999987,0.1683673469387755,0
94.0499999999968,0.242182710380923,0.23979591836734698,0
94.0999999999968,0.21377259834301854,0.23979591836734698,0
94.1499999999968,0.9999999999999795,0.2346938775510204,0
94.19999999999679,0.9999999999999795,0.2346938775510204,0
94.24999999999679,0.9999999714631214,0.21428571428571427,0
94.29999999999679,0.9999999999999911,0.2091836734693877,0
94.34999999999678,0.13540700241880824,0.2193877551020408,0
94.39999999999678,0.9999999999999958,0.2091836734693877,0
94.44999999999678,0.14966845325874925,0.2704081632653061,0
94.49999999999677,0.09419531652892582,0.21428571428571427,0
94.54999999999677,0.058722620361895496,0.2602040816326531,0
94.59999999999677,0.028604349104183937,0.23979591836734698,0
94.64999999999677,0.18189540481398458,0.21428571428571427,0
94.69999999999676,0.9999999999999936,0.2346938775510204,0
94.74999999999676,0.14182881992248503,0.2346938775510204,0
94.79999999999676,0.9999999820279752,0.21428571428571427,0
94.84999999999675,0.20247547374354036,0.2091836734693877,0
94.89999999999675,0.10900437214228177,0.2346938775510204,0
94.94999999999675,0.10746049300279542,0.2091836734693877,0
94.99999999999675,0.10168253277147218,0.2091836734693877,0
95.04999999999674,0.8218039912341275,0.30102040816326525,0
95.09999999999674,0.8177365920325198,0.3061224489795918,0
95.14999999999674,0.814067450689817,0.2857142857142857,0
95.19999999999673,0.8101789528253871,0.3265306122448979,0
95.24999999999673,0.8061020075008793,0.16836734693877548,0
95.29999999999673,0.800388426928484,0.16836734693877548,0
95.34999999999673,0.7906525093660434,0.20408163265306123,0
95.39999999999672,0.7832767731930628,0.20918367346938777,0
95.44999999999672,0.7747456771451733,0.16326530612244897,0
95.49999999999672,0.7690757610489422,0.20408163265306123,0
95.54999999999671,0.760747739098226,0.16326530612244897,0
95.59999999999671,0.7540421041670426,0.16326530612244897,0
95.64999999999671,0.7453473618217779,0.16836734693877548,0
95.6999999999967,0.7366804995174895,0.16326530612244897,0
95.7499999999967,0.727655792898439,0.20918367346938777,0
95.7999999999967,0.7182955779578595,0.16326530612244897,0
95.8499999999967,0.7076427738857154,0.20408163265306123,0
95.8999999999967,0.6962553015783505,0.16836734693877548,0
95.94999999999669,0.6854843042278346,0.16326530612244897,0
95.99999999999669,0.6738179371593175,0.20408163265306123,0
96.04999999999669,0.7856901631698588,0.22448979591836735,0
96.09999999999668,0.781108491146909,0.22448979591836735,0
96.14999999999668,0.7747058283330326,0.21938775510204075,0
96.19999999999668,0.7690038971114965,0.21428571428571425,0
96.24999999999667,0.7616533440653723,0.1683673469387755,0
96.29999999999667,0.7554614676946595,0.11224489795918367,0
96.34999999999667,0.7446714949044635,0.163265306122449,0
96.39999999999667,0.7364228304585423,0.11224489795918367,0
96.44999999999666,0.7248830544774969,0.1173469387755102,0
96.49999999999666,0.7193462256948641,0.11224489795918367,0
96.54999999999666,0.7201620243268145,0.163265306122449,0
96.59999999999665,0.7030988254962498,0.11224489795918367,0
96.64999999999665,0.6873211811528083,0.11224489795918367,0
96.69999999999665,0.6686244261884859,0.1173469387755102,0
96.74999999999665,0.6524574473523028,0.1173469387755102,0
96.79999999999664,0.6348496902289942,0.11224489795918367,0
96.84999999999664,0.6191073518470663,0.163265306122449,0
96.89999999999664,0.5968004681020803,0.12244897959183673,0
96.94999999999663,0.5697854636323536,0.11224489795918367,0
96.99999999999663,0.5498568539161497,0.1683673469387755,0
97.04999999999663,0.5189588659313636,0.11224489795918367,0
97.09999999999663,0.547895397088544,0.17346938775510207,0
97.14999999999662,0.49757324819630344,0.11224489795918367,0
97.19999999999662,0.99999998600045,0.21938775510204075,0
97.24999999999662,0.9999999835674646,0.11224489795918367,0
97.29999999999661,0.999999980177954,0.163265306122449,0
97.34999999999661,0.9999999763080908,0.11224489795918367,0
97.39999999999661,0.9999999686153119,0.11224489795918367,0
97.4499999999966,0.9999999520422658,0.11224489795918367,0
97.4999999999966,0.9999998970827149,0.11224489795918367,0
97.5499999999966,0.9999998988472291,0.1173469387755102,0
97.5999999999966,0.0906536961962033,0.11224489795918367,0
97.6499999999966,0.11404523469653856,0.163265306122449,0
97.69999999999659,0.9999998953608205,0.11224489795918367,0
97.74999999999659,0.09322522044252118,0.11224489795918367,0
97.79999999999659,0.035275939182547476,0.1173469387755102,0
97.84999999999658,0.9999996924132623,0.11224489795918367,0
97.89999999999658,0.9999995057525166,0.11224489795918367,0
97.94999999999658,0.9999995493714363,0.11224489795918367,0
97.99999999999658,0.9999996364373386,0.11224489795918367,0
98.04999999999657,0.9999999933210963,0.17346938775510198,0
98.09999999999657,0.7251902448124603,0.17346938775510198,0
98.14999999999657,0.7325863396133423,0.16326530612244894,0
98.19999999999656,0.802809501476304,0.16836734693877548,0
98.24999999999656,0.9999999910623115,0.04591836734693877,0
98.29999999999656,0.9999999902462929,0.10714285714285712,0
98.34999999999656,0.9999999895544147,0.10714285714285712,0
98.39999999999655,0.9999999889026218,0.1020408163265306,0
98.44999999999655,0.6049536667077114,0.1020408163265306,0
98.49999999999655,0.5487104700709972,0.04081632653061224,0
98.54999999999654,0.4880056649430031,0.04591836734693877,0
98.59999999999654,0.9999999794922433,0.04081632653061224,0
98.64999999999654,0.9999999774053742,0.10714285714285712,0
98.69999999999654,0.999999972094649,0.04081632653061224,0
98.74999999999653,0.9999999677333983,0.1020408163265306,0
98.79999999999653,0.9999999609346953,0.04081632653061224,0
98.84999999999653,0.24149883464786828,0.04081632653061224,0
98.89999999999652,0.2678560843221832,0.04591836734693877,0
98.94999999999652,0.999999921352433,0.04081632653061224,0
98.99999999999652,0.9999998807759675,0.04591836734693877,0
99.04999999999652,0.999999999999966,0.07653061224489795,0
99.09999999999651,0.9999999999999684,0.13775510204081629,0
99.14999999999651,0.9999999797451657,0.13265306122448975,0
99.1999999999965,0.3908106518775709,0.06632653061224487,0
99.2499999999965,0.33396085750188076,0.00510204081632653,0
99.2999999999965,0.9999999999999234,0.0,0
99.3499999999965,0.2695810024840771,0.061224489795918345,0
99.3999999999965,0.2061008267051606,0.0,0
99.44999999999649,0.1553284032035668,0.00510204081632653,0
99.49999999999649,0.10678017032061961,0.0,0
99.54999999999649,0.09091892715315714,0.06632653061224487,0
99.59999999999648,4.1752315890367474e-16,0.0,0
99.64999999999648,0.9999998523709609,0.0,0
99.69999999999648,0.07777652505100836,0.00510204081632653,0
99.74999999999648,0.14561740043786303,0.00510204081632653,0
99.79999999999647,0.9999999999999225,0.06632653061224487,0
99.84999999999647,0.24338820346533643,0.07653061224489795,0
99.89999999999647,0.23591643477374694,0.07653061224489795,0
99.94999999999646,0.9999999999999302,0.13775510204081629,0
99.99999999999646,0.10156580806997609,0.13775510204081629,0
100.04999999999646,0.20575086628736108,0.07142857142857141,0
100.09999999999646,0.9999999999999375,0.07142857142857141,0
100.14999999999645,0.9999999999999335,0.07142857142857141,0
100.19999999999645,0.9999999999999323,0.061224489795918345,0
100.24999999999645,0.9999999999999649,0.06632653061224487,0
100.29999999999644,0.17818188931048545,0.00510204081632653,0
100.34999999999644,0.11920414287553573,0.0,0
100.39999999999644,0.042561401936662135,0.06632653061224487,0
100.44999999999644,0.999999999999906,0.00510204081632653,0
100.49999999999643,0.4001844474420913,0.0,0
100.54999999999643,0.40320744526169944,0.06632653061224487,0
100.59999999999643,0.40010094983711353,0.0,0
100.64999999999642,0.38687445563389666,0.07142857142857141,0
100.69999999999642,0.36984492819757464,0.01020408163265306,0
100.74999999999642,0.34666927812187714,0.06632653061224487,0
100.79999999999642,0.3230742418634919,0.07142857142857141,0
100.84999999999641,0.29230444465544525,0.0,0
100.89999999999641,0.26757221530782577,0.06632653061224487,0
100.94999999999641,0.2335790822797876,0.0,0
100.9999999999964,0.20113892229502478,0.00510204081632653,0
101.0499999999964,0.15718441773263117,0.00510204081632653,0
101.0999999999964,0.1258542515445331,0.06632653061224487,0
101.1499999999964,0.10516478384261423,0.061224489795918345,0
101.1999999999964,0.07957689664440022,0.0,0
101.24999999999639,0.08094862165875591,0.0,0
101.29999999999639,0.07909522731540797,0.00510204081632653,0
101.34999999999638,0.077464944010454,0.00510204081632653,0
101.39999999999638,0.06307801541103186,0.07142857142857141,0
101.44999999999638,0.05439769512989265,0.00510204081632653,0
101.49999999999638,0.06588152045703825,0.00510204081632653,0
101.54999999999637,0.06008299536974238,0.06632653061224487,0
101.59999999999637,0.056789295661785665,0.06632653061224487,0
101.64999999999637,0.07090179088889265,0.015306122448979591,0
101.69999999999636,0.05049229141690427,0.00510204081632653,0
101.74999999999636,0.051069139969202586,0.13265306122448975,0
101.79999999999636,0.08173257777219771,0.05612244897959182,0
101.84999999999636,0.13909949076385264,0.07142857142857141,0
101.89999999999635,0.13153448325710204,0.0,0
101.94999999999635,0.10458824787217405,0.07142857142857141,0
101.99999999999635,0.09029839995183273,0.0,0
102.04999999999634,0.08952574527910798,0.13265306122448975,0
102.09999999999634,0.08179470959170035,0.07653061224489795,0
102.14999999999634,0.08655775445640515,0.06632653061224487,0
102.19999999999634,0.09754266194554057,0.12244897959183669,0
102.24999999999633,0.10483448513828111,0.01020408163265306,0
102.29999999999633,0.07904129356533018,0.01020408163265306,0
102.34999999999633,0.0624429626928563,0.06632653061224487,0
102.39999999999633,0.08720970363736542,0.06632653061224487,0
102.44999999999632,0.09299728917873819,0.00510204081632653,0
102.49999999999632,0.06510420388390513,0.00510204081632653,0
102.54999999999632,0.03935457428978773,0.00510204081632653,0
102.59999999999631,0.03875784478168645,0.00510204081632653,0
102.64999999999631,0.03502211511669699,0.00510204081632653,0
102.69999999999631,0.025490469041127298,0.01020408163265306,0
102.7499999999963,0.013019566334340564,0.00510204081632653,0
102.7999999999963,0.011175238425938814,0.06632653061224487,0
102.8499999999963,0.011175238425938821,0.00510204081632653,0
102.8999999999963,0.011175238425938821,0.01020408163265306,0
102.9499999999963,0.017495784598251865,0.00510204081632653,0
102.99999999999629,0.005637089415877422,0.06632653061224487,0
103.04999999999629,0.03672460261673118,0.00510204081632653,0
103.09999999999629,0.018004726331116713,0.01020408163265306,0
103.14999999999628,0.018764807447304438,0.00510204081632653,0
103.19999999999628,0.013171716663978093,0.01020408163265306,0
103.24999999999628,0.013171716663978093,0.00510204081632653,0
103.29999999999627,0.01340963102522421,0.06632653061224487,0
103.34999999999627,0.04933042379570401,0.00510204081632653,0
103.39999999999627,0.03499046583151175,0.01020408163265306,0
103.44999999999627,0.020268428917089257,0.00510204081632653,0
103.49999999999626,0.013227085541770028,0.06632653061224487,0
103.54999999999626,0.004560598173462124,0.01020408163265306,0
103.59999999999626,0.01490527046839539,0.00510204081632653,0
103.64999999999625,0.015099421604000797,0.01020408163265306,0
103.69999999999625,0.018178541211532208,0.00510204081632653,0
103.74999999999625,0.007232781798769985,0.061224489795918345,0
103.79999999999625,0.07014671829115858,0.02040816326530612,0
103.84999999999624,0.06327741894769627,0.01020408163265306,0
103.89999999999624,0.06816894082573687,0.02040816326530612,0
103.94999999999624,0.06911035497415705,0.06632653061224487,0
103.99999999999623,0.04476812677645046,0.18877551020408162,0
104.04999999999623,0.05750925564628569,0.00510204081632653,0
104.09999999999623,0.02800771415762926,0.00510204081632653,0
104.14999999999623,0.0013078630255432026,0.015306122448979591,0
104.19999999999622,0.05232529513908956,0.00510204081632653,0
104.24999999999622,0.04218564564166331,0.01020408163265306,0
104.29999999999622,0.017297017377167392,0.00510204081632653,0
104.34999999999621,0.017393852788771313,0.06632653061224487,0
104.39999999999621,0.06476282290509225,0.00510204081632653,0
104.44999999999621,0.03987582843955767,0.00510204081632653,0
104.4999999999962,0.02317910037410724,0.00510204081632653,0
104.5499999999962,0.017896256310955358,0.00510204081632653,0
104.5999999999962,0.017896256310955063,0.00510204081632653,0
104.6499999999962,0.017896256310955063,0.00510204081632653,0
104.6999999999962,0.017923201878862174,0.01020408163265306,0
104.74999999999619,0.017783032184556326,0.01020408163265306,0
104.79999999999619,0.008640505225049062,0.06632653061224487,0
104.84999999999619,0.04777929534241576,0.06632653061224487,0
104.89999999999618,0.017018801989432848,0.00510204081632653,0
104.94999999999618,0.05601669251536279,0.00510204081632653,0
104.99999999999618,0.0821920622157052,0.00510204081632653,0
105.04999999999617,0.11845924223076518,0.07653061224489795,0
105.09999999999617,0.1103175082891597,0.07653061224489795,0
105.14999999999617,0.10264262374959074,0.07142857142857141,0
105.19999999999617,0.08647209912074669,0.07142857142857141,0
105.24999999999616,0.11897632087669462,0.015306122448979591,0
105.29999999999616,0.1074889661893473,0.015306122448979591,0
105.34999999999616,0.09118237938503154,0.015306122448979591,0
105.39999999999615,0.08852596331309255,0.015306122448979591,0
105.44999999999615,0.08117096744953399,0.015306122448979591,0
105.49999999999615,0.0758162606921811,0.015306122448979591,0
105.54999999999615,0.06550839930464068,0.02040816326530612,0
105.59999999999614,0.062351437352529716,0.02551020408163265,0
105.64999999999614,0.04694984169317872,0.07142857142857141,0
105.69999999999614,0.028149003337555645,0.1275510204081632,0
105.74999999999613,0.027978586245765016,0.015306122448979591,0
105.79999999999613,0.020789111924009777,0.015306122448979591,0
105.84999999999613,0.012295201456309947,0.02040816326530612,0
105.89999999999613,0.03896120660696862,0.015306122448979591,0
105.94999999999612,0.023437554843229246,0.02551020408163265,0
105.99999999999612,0.06009369731560771,0.015306122448979591,0
106.04999999999612,0.10559451440414601,0.13265306122448975,0
106.09999999999611,0.09420334719778545,0.02040816326530612,0
106.14999999999611,0.08264667573798731,0.07142857142857141,0
106.19999999999611,0.07338782395132015,0.07142857142857141,0
106.2499999999961,0.06974166767787064,0.02040816326530612,0
106.2999999999961,0.04808863343713544,0.02040816326530612,0
106.3499999999961,0.061165609224590946,0.07142857142857141,0
106.3999999999961,0.07195720291692528,0.07142857142857141,0
106.4499999999961,0.0649725404091406,0.015306122448979591,0
106.49999999999609,0.046804870578858515,0.015306122448979591,0
106.54999999999609,0.025801106281255634,0.02040816326530612,0
106.59999999999609,0.03230053683232589,0.015306122448979591,0
106.64999999999608,0.014397189373917936,0.07142857142857141,0
106.69999999999608,0.06034895797353035,0.015306122448979591,0
106.74999999999608,0.08621706381032904,0.07653061224489795,0
106.79999999999607,0.08916667610985257,0.015306122448979591,0
106.84999999999607,0.0785136949183598,0.07142857142857141,0
106.89999999999607,0.05873990316772926,0.015306122448979591,0
106.94999999999607,0.07192811855476,0.02040816326530612,0
106.99999999999606,0.04895220548608749,0.015306122448979591,0
107.04999999999606,0.45561259190029635,0.2704081632653061,0
107.09999999999606,0.45342060711337984,0.21938775510204084,0
107.14999999999606,0.4450855315072285,0.20408163265306123,0
107.19999999999605,0.439069267288044,0.20408163265306123,0
107.24999999999605,0.4294302047796721,0.05102040816326531,0
107.29999999999605,0.4138757663218808,0.05102040816326531,0
107.34999999999604,0.40556682134851163,0.05102040816326531,0
107.39999999999604,0.39409530610324633,0.05102040816326531,0
107.44999999999604,0.38087031938234633,0.061224489795918366,0
107.49999999999604,0.37423989963526594,0.05612244897959184,0
107.54999999999603,0.36607001643452186,0.1530612244897959,0
107.59999999999603,0.35957593439244956,0.10204081632653059,0
107.64999999999603,0.33283098537550554,0.05102040816326531,0
107.69999999999602,0.31008685656153867,0.05102040816326531,0
107.74999999999602,0.2942910021226492,0.05102040816326531,0
107.79999999999602,0.28173415525856227,0.05102040816326531,0
107.84999999999602,0.2656709549705008,0.05102040816326531,0
107.89999999999601,0.27356402343865427,0.061224489795918366,0
107.94999999999601,0.24429251124891782,0.05102040816326531,0
107.999999999996,0.22206169766489994,0.05612244897959184,0
108.049999999996,0.204563968659227,0.05612244897959184,0
108.099999999996,0.19521450143282584,0.10204081632653059,0
108.149999999996,0.19280006548495,0.10714285714285711,0
108.199999999996,0.17796568210889202,0.05102040816326531,0
108.24999999999599,0.17224182654706802,0.10204081632653059,0
108.29999999999599,0.1523111312427471,0.05102040816326531,0
108.34999999999599,0.160363358039873,0.05102040816326531,0
108.39999999999598,0.11448593903967208,0.05612244897959184,0
108.44999999999598,0.11111636366080567,0.05102040816326531,0
108.49999999999598,0.11029172169532576,0.10714285714285711,0
108.54999999999598,0.08474894620043473,0.05102040816326531,0
108.59999999999597,0.05645765078611908,0.10204081632653059,0
108.64999999999597,0.030229170831624318,0.05102040816326531,0
108.69999999999597,0.010886620176627835,0.05612244897959184,0
108.74999999999596,0.009648781568688584,0.05102040816326531,0
108.79999999999596,0.020277789312181944,0.10204081632653059,0
108.84999999999596,0.03720860196547766,0.05102040816326531,0
108.89999999999596,0.07519067911794179,0.05102040816326531,0
108.94999999999595,0.05221653604687515,0.05612244897959184,0
108.99999999999595,0.05856787779580753,0.05612244897959184,0
109.04999999999595,0.005519209593490694,0.10204081632653059,0
109.09999999999594,0.05725303978193389,0.10714285714285711,0
109.14999999999594,0.024805900785874177,0.05102040816326531,0
109.19999999999594,0.014268476319343632,0.10204081632653059,0
109.24999999999594,0.014435509191087218,0.05102040816326531,0
109.29999999999593,0.055820426221967666,0.05612244897959184,0
109.34999999999593,0.034686896102597536,0.05102040816326531,0
109.39999999999593,0.030169266485671378,0.10204081632653059,0
109.44999999999592,0.013008366062637751,0.05612244897959184,0
109.49999999999592,0.05813538563883605,0.05102040816326531,0
109.54999999999592,0.08827914111337562,0.05612244897959184,0
109.59999999999592,0.077986644246473,0.061224489795918366,0
109.64999999999591,0.07004954271401896,0.10204081632653059,0
109.69999999999591,0.07186474442732925,0.1530612244897959,0
109.74999999999591,0.0825572065207221,0.05612244897959184,0
109.7999999999959,0.09320708645269901,0.05102040816326531,0
109.8499999999959,0.060003111006349336,0.10204081632653059,0
109.8999999999959,0.035686220425563894,0.05612244897959184,0
109.9499999999959,0.03567363802208591,0.05102040816326531,0
109.9999999999959,0.0394256003436781,0.10204081632653059,0
110.04999999999589,0.043017895853135944,0.05102040816326531,0
110.09999999999589,0.05815332044820789,0.061224489795918366,0
110.14999999999588,0.08202455754912541,0.05102040816326531,0
110.19999999999588,0.022391114511960422,0.1530612244897959,0
110.24999999999588,0.016537190543952595,0.05102040816326531,0
110.29999999999588,0.016643706119613758,0.05102040816326531,0
110.34999999999587,0.01642483085908954,0.05102040816326531,0
110.39999999999587,3.2889751619896704e-16,0.05102040816326531,0
110.44999999999587,0.008864164693521146,0.05102040816326531,0
110.49999999999586,0.012782475315847277,0.05102040816326531,0
110.54999999999586,0.004647322219310912,0.05102040816326531,0
110.59999999999586,0.017637271866110995,0.05102040816326531,0
110.64999999999586,0.017697310426847603,0.05102040816326531,0
110.69999999999585,0.017415136627871163,0.05102040816326531,0
110.74999999999585,2.857974403647114e-16,0.05102040816326531,0
110.79999999999585,0.018366335714155135,0.05102040816326531,0
110.84999999999584,0.02669153412914899,0.05612244897959184,0
110.89999999999584,0.044368076266715385,0.05102040816326531,0
110.94999999999584,0.0630606701976171,0.10204081632653059,0
110.99999999999584,0.05538919748643501,0.061224489795918366,0
111.04999999999583,0.0469742791873747,0.05102040816326531,0
111.09999999999583,0.04142991367864336,0.1530612244897959,0
111.14999999999583,0.014675810329085149,0.05102040816326531,0
111.19999999999582,0.05962356632162394,0.05102040816326531,0
111.24999999999582,0.09198605397270085,0.05102040816326531,0
111.29999999999582,0.1255232939288507,0.05102040816326531,0
111.34999999999582,0.10954726550544414,0.05102040816326531,0
111.39999999999581,0.09264372405950483,0.05102040816326531,0
111.44999999999581,0.0550804594993487,0.05102040816326531,0
111.49999999999581,0.03322504878828427,0.05102040816326531,0
111.5499999999958,0.011532039982051117,0.05102040816326531,0
111.5999999999958,0.004179629187608015,0.061224489795918366,0
111.6499999999958,0.02062002255627124,0.05612244897959184,0
111.6999999999958,0.03673462509442246,0.1530612244897959,0
111.7499999999958,0.033063342300159636,0.10714285714285711,0
111.79999999999579,0.08053376482269933,0.05612244897959184,0
111.84999999999579,0.0962739094410675,0.10204081632653059,0
111.89999999999579,0.05578848621775771,0.10204081632653059,0
111.94999999999578,0.07684556666628102,0.10204081632653059,0
111.99999999999578,0.0995895552793916,0.05102040816326531,0
112.04999999999578,0.3570011000284694,0.20918367346938777,0
112.09999999999577,0.33164210727845866,0.14285714285714282,0
112.14999999999577,0.3079711527470116,0.18877551020408162,0
112.19999999999577,0.2924283945511953,0.14285714285714282,0
112.24999999999577,0.27935136285990153,0.02551020408163265,0
112.29999999999576,0.2543268204940977,0.14285714285714282,0
112.34999999999576,0.23981330866693876,0.07653061224489795,0
112.39999999999576,0.2141895629343698,0.13265306122448975,0
112.44999999999575,0.1783643207867478,0.07142857142857141,0
112.49999999999575,0.15621199321569224,0.01020408163265306,0
112.54999999999575,0.1335297777692811,0.01020408163265306,0
112.59999999999575,0.07610512163836548,0.01020408163265306,0
112.64999999999574,0.03777566060479574,0.015306122448979591,0
112.69999999999574,0.02206752743432104,0.01020408163265306,0
112.74999999999574,0.038488998702877475,0.07142857142857141,0
112.79999999999573,0.02736044758927001,0.01020408163265306,0
112.84999999999573,0.03565353919991593,0.015306122448979591,0
112.89999999999573,0.010534878528377346,0.01020408163265306,0
112.94999999999573,0.030394279383345657,0.02040816326530612,0
112.99999999999572,0.018523971187533454,0.01020408163265306,0
113.04999999999572,0.5653813454207338,0.13265306122448975,0
113.09999999999572,0.5513370600379195,0.015306122448979591,0
113.14999999999571,0.5388863881594167,0.01020408163265306,0
113.19999999999571,0.5136210440516401,0.07142857142857141,0
113.24999999999571,0.48527740322682505,0.015306122448979591,0
113.2999999999957,0.4635156449853133,0.01020408163265306,0
113.3499999999957,0.44426588408329115,0.07142857142857141,0
113.3999999999957,0.4145745568637505,0.015306122448979591,0
113.4499999999957,0.4139198440854058,0.015306122448979591,0
113.4999999999957,0.40457753756775516,0.07653061224489795,0
113.54999999999569,0.4009535713174888,0.08163265306122447,0
113.59999999999569,0.40022555688779693,0.07142857142857141,0
113.64999999999569,0.41177003473181306,0.13265306122448975,0
113.69999999999568,0.4216206048673469,0.01020408163265306,0
113.74999999999568,0.42397471953181287,0.13775510204081629,0
113.79999999999568,0.4531110922546133,0.015306122448979591,0
113.84999999999567,0.5362165732567449,0.07142857142857141,0
113.89999999999567,0.4097086803998745,0.07142857142857141,0
113.94999999999567,0.41869689883410005,0.01020408163265306,0
113.99999999999567,0.4434241416997106,0.015306122448979591,0
114.04999999999566,0.6025822207071474,0.01020408163265306,0
114.09999999999566,0.5171873732069173,0.07653061224489795,0
114.14999999999566,0.46468688372481415,0.01020408163265306,0
114.19999999999565,0.36370172706695986,0.07142857142857141,0
114.24999999999565,0.3771486152832972,0.01020408163265306,0
114.29999999999565,0.3936276901219636,0.01020408163265306,0
114.34999999999565,0.3379578598592826,0.02040816326530612,0
114.39999999999564,0.3161862969951826,0.015306122448979591,0
114.44999999999564,0.29701576546503805,0.13265306122448975,0
114.49999999999564,0.2603572950606227,0.07142857142857141,0
114.54999999999563,0.26599527694994973,0.01020408163265306,0
114.59999999999563,0.20769070212925672,0.01020408163265306,0
114.64999999999563,0.18047396910674174,0.01020408163265306,0
114.69999999999563,0.15483837043235757,0.01020408163265306,0
114.74999999999562,0.13830119865595847,0.01020408163265306,0
114.79999999999562,0.13218942310759593,0.015306122448979591,0
114.84999999999562,0.12515405578877903,0.015306122448979591,0
114.89999999999561,0.12404090022679291,0.07653061224489795,0
114.94999999999561,0.07564835374410986,0.02040816326530612,0
114.99999999999561,0.07141155145721179,0.08163265306122447,0
115.0499999999956,0.5195427382793013,0.20408163265306123,0
115.0999999999956,0.5242864193593728,0.20408163265306123,0
115.1499999999956,0.517662026204714,0.08163265306122447,0
115.1999999999956,0.5225507637951784,0.06632653061224487,0
115.2499999999956,0.5119416539413906,0.20408163265306123,0
115.29999999999559,0.5169069548263665,0.00510204081632653,0
115.34999999999559,0.4876140173233649,0.07142857142857141,0
115.39999999999559,0.5015788782266792,0.07142857142857141,0
115.44999999999558,0.49826695816457583,0.07142857142857141,0
115.49999999999558,0.47805362399955853,0.07653061224489795,0
115.54999999999558,0.4759944989425573,0.07142857142857141,0
115.59999999999557,0.4709139106669867,0.13265306122448975,0
115.64999999999557,0.4845556597125024,0.07653061224489795,0
115.69999999999557,0.46750230434257456,0.0,0
115.74999999999557,0.438059901246616,0.13775510204081629,0
115.79999999999556,0.43024393383253934,0.0,0
115.84999999999556,0.4238032041867968,0.07142857142857141,0
115.89999999999556,0.4359057130903238,0.015306122448979591,0
115.94999999999555,0.4053027933177719,0.06632653061224487,0
115.99999999999555,0.4158868775178579,0.1989795918367347,0
116.04999999999555,0.4076033139497728,0.0,0
116.09999999999555,0.3802066535771085,0.0,0
116.14999999999554,0.36948085615141485,0.00510204081632653,0
116.19999999999554,0.3578899578907811,0.00510204081632653,0
116.24999999999554,0.35000735723679294,0.0,0
116.29999999999553,0.326984436743716,0.07142857142857141,0
116.34999999999553,0.3254754779055469,0.0,0
116.39999999999553,0.3055788807214816,0.06632653061224487,0
116.44999999999553,0.30364047203844247,0.0,0
116.49999999999552,0.29448454032002713,0.0,0
116.54999999999552,0.285994445510601,0.0,0
116.59999999999552,0.2912828746960097,0.0,0
116.64999999999552,0.23772994339108214,0.0,0
116.69999999999551,0.2390579991061772,0.00510204081632653,0
116.74999999999551,0.20410859738744394,0.0,0
116.7999999999955,0.27380293404677203,0.06632653061224487,0
116.8499999999955,0.2708241414682603,0.015306122448979591,0
116.8999999999955,0.2400127259801523,0.0,0
116.9499999999955,0.20117088816180878,0.1989795918367347,0
116.9999999999955,0.1988761117846617,0.0,0
117.04999999999549,0.10012369204370088,0.0,0
117.09999999999549,0.07869679153767369,0.01020408163265306,0
117.14999999999549,0.06513067845222843,0.00510204081632653,0
117.19999999999548,0.04425757915404775,0.13265306122448975,0
117.24999999999548,0.06370034677175075,0.061224489795918345,0
117.29999999999548,0.038233633092776234,0.0,0
117.34999999999548,0.019887989252195752,0.01020408163265306,0
117.39999999999547,0.029753661058635753,0.0,0
117.44999999999547,0.049038099860385695,0.13775510204081629,0
117.49999999999547,0.02975366105863573,0.01020408163265306,0
117.54999999999546,0.02975366105863573,0.06632653061224487,0
117.59999999999546,0.04573303596056328,0.0,0
117.64999999999546,0.025317679928580635,0.01020408163265306,0
117.69999999999546,0.04265004607399496,0.0,0
117.74999999999545,0.03698004322167576,0.1275510204081632,0
117.79999999999545,0.08670822893258555,0.0,0
117.84999999999545,0.04464241072854862,0.01020408163265306,0
117.89999999999544,0.03698004322167588,0.0,0
117.94999999999544,0.03787856371794493,0.06632653061224487,0
117.99999999999544,0.02005562625806996,0.02040816326530612,0
118.04999999999544,0.10942446960575129,0.07142857142857141,0
118.09999999999543,0.0945012174846852,0.260204081632653,0
118.14999999999543,0.129926003513125,0.06632653061224487,0
118.19999999999543,0.10484281587142463,0.13265306122448975,0
118.24999999999542,0.09132555194144251,0.00510204081632653,0
118.29999999999542,0.08073679636580743,0.01020408163265306,0
118.34999999999542,0.07757164774953278,0.00510204081632653,0
118.39999999999542,0.08871129864862198,0.06632653061224487,0
118.44999999999541,0.1425901775827291,0.00510204081632653,0
118.49999999999541,0.06331146757418127,0.00510204081632653,0
118.5499999999954,0.9999993480136571,0.015306122448979591,0
118.5999999999954,0.9999993480136571,0.00510204081632653,0
118.6499999999954,0.06106708734175928,0.00510204081632653,0
118.6999999999954,0.0514303591060212,0.00510204081632653,0
118.7499999999954,0.9999993240004514,0.00510204081632653,0
118.79999999999539,0.9999996620001158,0.00510204081632653,0
118.84999999999539,0.9999999999996998,0.00510204081632653,0
118.89999999999539,0.9999992374894703,0.00510204081632653,0
118.94999999999538,0.9999992374894703,0.01020408163265306,0
118.99999999999538,0.02622240386831894,0.00510204081632653,0
119.04999999999538,0.031572414209037857,0.06632653061224487,0
119.09999999999538,0.9999999999999218,0.00510204081632653,0
119.14999999999537,0.999999999999922,0.01020408163265306,0
119.19999999999537,0.08192146890584996,0.00510204081632653,0
119.24999999999537,0.12215879080349683,0.07142857142857141,0
119.29999999999536,0.1522561950169479,0.00510204081632653,0
119.34999999999536,0.1501955982037701,0.07142857142857141,0
119.39999999999536,0.09991591158927747,0.00510204081632653,0
119.44999999999536,0.9999999999998576,0.06632653061224487,0
119.49999999999535,0.08233737770251122,0.00510204081632653,0
119.54999999999535,0.9999999999991555,0.01020408163265306,0
119.59999999999535,0.2904686479608719,0.00510204081632653,0
119.64999999999534,0.9999999999999774,0.06632653061224487,0
119.69999999999534,0.531851161871488,0.00510204081632653,0
119.74999999999534,0.3654603102363318,0.00510204081632653,0
119.79999999999534,0.1777154754856948,0.01020408163265306,0
119.84999999999533,0.06416796413224611,0.015306122448979591,0
119.89999999999533,0.1333691945274739,0.07142857142857141,0
119.94999999999533,0.15054998495026692,0.12244897959183669,0
119.99999999999532,0.15054998495026692,0.06632653061224487,0
120.04999999999532,0.13922062818345762,0.01020408163265306,0
120.09999999999532,0.12877284463686134,0.00510204081632653,0
120.14999999999532,0.07990385398811385,0.061224489795918345,0
120.19999999999531,0.9999999999992897,0.01020408163265306,0
120.24999999999531,0.14165393117077557,0.01020408163265306,0
120.29999999999531,0.10918252776054799,0.07142857142857141,0
120.3499999999953,0.9999999999999116,0.07142857142857141,0
120.3999999999953,0.09481831719484089,0.06632653061224487,0
120.4499999999953,0.10760585276299214,0.01020408163265306,0
120.4999999999953,0.00949195594875853,0.00510204081632653,0
120.5499999999953,0.9999998561968865,0.07653061224489795,0
120.59999999999529,0.9999996041905033,0.02551020408163265,0
120.64999999999529,0.9999999999998852,0.1275510204081632,0
120.69999999999528,0.9999999999999035,0.06632653061224487,0
120.74999999999528,0.9999999400442812,0.00510204081632653,0
120.79999999999528,0.9999999999998966,0.00510204081632653,0
120.84999999999528,0.9999999420416851,0.01020408163265306,0
120.89999999999527,0.13681001294824796,0.01020408163265306,0
120.94999999999527,0.9999995015001735,0.061224489795918345,0
120.99999999999527,0.999999654912108,0.07653061224489795,0
121.04999999999526,0.13639748038102179,0.1581632653061224,0
121.09999999999526,0.13658323063479672,0.26530612244897955,0
121.14999999999526,0.16537844379223798,0.14795918367346933,0
121.19999999999526,0.19327589285783373,0.1989795918367347,0
121.24999999999525,0.12004979264093794,0.04591836734693877,0
121.29999999999525,0.1879228381816781,0.05612244897959184,0
121.34999999999525,0.11623098399926877,0.05612244897959184,0
121.39999999999525,0.0416654266843555,0.1530612244897959,0
121.44999999999524,0.040864161070725644,0.14795918367346933,0
121.49999999999524,0.052562549200350785,0.09693877551020406,0
121.54999999999524,0.04347779364310635,0.05102040816326531,0
121.59999999999523,0.15199399578306652,0.04591836734693877,0
121.64999999999523,0.9999998386666924,0.1020408163265306,0
121.69999999999523,0.9999998987496604,0.05612244897959184,0
121.74999999999523,0.9999999060997358,0.1020408163265306,0
121.79999999999522,0.9999998906124322,0.14285714285714282,0
121.84999999999522,0.06853664071730209,0.09693877551020406,0
121.89999999999522,0.03389490039279426,0.05102040816326531,0
121.94999999999521,0.13293145660496267,0.04591836734693877,0
121.99999999999521,0.029212315511409778,0.09693877551020406,0
122.04999999999521,0.9999998178415124,0.04591836734693877,0
122.0999999999952,0.9999998822655373,0.04591836734693877,0
122.1499999999952,0.08680310256511385,0.061224489795918366,0
122.1999999999952,0.08797199335789553,0.04591836734693877,0
122.2499999999952,0.06555301964275002,0.1020408163265306,0
122.2999999999952,0.9999995160002244,0.04591836734693877,0
122.34999999999519,0.1255852899834101,0.09693877551020406,0
122.39999999999519,0.02262520610527379,0.04591836734693877,0
122.44999999999519,0.9999997580000566,0.04591836734693877,0
122.49999999999518,0.99999975347284,0.04591836734693877,0
122.54999999999518,0.9999996494117449,0.04591836734693877,0
122.59999999999518,0.9999999358159769,0.05102040816326531,0
122.64999999999517,0.9999994863880696,0.05102040816326531,0
122.69999999999517,0.9999998010048295,0.1020408163265306,0
122.74999999999517,0.9999997220712816,0.09693877551020406,0
122.79999999999517,0.9999997580000566,0.1020408163265306,0
122.84999999999516,0.9999997578962697,0.05612244897959184,0
122.89999999999516,0.999999434733856,0.1020408163265306,0
122.94999999999516,0.9999997398233327,0.14795918367346933,0
122.99999999999515,0.9999993982962194,0.09693877551020406,0
123.04999999999515,0.9999999877845872,0.10714285714285712,0
123.09999999999515,0.5958820458855733,0.10204081632653059,0
123.14999999999515,0.5918420543703483,0.10204081632653059,0
123.19999999999514,0.5713640528132965,0.10204081632653059,0
123.24999999999514,0.563744628606388,0.09693877551020406,0
123.29999999999514,0.9999999845000289,0.09693877551020406,0
123.34999999999513,0.5158234636397098,0.04591836734693877,0
123.39999999999513,0.9999999861769421,0.04081632653061224,0
123.44999999999513,0.47221885722742046,0.09693877551020406,0
123.49999999999513,0.4571318999535282,0.04081632653061224,0
123.54999999999512,0.4297480341795142,0.04081632653061224,0
123.59999999999512,0.3998381038899232,0.04081632653061224,0
123.64999999999512,0.37169296773732524,0.04591836734693877,0
123.69999999999511,0.348823053922467,0.04081632653061224,0
123.74999999999511,0.3141076649848233,0.10204081632653059,0
123.79999999999511,0.27728654705675104,0.04591836734693877,0
123.8499999999951,0.24690655658996474,0.09693877551020406,0
123.8999999999951,0.18915634637063683,0.10714285714285712,0
123.9499999999951,0.1367919089034294,0.04591836734693877,0
123.9999999999951,0.12189489273638036,0.1530612244897959,0
124.0499999999951,0.06264583565986885,0.09693877551020406,0
124.09999999999509,0.2255439449367224,0.04081632653061224,0
124.14999999999509,0.14200227818879044,0.04591836734693877,0
124.19999999999509,0.08972950485676143,0.04081632653061224,0
124.24999999999508,0.09055260974266961,0.09693877551020406,0
124.29999999999508,0.0912147701328283,0.04081632653061224,0
124.34999999999508,0.9999999999997703,0.04081632653061224,0
124.39999999999507,0.0335050389615846,0.04081632653061224,0
124.44999999999507,0.025616211658780485,0.04081632653061224,0
124.49999999999507,0.0075351958412860605,0.04591836734693877,0
124.54999999999507,0.06110058322063002,0.04591836734693877,0
124.59999999999506,0.062072729981252524,0.04591836734693877,0
124.64999999999506,0.0664476945422339,0.09693877551020406,0
124.69999999999506,0.06673921012261426,0.09693877551020406,0
124.74999999999505,0.9999997532800277,0.04081632653061224,0
124.79999999999505,0.9999999999998115,0.04081632653061224,0
124.84999999999505,0.0507548176991034,0.04081632653061224,0
124.89999999999505,0.0507548176991034,0.04081632653061224,0
124.94999999999504,0.05137421679316939,0.0510204081632653,0
124.99999999999504,0.025880308771496663,0.04081632653061224,0
125.04999999999504,0.056353755633343744,0.14285714285714282,0
125.09999999999503,0.0003812493818746757,0.04081632653061224,0
125.14999999999503,0.2061118547128217,0.04081632653061224,0
125.19999999999503,0.1936638464782451,0.04591836734693877,0
125.24999999999503,0.01797312383333424,0.04591836734693877,0
125.29999999999502,0.019556827734510795,0.09693877551020406,0
125.34999999999502,0.11519450400151021,0.09693877551020406,0
125.39999999999502,0.9999999555240596,0.04081632653061224,0
125.44999999999501,0.9999999228315705,0.04081632653061224,0
125.49999999999501,0.07853804757307989,0.04081632653061224,0
125.54999999999501,0.059263591945880746,0.04081632653061224,0
125.599999999995,0.39347120369888094,0.04081632653061224,0
125.649999999995,0.3962413745258395,0.04081632653061224,0
125.699999999995,0.39218125423940925,0.04081632653061224,0
125.749999999995,0.380200023180631,0.04591836734693877,0
125.799999999995,0.36070652906708356,0.04081632653061224,0
125.84999999999499,0.3383193762390098,0.09693877551020406,0
125.89999999999499,0.3135443469577614,0.04081632653061224,0
125.94999999999499,0.28234734275711426,0.04081632653061224,0
125.99999999999498,0.2537983127839564,0.04591836734693877,0
126.04999999999498,0.2591911189820945,0.14285714285714282,0
126.09999999999498,0.22885947337306006,0.21938775510204084,0
126.14999999999498,0.20661548538218774,0.13265306122448975,0
126.19999999999497,0.19824731776178034,0.2653061224489795,0
126.24999999999497,0.18298095510753046,0.02040816326530612,0
126.29999999999497,0.1719571233572825,0.00510204081632653,0
126.34999999999496,0.15934780881797633,0.07653061224489795,0
126.39999999999496,0.15162851528950808,0.07142857142857141,0
126.44999999999496,0.14001923483123932,0.14285714285714282,0
126.49999999999496,0.1371400683340257,0.06632653061224487,0
126.54999999999495,0.15946864402654803,0.13265306122448975,0
126.59999999999495,0.14775466461349196,0.01020408163265306,0
126.64999999999495,0.12984260353283933,0.0,0
126.69999999999494,0.12005641487362925,0.07142857142857141,0
126.74999999999494,0.11078703339818036,0.00510204081632653,0
126.79999999999494,0.11352928200396724,0.06632653061224487,0
126.84999999999494,0.07832193547399688,0.00510204081632653,0
126.89999999999493,0.08589337678785577,0.0,0
126.94999999999493,0.06898280020631621,0.06632653061224487,0
126.99999999999493,0.0781229085513972,0.01020408163265306,0
127.04999999999492,0.07499461815782851,0.00510204081632653,0
127.09999999999492,0.05876204650015264,0.1275510204081632,0
127.14999999999492,0.0990743417691162,0.06632653061224487,0
127.19999999999492,0.07683871044218923,0.0,0
127.24999999999491,0.03485087492770612,0.0,0
127.29999999999491,0.01648710916741266,0.0,0
127.3499999999949,0.01718375621558388,0.0,0
127.3999999999949,0.012964130061520088,0.0,0
127.4499999999949,0.0068717660321781695,0.0,0
127.4999999999949,0.010409171802169754,0.0,0
127.5499999999949,0.01040917180216979,0.00510204081632653,0
127.59999999999489,0.010409171802169706,0.0,0
127.64999999999489,0.010409171802169706,0.06632653061224487,0
127.69999999999489,0.010380289618129087,0.0,0
127.74999999999488,0.004625807524844289,0.0,0
127.79999999999488,0.004720858761700233,0.0,0
127.84999999999488,0.010137621010554985,0.0,0
127.89999999999488,0.010137621010554924,0.0,0
127.94999999999487,0.010137621010554947,0.00510204081632653,0
127.99999999999487,0.010137621010554947,0.0,0
128.04999999999487,0.010088294599419387,0.00510204081632653,0
128.09999999999488,0.04978982197862569,0.0,0
128.1499999999949,0.015070137396243306,0.07142857142857141,0
128.1999999999949,0.06820704321566802,0.0,0
128.2499999999949,0.018079288278421788,0.061224489795918345,0
128.29999999999492,0.059823495277108986,0.0,0
128.34999999999494,0.08786791392335505,0.07653061224489795,0
128.39999999999495,0.06347583693152589,0.02551020408163265,0
128.44999999999496,0.08295697550703146,0.13775510204081629,0
128.49999999999497,0.09439456498956857,0.06632653061224487,0
128.54999999999498,0.08748191537208747,0.06632653061224487,0
128.599999999995,0.09278716942814884,0.0,0
128.649999999995,0.062294425898781126,0.0,0
128.69999999999501,0.0374158494637063,0.01020408163265306,0
128.74999999999503,0.047197682805722396,0.00510204081632653,0
128.79999999999504,0.041544093193615524,0.06632653061224487,0
128.84999999999505,0.07252841054821747,0.05612244897959182,0
128.89999999999506,0.09674448886679429,0.06632653061224487,0
128.94999999999507,0.10351561204706679,0.015306122448979591,0
128.99999999999508,0.07002496033909042,0.0,0
129.0499999999951,0.09266786401436028,0.2551020408163265,0
129.0999999999951,0.09137616890360328,0.07142857142857141,0
129.14999999999512,0.09795545495906303,0.07653061224489795,0
129.19999999999513,0.09304980993237069,0.07142857142857141,0
129.24999999999514,0.08006534236556424,0.1275510204081632,0
129.29999999999515,0.11661227111135403,0.06632653061224487,0
129.34999999999516,0.08145048514236007,0.00510204081632653,0
129.39999999999517,0.06023406724140957,0.01020408163265306,0
129.44999999999519,0.05168725489050738,0.00510204081632653,0
129.4999999999952,0.07084913514247351,0.06632653061224487,0
129.5499999999952,0.03565847212550352,0.00510204081632653,0
129.59999999999522,0.011013336505526461,0.07142857142857141,0
129.64999999999523,0.08079120391455004,0.00510204081632653,0
129.69999999999524,0.04858335160803444,0.061224489795918345,0
129.74999999999525,0.020093329097797194,0.01020408163265306,0
129.79999999999526,0.020265696677727273,0.01020408163265306,0
129.84999999999528,0.023875020074169275,0.06632653061224487,0
129.8999999999953,0.0071481063706456925,0.07653061224489795,0
129.9499999999953,0.05328704691937403,0.00510204081632653,0
129.9999999999953,0.023373033623714852,0.1275510204081632,0
130.04999999999532,0.094455655723902,0.00510204081632653,0
130.09999999999533,0.14292749005439886,0.00510204081632653,0
130.14999999999534,0.12980905897863296,0.015306122448979591,0
130.19999999999536,0.09406400271564384,0.00510204081632653,0
130.24999999999537,0.0723181912344395,0.1275510204081632,0
130.29999999999538,0.09922971330633674,0.015306122448979591,0
130.3499999999954,0.07601683675122575,0.00510204081632653,0
130.3999999999954,0.05286970551952544,0.13265306122448975,0
130.4499999999954,0.020005861108833012,0.015306122448979591,0
130.49999999999542,0.0262655125301351,0.06632653061224487,0
130.54999999999544,0.051135127073889286,0.13265306122448975,0
130.59999999999545,0.07508968840586067,0.00510204081632653,0
130.64999999999546,0.036024937280886155,0.06632653061224487,0
130.69999999999547,0.07385856132673954,0.00510204081632653,0
130.74999999999548,0.03810702189592032,0.01020408163265306,0
130.7999999999955,0.011725634855854199,0.00510204081632653,0
130.8499999999955,0.036948468532097094,0.00510204081632653,0
130.89999999999552,0.02452412125542247,0.00510204081632653,0
130.94999999999553,0.009944510815791287,0.00510204081632653,0
130.99999999999554,0.009067398851605103,0.015306122448979591,0
131.04999999999555,0.026230020379002458,0.00510204081632653,0
131.09999999999556,0.018003950874449386,0.13265306122448975,0
131.14999999999557,0.018003950874449386,0.00510204081632653,0
131.19999999999558,0.01797548117936553,0.13265306122448975,0
131.2499999999956,0.043311483561035875,0.00510204081632653,0
131.2999999999956,0.01692654709178606,0.07142857142857141,0
131.34999999999562,0.009046884150367846,0.01020408163265306,0
131.39999999999563,0.026500963380155892,0.06632653061224487,0
131.44999999999564,0.017875930644599552,0.01020408163265306,0
131.49999999999565,0.017875930644599552,0.00510204081632653,0
131.54999999999566,0.017901624338486254,0.06632653061224487,0
131.59999999999567,0.017585568022363447,0.01020408163265306,0
131.64999999999569,0.01800913543340852,0.00510204081632653,0
131.6999999999957,0.009097599539097695,0.07142857142857141,0
131.7499999999957,0.04604128838972069,0.01020408163265306,0
131.79999999999572,0.011250337464201404,0.06632653061224487,0
131.84999999999573,0.018030122158383753,0.06632653061224487,0
131.89999999999574,0.008716059061255872,0.01020408163265306,0
131.94999999999575,0.07745406942064949,0.00510204081632653,0
131.99999999999577,0.08674550596491326,0.07142857142857141,0
132.04999999999578,0.08843568629938431,0.015306122448979591,0
132.0999999999958,0.03214156436121564,0.06632653061224487,0
132.1499999999958,0.009855904885322193,0.01020408163265306,0
132.1999999999958,0.01908772491593647,0.00510204081632653,0
132.24999999999582,0.04072903247727328,0.06632653061224487,0
132.29999999999583,0.06386673763527402,0.01020408163265306,0
132.34999999999584,0.034181747430116774,0.00510204081632653,0
132.39999999999586,0.003180165666107606,0.07142857142857141,0
132.44999999999587,0.0568505750510166,0.00510204081632653,0
132.49999999999588,0.038944065911668976,0.07142857142857141,0
132.5499999999959,0.043199821744539735,0.00510204081632653,0
132.5999999999959,0.05889085427006254,0.06632653061224487,0
132.6499999999959,0.029559982422185646,0.00510204081632653,0
132.69999999999592,0.04525391985985719,0.00510204081632653,0
132.74999999999594,0.03626042337021116,0.00510204081632653,0
132.79999999999595,0.01846688593869528,0.01020408163265306,0
132.84999999999596,0.036213252596273435,0.00510204081632653,0
132.89999999999597,0.05819441761685912,0.06632653061224487,0
132.94999999999598,0.048605429325059,0.00510204081632653,0
132.999999999996,0.03721814625896557,0.00510204081632653,0
133.049999999996,0.03156129943722174,0.01020408163265306,0
133.09999999999602,0.03106079506116267,0.00510204081632653,0
133.14999999999603,0.013897203315400364,0.06632653061224487,0
133.19999999999604,0.0340291651947789,0.015306122448979591,0
133.24999999999605,0.06094492422404068,0.00510204081632653,0
133.29999999999606,0.05141544133412829,0.14285714285714282,0
133.34999999999607,0.055528015241803674,0.00510204081632653,0
133.39999999999608,0.03641578566379295,0.18877551020408162,0
133.4499999999961,0.024671265768352324,0.015306122448979591,0
133.4999999999961,0.01751232756833605,0.00510204081632653,0
133.54999999999612,0.006230141904652246,0.1275510204081632,0
133.59999999999613,0.011834388841627555,0.00510204081632653,0
133.64999999999614,0.011637261935439609,0.01020408163265306,0
133.69999999999615,0.01122281434383645,0.01020408163265306,0
133.74999999999616,4.969779755000786e-16,0.07653061224489795,0
133.79999999999617,0.00473480869893476,0.06632653061224487,0
133.8499999999962,0.009454630509738389,0.1275510204081632,0
133.8999999999962,0.009454630509738292,0.00510204081632653,0
133.9499999999962,0.009454630509738292,0.00510204081632653,0
133.99999999999622,0.009238076533677836,0.01020408163265306,0
134.04999999999623,0.4411912461239526,0.1530612244897959,0
134.09999999999624,0.4332452448988903,0.20408163265306123,0
134.14999999999625,0.42499812291651085,0.2551020408163264,0
134.19999999999627,0.41637548068591335,0.13265306122448975,0
134.24999999999628,0.4067294542222882,0.02040816326530612,0
134.2999999999963,0.39907661569981867,0.01020408163265306,0
134.3499999999963,0.3863452509215192,0.13265306122448975,0
134.3999999999963,0.37912246312371406,0.015306122448979591,0
134.44999999999632,0.37261186428805804,0.015306122448979591,0
134.49999999999633,0.3618813665857909,0.06632653061224489,0
134.54999999999634,0.3546814382669764,0.07142857142857141,0
134.59999999999636,0.3450494671959947,0.015306122448979591,0
134.64999999999637,0.3382349193083164,0.015306122448979591,0
134.69999999999638,0.3249346090045536,0.07142857142857141,0
134.7499999999964,0.3149105390516646,0.015306122448979591,0
134.7999999999964,0.29961022886403893,0.02551020408163265,0
134.8499999999964,0.2752081236850016,0.06632653061224489,0
134.89999999999642,0.25902352166951514,0.01020408163265306,0
134.94999999999644,0.2543043346760846,0.01020408163265306,0
134.99999999999645,0.2580126194951388,0.01020408163265306,0
135.04999999999646,0.24051158271417908,0.015306122448979591,0
135.09999999999647,0.2128013847739881,0.015306122448979591,0
135.14999999999648,0.20714283524467064,0.015306122448979591,0
135.1999999999965,0.18266373780631384,0.07653061224489795,0
135.2499999999965,0.14835144692935037,0.07142857142857141,0
135.29999999999652,0.14898576774123443,0.07653061224489795,0
135.34999999999653,0.1516698477875248,0.015306122448979591,0
135.39999999999654,0.1253083290467258,0.1275510204081632,0
135.44999999999655,0.10934705022924249,0.07653061224489795,0
135.49999999999656,0.08932544027994141,0.07653061224489795,0
135.54999999999657,0.06205203458144786,0.07142857142857141,0
135.59999999999658,0.08270661461049929,0.06632653061224489,0
135.6499999999966,0.06990451045129559,0.015306122448979591,0
135.6999999999966,0.06737906329628039,0.015306122448979591,0
135.74999999999662,0.05767698045751913,0.07142857142857141,0
135.79999999999663,0.061469000388593424,0.08163265306122447,0
135.84999999999664,0.061108321034573844,0.02040816326530612,0
135.89999999999665,0.08967634822678218,0.13265306122448975,0
135.94999999999666,0.05175111517871483,0.015306122448979591,0
135.99999999999667,0.060150087697303865,0.01020408163265306,0
136.0499999999967,0.08364817448387249,0.07142857142857141,0
136.0999999999967,0.06228847021772459,0.015306122448979591,0
136.1499999999967,0.06998556168748295,0.01020408163265306,0
136.19999999999672,0.030993137020833554,0.07142857142857141,0
136.24999999999673,0.009976595402950227,0.01020408163265306,0
136.29999999999674,0.06620414541639764,0.02040816326530612,0
136.34999999999675,0.04539348229571198,0.01020408163265306,0
136.39999999999677,0.02167617697981996,0.015306122448979591,0
136.44999999999678,0.021695669638104584,0.01020408163265306,0
136.4999999999968,0.052640681940710594,0.07142857142857141,0
136.5499999999968,0.03412701579572889,0.02040816326530612,0
136.5999999999968,0.04268210215519521,0.01020408163265306,0
136.64999999999682,0.034485988016085274,0.02040816326530612,0
136.69999999999683,0.017788788761913803,0.01020408163265306,0
136.74999999999685,0.017788788761913803,0.07653061224489795,0
136.79999999999686,0.017840118341760094,0.01020408163265306,0
136.84999999999687,0.07056999134357522,0.08163265306122447,0
136.89999999999688,0.04028091912970386,0.01020408163265306,0
136.9499999999969,0.06204929960057656,0.13265306122448975,0
136.9999999999969,0.0034964521667852,0.01020408163265306,0
137.0499999999969,0.05587191893341275,0.01020408163265306,0
137.09999999999692,0.0913086711421067,0.01020408163265306,0
137.14999999999694,0.06600927909224757,0.015306122448979591,0
137.19999999999695,0.05359795069886923,0.02040816326530612,0
137.24999999999696,0.05982552758455562,0.07142857142857141,0
137.29999999999697,0.021887433563097913,0.13775510204081629,0
137.34999999999698,0.05519639323615516,0.01020408163265306,0
137.399999999997,0.07657588241446443,0.08163265306122447,0
137.449999999997,0.10369895662495074,0.01020408163265306,0
137.49999999999702,0.09770409139415207,0.1275510204081632,0
137.54999999999703,0.08358394029759136,0.015306122448979591,0
137.59999999999704,0.05441470986758765,0.02551020408163265,0
137.64999999999705,0.043156215147479124,0.07142857142857141,0
137.69999999999706,0.015359447863549572,0.19387755102040818,0
137.74999999999707,0.04318429749978943,0.015306122448979591,0
137.79999999999708,0.07401375280875529,0.01020408163265306,0
137.8499999999971,0.048687990961110685,0.07142857142857141,0
137.8999999999971,0.018133683831415608,0.01020408163265306,0
137.94999999999712,0.009072216951457625,0.01020408163265306,0
137.99999999999713,0.017920967896784906,0.01020408163265306,0
138.04999999999714,0.09444652258256957,0.08163265306122447,0
138.09999999999715,0.09444652258256957,0.08163265306122447,0
138.14999999999716,0.5722747213207211,0.08163265306122447,0
138.19999999999717,0.5476100934493157,0.08163265306122447,0
138.2499999999972,0.5206535119541721,0.07653061224489795,0
138.2999999999972,0.4897758281934901,0.07653061224489795,0
138.3499999999972,0.4539317360780711,0.02551020408163265,0
138.39999999999722,0.4339888380101991,0.02040816326530612,0
138.44999999999723,0.4203069431577397,0.07653061224489795,0
138.49999999999724,0.39262110504670117,0.02040816326530612,0
138.54999999999725,0.3860839198606976,0.02551020408163265,0
138.59999999999727,0.38036455369327643,0.02040816326530612,0
138.64999999999728,0.376042028419389,0.08163265306122447,0
138.6999999999973,0.3923041297105029,0.02551020408163265,0
138.7499999999973,0.405363903553964,0.07653061224489795,0
138.7999999999973,0.38583693164700733,0.07653061224489795,0
138.84999999999732,0.3998156318004326,0.02040816326530612,0
138.89999999999733,0.4221240265405608,0.02040816326530612,0
138.94999999999735,0.4229224961579238,0.02040816326530612,0
138.99999999999736,0.39907769651639596,0.02040816326530612,0
139.04999999999737,0.34838769932663916,0.07653061224489795,0
139.09999999999738,0.34082103958789556,0.07653061224489795,0
139.1499999999974,0.33858222903166146,0.07653061224489795,0
139.1999999999974,0.3527553343600485,0.07653061224489795,0
139.2499999999974,0.35126838761114365,0.07142857142857141,0
139.29999999999742,0.34810518916635824,0.07142857142857141,0
139.34999999999744,0.3011109899154953,0.015306122448979591,0
139.39999999999745,0.2985185448650837,0.01020408163265306,0
139.44999999999746,0.2674688671499928,0.01020408163265306,0
139.49999999999747,0.24282916500917737,0.01020408163265306,0
139.54999999999748,0.23139922723172926,0.015306122448979591,0
139.5999999999975,0.2188294575835082,0.01020408163265306,0
139.6499999999975,0.20051367610969248,0.07653061224489795,0
139.69999999999752,0.2263907343097998,0.01020408163265306,0
139.74999999999753,0.20257839716471304,0.07142857142857141,0
139.79999999999754,0.22292521864861814,0.01020408163265306,0
139.84999999999755,0.2204364298614327,0.01020408163265306,0
139.89999999999756,0.1657180692180512,0.01020408163265306,0
139.94999999999757,0.11874624907513193,0.01020408163265306,0
139.99999999999758,0.09371993565970684,0.02040816326530612,0
140.0499999999976,0.6491234264763721,0.08673469387755099,0
140.0999999999976,0.999999913600008,0.14795918367346933,0
140.14999999999762,0.11016477970445644,0.14795918367346933,0
140.19999999999763,0.12000064667794945,0.14795918367346933,0
140.24999999999764,0.12000064667794974,0.14795918367346933,1
140.29999999999765,0.1200006466779498,0.14795918367346933,1
140.34999999999766,0.12000064667794971,0.14795918367346933,1
140.39999999999768,0.1200006466779498,0.14795918367346933,1
140.4499999999977,0.12000064667794923,0.14795918367346933,1
140.4999999999977,0.12000064667794932,0.14795918367346933,1
140.5499999999977,0.12000064667794932,0.14795918367346933,0
140.59999999999772,0.12000064667794932,0.19387755102040813,0
140.64999999999773,0.1187613967182764,0.19387755102040813,0
140.69999999999774,0.14987225921752625,0.6989795918367347,0
140.74999999999775,0.18882214636074476,0.6989795918367347,0
140.79999999999777,0.24363815196724006,0.642857142857143,0
140.84999999999778,0.20366183124279186,0.642857142857143,0
140.8999999999978,0.16713791960547134,0.03571428571428571,0
140.9499999999978,0.12093752013256852,0.02551020408163265,0
140.9999999999978,0.09348839199397868,0.14285714285714282,0
141.04999999999782,0.16411009966477877,0.02551020408163265,0
141.09999999999783,0.008975514905627247,0.08673469387755099,0
141.14999999999785,0.1000333340427855,0.02551020408163265,0
141.19999999999786,0.0212279733875542,0.08163265306122448,0
141.24999999999787,0.02055396704069524,0.02551020408163265,0
141.29999999999788,0.01964859152357061,0.02551020408163265,0
141.3499999999979,0.005555693531095532,0.030612244897959183,0
141.3999999999979,0.1471095328719998,0.03571428571428571,0
141.4499999999979,0.017358917238259237,0.08163265306122448,0
141.49999999999793,0.10078535119155066,0.14285714285714282,0
141.54999999999794,0.18571112722813157,0.030612244897959183,0
141.59999999999795,0.1778681478490047,0.08163265306122448,0
141.64999999999796,0.15943137744805166,0.08673469387755099,0
141.69999999999797,0.11306864136087234,0.030612244897959183,0
141.74999999999798,0.025226663092822784,0.08163265306122448,0
141.799999999998,0.1081839695311811,0.08163265306122448,0
141.849999999998,0.11702561623473653,0.02551020408163265,0
141.89999999999802,0.16071221053655582,0.030612244897959183,0
141.94999999999803,0.1839529837572148,0.030612244897959183,0
141.99999999999804,0.13314208787390328,0.08163265306122448,0
142.04999999999805,0.07444651090066634,0.08163265306122448,0
142.09999999999806,0.06298014636800327,0.02551020408163265,0
142.14999999999807,0.028565470290605192,0.02551020408163265,0
142.19999999999808,0.02856547029060521,0.03571428571428571,0
142.2499999999981,0.028565470290604262,0.04081632653061224,0
142.2999999999981,0.028565470290604262,0.14795918367346933,0
142.34999999999812,0.04551675683190729,0.13775510204081629,0
142.39999999999813,0.0713384946542815,0.13775510204081629,0
142.44999999999814,0.9999999280747939,0.08673469387755099,0
142.49999999999815,0.16447044008922956,0.02551020408163265,0
142.54999999999816,0.1282513026880617,0.08673469387755099,0
142.59999999999818,0.05685635435027902,0.02551020408163265,0
142.6499999999982,0.04241088011797507,0.08163265306122448,0
142.6999999999982,0.04356679467267434,0.02551020408163265,0
142.7499999999982,0.04417384290615736,0.02551020408163265,0
142.79999999999822,0.031780632936089744,0.02551020408163265,0
142.84999999999823,0.05625152771189417,0.02551020408163265,0
142.89999999999824,0.05625152771189385,0.02551020408163265,0
142.94999999999825,0.056251527711894,0.02551020408163265,0
142.99999999999827,0.056251527711894,0.02551020408163265,0
143.04999999999828,0.6456608771030166,0.1530612244897959,0
143.0999999999983,0.6885735565381266,0.1530612244897959,0
143.1499999999983,0.6350531028776674,0.14285714285714282,0
143.1999999999983,0.6667101494087811,0.14285714285714282,0
143.24999999999832,0.6258051122675954,0.030612244897959183,0
143.29999999999833,0.6186736567868455,0.030612244897959183,0
143.34999999999835,0.610195902194408,0.030612244897959183,0
143.39999999999836,0.6058112839989892,0.030612244897959183,0
143.44999999999837,0.6013653311241475,0.04591836734693877,0
143.49999999999838,0.5932782100108587,0.04081632653061224,0
143.5499999999984,0.5915992971213487,0.19897959183673472,0
143.5999999999984,0.5750511192115121,0.13265306122448978,0
143.6499999999984,0.578145364755199,0.030612244897959183,0
143.69999999999843,0.5775411991927607,0.03571428571428571,0
143.74999999999844,0.5804862572827417,0.030612244897959183,0
143.79999999999845,0.5455084184426882,0.08673469387755099,0
143.84999999999846,0.534072432738429,0.04081632653061224,0
143.89999999999847,0.6069096870477896,0.03571428571428571,0
143.94999999999848,0.5522774735458171,0.14285714285714282,0
143.9999999999985,0.5892650757084189,0.09693877551020405,0
144.0499999999985,0.5072035143643249,0.030612244897959183,0
144.09999999999852,0.5006591753531401,0.14795918367346933,0
144.14999999999853,0.4724718727078745,0.03571428571428571,0
144.19999999999854,0.4499375047183495,0.08163265306122447,0
144.24999999999855,0.4466048013160864,0.08673469387755099,0
144.29999999999856,0.4694249289890053,0.03571428571428571,0
144.34999999999857,0.6406464957711515,0.030612244897959183,0
144.39999999999858,0.4256395008482755,0.08673469387755099,0
144.4499999999986,0.4172426647224695,0.030612244897959183,0
144.4999999999986,0.4067909175223695,0.03571428571428571,0
144.54999999999862,0.3675202410518987,0.030612244897959183,0
144.59999999999863,0.38173715526948676,0.08673469387755099,0
144.64999999999864,0.3330474820512505,0.030612244897959183,0
144.69999999999865,0.35997244053202915,0.03571428571428571,0
144.74999999999866,0.3493945525893322,0.03571428571428571,0
144.79999999999868,0.3377872651352124,0.09693877551020405,0
144.8499999999987,0.34786413604880567,0.08673469387755099,0
144.8999999999987,0.2787318968601482,0.14285714285714282,0
144.9499999999987,0.2139968544824552,0.030612244897959183,0
144.99999999999872,0.1868363647713819,0.030612244897959183,0
145.04999999999873,0.700259357525369,0.08163265306122447,0
145.09999999999874,0.6959470491665412,0.08163265306122447,0
145.14999999999876,0.6880376780082036,0.07653061224489795,0
145.19999999999877,0.6832558517902091,0.07653061224489795,0
145.24999999999878,0.6982385735892964,0.015306122448979591,0
145.2999999999988,0.665289632292713,0.015306122448979591,0
145.3499999999988,0.6741229699447266,0.02040816326530612,0
145.3999999999988,0.6442812657964547,0.015306122448979591,0
145.44999999999882,0.6362376496761244,0.07653061224489795,0
145.49999999999883,0.631772298328081,0.02040816326530612,0
145.54999999999885,0.6440877963171322,0.02040816326530612,0
145.59999999999886,0.631355997832641,0.08163265306122447,0
145.64999999999887,0.6042649143213277,0.07653061224489795,0
145.69999999999888,0.5911006903073337,0.07653061224489795,0
145.7499999999989,0.5807584945588719,0.015306122448979591,0
145.7999999999989,0.5708198976282806,0.015306122448979591,0
145.84999999999891,0.558987957927935,0.015306122448979591,0
145.89999999999893,0.5559287476228724,0.02551020408163265,0
145.94999999999894,0.5320445973165924,0.015306122448979591,0
145.99999999999895,0.5211215177791093,0.07142857142857141,0
146.04999999999896,0.5070688677411996,0.015306122448979591,0
146.09999999999897,0.4922767855111493,0.02040816326530612,0
146.14999999999898,0.4776513721813122,0.02040816326530612,0
146.199999999999,0.4731415298302932,0.08163265306122448,0
146.249999999999,0.4784749912248087,0.08163265306122447,0
146.29999999999902,0.4454550168640105,0.02040816326530612,0
146.34999999999903,0.429230888547142,0.07653061224489795,0
146.39999999999904,0.3920648654438009,0.07653061224489795,0
146.44999999999905,0.3521515348219379,0.015306122448979591,0
146.49999999999906,0.3274222145760326,0.015306122448979591,0
146.54999999999907,0.2968079966984327,0.02040816326530612,0
146.59999999999908,0.28546802868529153,0.015306122448979591,0
146.6499999999991,0.9999999484683735,0.08163265306122447,0
146.6999999999991,0.20838852052072482,0.02040816326530612,0
146.74999999999912,0.16668382918138877,0.08163265306122447,0
146.79999999999913,0.15716828950275966,0.08163265306122447,0
146.84999999999914,0.14801701201675413,0.08163265306122447,0
146.89999999999915,0.11688202553392758,0.07142857142857141,0
146.94999999999916,0.10332511131070793,0.08163265306122447,0
146.99999999999918,0.09758792306314537,0.02040816326530612,0
147.0499999999992,0.04345456591493554,0.07653061224489795,0
147.0999999999992,0.10630090183115094,0.07653061224489795,0
147.1499999999992,0.1313115883017603,0.015306122448979591,0
147.19999999999922,0.1588844967643919,0.015306122448979591,0
147.24999999999923,0.12230831059166372,0.02040816326530612,0
147.29999999999924,0.08226371742708814,0.015306122448979591,0
147.34999999999926,0.0425869299860929,0.08163265306122447,0
147.39999999999927,0.04092042493446853,0.015306122448979591,0
147.44999999999928,0.04092042493446853,0.07653061224489795,0
147.4999999999993,0.04092042493446817,0.02040816326530612,0
147.5499999999993,0.04092042493446817,0.02040816326530612,0
147.5999999999993,0.10167709991777167,0.07653061224489795,0
147.64999999999932,0.059408569860296474,0.07653061224489795,0
147.69999999999933,0.036027108728732556,0.015306122448979591,0
147.74999999999935,0.0444640166594096,0.02040816326530612,0
147.79999999999936,0.12460304033933396,0.015306122448979591,0
147.84999999999937,0.0882917308931602,0.015306122448979591,0
147.89999999999938,0.07916265136497977,0.015306122448979591,0
147.9499999999994,0.06889210267706403,0.02040816326530612,0
147.9999999999994,0.048262898451179,0.030612244897959183,0
148.04999999999941,0.6163549945781174,0.14285714285714282,0
148.09999999999943,0.6038875608048034,0.27040816326530603,0
148.14999999999944,0.5917386862067813,0.13265306122448975,0
148.19999999999945,0.5788117125690515,0.06632653061224487,0
148.24999999999946,0.5685912520756645,0.07653061224489795,0
148.29999999999947,0.54653205463029,0.00510204081632653,0
148.34999999999948,0.5266669833940844,0.11224489795918365,0
148.3999999999995,0.5091776178050882,0.06632653061224487,0
148.4499999999995,0.5076714424689732,0.01020408163265306,0
148.49999999999952,0.4976674903896986,0.0,0
148.54999999999953,0.4524022828188344,0.13775510204081629,0
148.59999999999954,0.43673893665834496,0.01020408163265306,0
148.64999999999955,0.4155350455997972,0.06632653061224487,0
148.69999999999956,0.3790324792230625,0.13775510204081629,0
148.74999999999957,0.342110809036187,0.0,0
148.79999999999959,0.31134170454463883,0.06632653061224487,0
148.8499999999996,0.2994955753275581,0.0,0
148.8999999999996,0.23154022193649382,0.0,0
148.94999999999962,0.200868785315284,0.00510204081632653,0
148.99999999999963,0.12918823684911077,0.0,0
149.04999999999964,0.20967975762124372,0.08163265306122447,0
149.09999999999965,0.18775345623293524,0.07142857142857141,0
149.14999999999966,0.1285434173498604,0.17857142857142858,0
149.19999999999968,0.11642338045079631,0.06632653061224487,0
149.2499999999997,0.18021829925098654,0.00510204081632653,0
149.2999999999997,0.21838428556665065,0.00510204081632653,0
149.3499999999997,0.160608584719088,0.00510204081632653,0
149.39999999999972,0.08899534421543033,0.015306122448979591,0
149.44999999999973,0.09654448079523179,0.00510204081632653,0
149.49999999999974,0.08576825427863598,0.07653061224489795,0
149.54999999999976,0.08576825427863566,0.00510204081632653,0
149.59999999999977,0.14755319906594375,0.12244897959183669,0
149.64999999999978,0.1518043863980275,0.01020408163265306,0
149.6999999999998,0.16063601740272895,0.07142857142857141,0
149.7499999999998,0.1185038692198536,0.06632653061224487,0
149.7999999999998,0.19713909304546068,0.06632653061224487,0
149.84999999999982,0.23551795335439107,0.00510204081632653,0
149.89999999999984,0.18230937228190047,0.07142857142857141,0
149.94999999999985,0.12505072271725223,0.00510204081632653,0
149.99999999999986,0.09110600503294147,0.06632653061224487,0
150.04999999999987,0.09000780161215977,0.02040816326530612,0
150.09999999999988,0.05655510956572161,0.00510204081632653,0
150.1499999999999,0.09008246758621645,0.18877551020408162,0
150.1999999999999,0.06366072350946386,0.00510204081632653,0
150.24999999999991,0.2319687658788252,0.00510204081632653,0
150.29999999999993,0.1407185463934496,0.01020408163265306,0
150.34999999999994,0.09486361049969111,0.00510204081632653,0
150.39999999999995,0.0950735773763993,0.06632653061224487,0
150.44999999999996,0.09405770862801467,0.01020408163265306,0
150.49999999999997,0.06305987428186231,0.06632653061224487,0
150.54999999999998,0.10842035520947736,0.02040816326530612,0
150.6,0.2130529928227968,0.00510204081632653,0
150.65,0.1376017131607422,0.07653061224489795,0
150.70000000000002,0.396635417231163,0.015306122448979591,0
150.75000000000003,0.39500515607264053,0.1275510204081632,0
150.80000000000004,0.39103399867982286,0.07653061224489795,0
150.85000000000005,0.379295257825155,0.00510204081632653,0
150.90000000000006,0.3596300047442209,0.1275510204081632,0
150.95000000000007,0.33813996075921393,0.00510204081632653,0
151.00000000000009,0.3121166451953273,0.00510204081632653,0
151.0500000000001,0.2806299974717311,0.015306122448979591,0
151.1000000000001,0.2528082728186789,0.00510204081632653,0
151.15000000000012,0.2198503094251338,0.13775510204081629,0
151.20000000000013,0.18361084365642508,0.02040816326530612,0
151.25000000000014,0.15999303587807445,0.10714285714285711,0
151.30000000000015,0.1350850300654613,0.07142857142857141,0
151.35000000000016,0.11434512646116912,0.02040816326530612,0
151.40000000000018,0.09432716940731532,0.06632653061224487,0
151.4500000000002,0.09798037282215565,0.19387755102040818,0
151.5000000000002,0.10194464817303558,0.02040816326530612,0
151.5500000000002,0.12676233410458054,0.061224489795918345,0
151.60000000000022,0.10112123918460211,0.18877551020408162,0
151.65000000000023,0.09306658862692692,0.01020408163265306,0
151.70000000000024,0.10378350284657104,0.00510204081632653,0
151.75000000000026,0.1228576017291225,0.07142857142857141,0
151.80000000000027,0.1152950002468273,0.015306122448979591,0
151.85000000000028,0.11326030612666563,0.07142857142857141,0
151.9000000000003,0.10159367291562983,0.01020408163265306,0
151.9500000000003,0.05706737053430341,0.06632653061224487,0
152.0000000000003,0.10592314068747097,0.14285714285714282,0
152.05000000000032,0.11904637819501789,0.08163265306122447,0
152.10000000000034,0.11439391354393003,0.13265306122448975,0
152.15000000000035,0.12588284649188536,0.07653061224489795,0
152.20000000000036,0.11657768362122987,0.08163265306122447,0
152.25000000000037,0.101599202914497,0.02040816326530612,0
152.30000000000038,0.07504017701892524,0.07653061224489795,0
152.3500000000004,0.09945954329451864,0.02040816326530612,0
152.4000000000004,0.10599912870068447,0.02040816326530612,0
152.45000000000041,0.09315920962414563,0.02551020408163265,0
152.50000000000043,0.08747422104152512,0.02040816326530612,0
152.55000000000044,0.09288962338750721,0.07653061224489795,0
152.60000000000045,0.104657138823693,0.02551020408163265,0
152.65000000000046,0.06208272605473373,0.02551020408163265,0
152.70000000000047,0.0420529846942172,0.07653061224489795,0
152.75000000000048,0.00998074980181795,0.07653061224489795,0
152.8000000000005,0.04198650764237099,0.02040816326530612,0
152.8500000000005,0.042740612343283704,0.02040816326530612,0
152.90000000000052,0.041521041234309074,0.02040816326530612,0
152.95000000000053,0.02770810395581316,0.02040816326530612,0
153.00000000000054,0.09717288948208558,0.09183673469387753,0
153.05000000000055,0.09305792685118248,0.09183673469387753,0
153.10000000000056,0.09305792685118248,0.09693877551020405,0
153.15000000000057,0.09617619785834983,0.08673469387755099,0
153.20000000000059,0.09290002107732966,0.13775510204081629,0
153.2500000000006,0.088623283986617,0.04081632653061224,0
153.3000000000006,0.06381421802387985,0.04081632653061224,0
153.35000000000062,0.048178686188937024,0.09183673469387753,0
153.40000000000063,0.06710332978945187,0.08673469387755099,0
153.45000000000064,0.08985076090431555,0.09183673469387753,0
153.50000000000065,0.09348881626864407,0.03571428571428571,0
153.55000000000067,0.0723472117083708,0.08673469387755099,0
153.60000000000068,0.08056803566587034,0.03571428571428571,0
153.6500000000007,0.04325236238648355,0.03571428571428571,0
153.7000000000007,0.02784490999758509,0.03571428571428571,0
153.7500000000007,0.012015564075954409,0.04081632653061224,0
153.80000000000072,0.0076934624536140256,0.04081632653061224,0
153.85000000000073,0.02992692258889071,0.08673469387755099,0
153.90000000000074,0.057655024743173564,0.03571428571428571,0
153.95000000000076,0.03685044750807085,0.03571428571428571,0
154.00000000000077,0.3709362283020489,0.09693877551020405,0
154.05000000000078,0.3765018414629231,0.09183673469387753,0
154.1000000000008,0.37135645334811423,0.09183673469387753,0
154.1500000000008,0.3625857883522932,0.08673469387755099,0
154.2000000000008,0.3608643081892486,0.09183673469387753,0
154.25000000000082,0.35586040220091547,0.030612244897959183,0
154.30000000000084,0.3512187621648548,0.08673469387755099,0
154.35000000000085,0.33793009642507693,0.030612244897959183,0
154.40000000000086,0.34861934580948617,0.030612244897959183,0
154.45000000000087,0.3449241320752399,0.030612244897959183,0
154.50000000000088,0.34349978777529194,0.03571428571428571,0
154.5500000000009,0.3362910304358579,0.03571428571428571,0
154.6000000000009,0.3259841858130056,0.08163265306122447,0
154.65000000000092,0.32708346038315994,0.09183673469387753,0
154.70000000000093,0.31640827861438353,0.03571428571428571,0
154.75000000000094,0.29683582645672596,0.09183673469387753,0
154.80000000000095,0.28929759183352477,0.08673469387755099,0
154.85000000000096,0.27258671105423204,0.09183673469387753,0
154.90000000000097,0.26940382284072717,0.030612244897959183,0
154.95000000000098,0.26126494007717344,0.08673469387755099,0
155.000000000001,0.2592973126942161,0.04591836734693877,0
155.050000000001,0.24848010928677014,0.03571428571428571,0
155.10000000000102,0.25322898287639284,0.20408163265306123,0
155.15000000000103,0.22916960732459477,0.08673469387755099,0
155.20000000000104,0.207052201426149,0.09183673469387753,0
155.25000000000105,0.1997287873192741,0.030612244897959183,0
155.30000000000106,0.1944061145670928,0.08673469387755099,0
155.35000000000107,0.21993911292632784,0.030612244897959183,0
155.40000000000109,0.19407471470235707,0.030612244897959183,0
155.4500000000011,0.17912064482312584,0.030612244897959183,0
155.5000000000011,0.2002210130963712,0.030612244897959183,0
155.55000000000112,0.19717968518446746,0.030612244897959183,0
155.60000000000113,0.19096031266624067,0.030612244897959183,0
155.65000000000114,0.19222637064921827,0.03571428571428571,0
155.70000000000115,0.16783927474712576,0.030612244897959183,0
155.75000000000117,0.144546771622321,0.09183673469387753,0
155.80000000000118,0.12811509375800645,0.030612244897959183,0
155.8500000000012,0.12639644016790783,0.08163265306122447,0
155.9000000000012,0.11374487975740895,0.030612244897959183,0
155.9500000000012,0.11200532991459022,0.03571428571428571,0
156.00000000000122,0.19654191405020693,0.17346938775510198,0
156.05000000000123,0.18987950501030154,0.21938775510204084,0
156.10000000000124,0.1761888580688186,0.17346938775510198,0
156.15000000000126,0.16537792737667245,0.16326530612244894,0
156.20000000000127,0.15906489102429977,0.16326530612244894,0
156.25000000000128,0.1543007689526302,0.07653061224489795,0
156.3000000000013,0.12603732415227092,0.07142857142857142,0
156.3500000000013,0.0857815113869746,0.12755102040816327,0
156.4000000000013,0.06956578271340078,0.07653061224489795,0
156.45000000000132,0.028171532865218854,0.16326530612244894,0
156.50000000000134,0.05606245899192653,0.11224489795918366,0
156.55000000000135,0.084316338611416,0.07142857142857142,0
156.60000000000136,0.10515101036126213,0.08163265306122448,0
156.65000000000137,0.08360681092208076,0.07653061224489795,0
156.70000000000138,0.057266040294996004,0.1530612244897959,0
156.7500000000014,0.0322997769306554,0.11734693877551017,0
156.8000000000014,0.07021457204227248,0.07653061224489795,0
156.85000000000142,0.10091276802013963,0.07142857142857142,0
156.90000000000143,0.07465654844894433,0.11734693877551017,0
156.95000000000144,0.03821186586795908,0.07653061224489795,0
157.00000000000145,0.4698018397439359,0.13265306122448978,0
157.05000000000146,0.47184904509606973,0.16326530612244894,0
157.10000000000147,0.4644380260528466,0.11224489795918366,0
157.15000000000148,0.4547890168250493,0.10714285714285712,0
157.2000000000015,0.44723896189762846,0.10714285714285712,0
157.2500000000015,0.439647447126349,0.05612244897959184,0
157.30000000000152,0.4324440588099149,0.05612244897959184,0
157.35000000000153,0.4222847892636029,0.05612244897959184,0
157.40000000000154,0.4115859688207922,0.05612244897959184,0
157.45000000000155,0.40565479654739295,0.05612244897959184,0
157.50000000000156,0.39019518333753106,0.05612244897959184,0
157.55000000000157,0.38780617871070894,0.06122448979591837,0
157.6000000000016,0.37739257603527265,0.05612244897959184,0
157.6500000000016,0.375617755042309,0.10714285714285712,0
157.7000000000016,0.3581018698825748,0.05612244897959184,0
157.75000000000162,0.344163543048618,0.05612244897959184,0
157.80000000000163,0.327411526930843,0.05612244897959184,0
157.85000000000164,0.3099189361189086,0.06122448979591837,0
157.90000000000165,0.3125381857917439,0.05612244897959184,0
157.95000000000167,0.29687610387241786,0.10714285714285712,0
158.00000000000168,0.5682362405308434,0.1887755102040816,0
158.0500000000017,0.5608215223231366,0.17857142857142855,0
158.1000000000017,0.5522617592313317,0.17346938775510204,0
158.1500000000017,0.5432168027246878,0.21428571428571427,0
158.20000000000172,0.5273454086746979,0.16326530612244897,0
158.25000000000173,0.5110509258185099,0.06122448979591837,0
158.30000000000175,0.49804464043032143,0.0663265306122449,0
158.35000000000176,0.48487926645213564,0.07142857142857142,0
158.40000000000177,0.47319856122422677,0.11224489795918366,0
158.45000000000178,0.46511325089182204,0.11734693877551018,0
158.5000000000018,0.4403596456565591,0.0663265306122449,0
158.5500000000018,0.4316981933679134,0.11224489795918366,0
158.6000000000018,0.4207363951605711,0.11734693877551018,0
158.65000000000182,0.4156731871012374,0.06122448979591837,0
158.70000000000184,0.41025206373517675,0.11224489795918366,0
158.75000000000185,0.3997593659946924,0.07142857142857142,0
158.80000000000186,0.3926056516508827,0.06122448979591837,0
158.85000000000187,0.3690475889368354,0.0663265306122449,0
158.90000000000188,0.3393469574731476,0.06122448979591837,0
158.9500000000019,0.3143297169029355,0.11224489795918366,0
159.0000000000019,0.29729922593742303,0.06122448979591837,0
159.05000000000192,0.2788626623969791,0.06122448979591837,0
159.10000000000193,0.26169257191912365,0.06122448979591837,0
159.15000000000194,0.24672356875442258,0.06122448979591837,0
159.20000000000195,0.22360547388273885,0.0663265306122449,0
159.25000000000196,0.2078356530016423,0.06122448979591837,0
159.30000000000197,0.19163707799371513,0.11224489795918366,0
159.35000000000198,0.17838251589324533,0.06122448979591837,0
159.400000000002,0.16811470070078421,0.0663265306122449,0
159.450000000002,0.15001883930490664,0.06122448979591837,0
159.50000000000202,0.14611679594197988,0.11224489795918366,0
159.55000000000203,0.12393203509582537,0.06122448979591837,0
159.60000000000204,0.10889897457875085,0.0663265306122449,0
159.65000000000205,0.10289782337671942,0.06122448979591837,0
159.70000000000206,0.10076824514692764,0.10714285714285712,0
159.75000000000207,0.09648972209032265,0.0663265306122449,0
159.8000000000021,0.08848027280949357,0.0663265306122449,0
159.8500000000021,0.06605273284169715,0.10714285714285712,0
159.9000000000021,0.0487109912067334,0.11734693877551018,0
159.95000000000212,0.03890540864419732,0.0663265306122449,0
160.00000000000213,0.02100623475534535,0.11224489795918366,0
160.05000000000214,0.016802616003144106,0.11224489795918366,0
160.10000000000215,0.016802616003144106,0.06122448979591837,0
160.15000000000217,0.016940133602525154,0.06122448979591837,0
160.20000000000218,0.034838290295484124,0.06122448979591837,0
160.2500000000022,0.007797936721282276,0.06122448979591837,0
160.3000000000022,0.009034566105095874,0.06122448979591837,0
160.3500000000022,0.0177830639050969,0.06122448979591837,0
160.40000000000222,0.017783063905096843,0.06122448979591837,0
160.45000000000223,0.017783063905096843,0.0663265306122449,0
160.50000000000225,0.018146490268078474,0.06122448979591837,0
160.55000000000226,0.017560990100962733,0.11224489795918366,0
160.60000000000227,0.047733811439534604,0.06122448979591837,0
160.65000000000228,0.019304769231526308,0.06122448979591837,0
160.7000000000023,0.036919804543876576,0.06122448979591837,0
160.7500000000023,0.031051724819543755,0.06122448979591837,0
160.8000000000023,0.018325369018350322,0.0663265306122449,0
160.85000000000232,0.018343467099243997,0.06122448979591837,0
160.90000000000234,0.018375573544347573,0.11224489795918366,0
160.95000000000235,2.857974403647114e-16,0.06122448979591837,0
161.00000000000236,0.4098433230447801,0.23469387755102042,0
161.05000000000237,0.41121567492853917,0.2193877551020408,0
161.10000000000238,0.3865308205769342,0.2346938775510204,0
161.1500000000024,0.3686481178712395,0.21428571428571427,0
161.2000000000024,0.33304027091983157,0.22448979591836735,0
161.25000000000242,0.2964570040470391,0.09693877551020405,0
161.30000000000243,0.2652227592281607,0.20918367346938774,0
161.35000000000244,0.2432983824501301,0.04081632653061224,0
161.40000000000245,0.23230590254135558,0.04081632653061224,0
161.45000000000246,0.20297514303260172,0.04081632653061224,0
161.50000000000247,0.17161277168223618,0.04081632653061224,0
161.55000000000248,0.13797873835447683,0.04081632653061224,0
161.6000000000025,0.11819927748107857,0.04081632653061224,0
161.6500000000025,0.09810868600028691,0.04591836734693877,0
161.70000000000252,0.10323562684216102,0.04081632653061224,0
161.75000000000253,0.0802184436042881,0.1020408163265306,0
161.80000000000254,0.1069963142081743,0.04081632653061224,0
161.85000000000255,0.12543571017453298,0.09693877551020405,0
161.90000000000256,0.11549182177609509,0.04591836734693877,0
161.95000000000258,0.11830434557921943,0.04081632653061224,0
162.0000000000026,0.09078376845473876,0.04591836734693877,0
162.0500000000026,0.0652593263340413,0.04081632653061224,0
162.1000000000026,0.03817952795510538,0.09693877551020405,0
162.15000000000262,0.018695396354115854,0.04591836734693877,0
162.20000000000263,0.01797366080059004,0.04591836734693877,0
162.25000000000264,0.01819878176591815,0.09693877551020405,0
162.30000000000265,0.018418899587810268,0.09693877551020405,0
162.35000000000267,0.04376897718980865,0.05612244897959184,0
162.40000000000268,0.08210214095928228,0.04081632653061224,0
162.4500000000027,0.05798134796793599,0.21428571428571427,0
162.5000000000027,0.0844702954923848,0.04591836734693877,0
162.5500000000027,0.09610374027147198,0.1020408163265306,0
162.60000000000272,0.09703833860215957,0.10714285714285712,0
162.65000000000273,0.09548193207775213,0.04591836734693877,0
162.70000000000275,0.10700887887122866,0.14795918367346933,0
162.75000000000276,0.06712813119628866,0.09693877551020405,0
162.80000000000277,0.07389412103469017,0.1020408163265306,0
162.85000000000278,0.07162168603928855,0.04081632653061224,0
162.9000000000028,0.07581942295466343,0.1020408163265306,0
162.9500000000028,0.07071008277210178,0.04081632653061224,0
163.0000000000028,0.21518150762458113,0.22959183673469388,0
163.05000000000283,0.20879008769524676,0.16326530612244894,0
163.10000000000284,0.19607590378798162,0.16326530612244894,0
163.15000000000285,0.1804105164831607,0.1530612244897959,0
163.20000000000286,0.1646566706995268,0.1530612244897959,0
163.25000000000287,0.5519093635776195,0.04591836734693878,0
163.30000000000288,0.5171140879432077,0.04081632653061224,0
163.3500000000029,0.48299126055798014,0.1020408163265306,0
163.4000000000029,0.4509369011797721,0.04081632653061224,0
163.45000000000292,0.41594806300866427,0.09693877551020406,0
163.50000000000293,0.39076321498428984,0.04081632653061224,0
163.55000000000294,0.3729882618756206,0.04591836734693878,0
163.60000000000295,0.35737727123890317,0.04081632653061224,0
163.65000000000296,0.35686102237431705,0.09183673469387754,0
163.70000000000297,0.37183967846826493,0.04081632653061224,0
163.75000000000298,0.38315953927435814,0.05102040816326531,0
163.800000000003,0.35872467406655123,0.04081632653061224,0
163.850000000003,0.35591212442169795,0.14795918367346936,0
163.90000000000302,0.3460229020013028,0.04591836734693878,0
163.95000000000303,0.34114090914028017,0.1020408163265306,0
164.00000000000304,0.3779327179911992,0.17346938775510198,0
164.05000000000305,0.38640057806105227,0.16836734693877545,0
164.10000000000306,0.3885457134772507,0.17346938775510204,0
164.15000000000308,0.3945189027174988,0.16836734693877545,0
164.2000000000031,0.355913475945295,0.21428571428571433,0
164.2500000000031,0.3374737913115409,0.10714285714285712,0
164.3000000000031,0.357390475794162,0.06122448979591836,0
164.35000000000312,0.36090233740805977,0.06122448979591836,0
164.40000000000313,0.3788761326364385,0.07142857142857141,0
164.45000000000314,0.5711404896937926,0.06122448979591836,0
164.50000000000315,0.28241316662283655,0.0663265306122449,0
164.55000000000317,0.33096623553096544,0.0663265306122449,0
164.60000000000318,0.3279433278382232,0.11224489795918366,0
164.6500000000032,0.1958747175858664,0.11224489795918366,0
164.7000000000032,0.16965908383568323,0.06122448979591836,0
164.7500000000032,0.15261780813897963,0.06122448979591836,0
164.80000000000322,0.15885264300399823,0.06122448979591836,0
164.85000000000323,0.12253697411818329,0.06632653061224489,0
164.90000000000325,0.09398490951295693,0.06632653061224489,0
164.95000000000326,0.09250443609826149,0.06122448979591836,0
165.00000000000327,0.08222018627175631,0.0663265306122449,0
165.05000000000328,0.07144625284552124,0.0663265306122449,0
165.1000000000033,0.037940990050505,0.11734693877551018,0
165.1500000000033,0.13689785836840335,0.11734693877551018,0
165.2000000000033,0.12535484364698857,0.11224489795918366,0
165.25000000000333,0.15038367629926694,0.11224489795918366,0
165.30000000000334,0.1788875867267147,0.06122448979591836,0
165.35000000000335,0.1510235310885817,0.11734693877551018,0
165.40000000000336,0.1297487865257036,0.0663265306122449,0
165.45000000000337,0.07238209264065135,0.11224489795918366,0
165.50000000000338,0.17206627987333958,0.11224489795918366,0
165.5500000000034,0.2065395014166096,0.06122448979591836,0
165.6000000000034,0.1387740998986098,0.06122448979591836,0
165.65000000000342,0.07768370135116515,0.0663265306122449,0
165.70000000000343,0.07316227940865994,0.06122448979591836,0
165.75000000000344,0.056355679018658345,0.11224489795918366,0
165.80000000000345,0.15144890860651414,0.06122448979591836,0
165.85000000000346,0.07275735798192116,0.06122448979591836,0
165.90000000000347,0.05557345564552313,0.06122448979591836,0
165.95000000000348,0.055573455645522546,0.06122448979591836,0
166.0000000000035,0.5965742250640815,0.19897959183673466,0
166.0500000000035,0.6027892980633622,0.17346938775510198,0
166.10000000000352,0.6256504625359771,0.21938775510204084,0
166.15000000000353,0.9999999878387286,0.16326530612244894,0
166.20000000000354,0.6070236942521163,0.16326530612244894,0
166.25000000000355,0.5856380380775704,0.06122448979591836,0
166.30000000000356,0.5735972927874347,0.06122448979591836,0
166.35000000000358,0.5664866102605844,0.07653061224489796,0
166.4000000000036,0.5618596078011344,0.06122448979591836,0
166.4500000000036,0.5555603871271515,0.07142857142857142,0
166.5000000000036,0.5815647443740471,0.06122448979591836,0
166.55000000000362,0.5333995375855534,0.14795918367346936,0
166.60000000000363,0.5456252824038701,0.06122448979591836,0
166.65000000000364,0.5139902551519134,0.12244897959183669,0
166.70000000000366,0.4999827331931591,0.06122448979591836,0
166.75000000000367,0.4927778912630886,0.16836734693877548,0
166.80000000000368,0.525635484224301,0.0663265306122449,0
166.8500000000037,0.4736649264938385,0.11224489795918365,0
166.9000000000037,0.4955725602762927,0.11224489795918365,0
166.9500000000037,0.42971796223760916,0.06122448979591836,0
167.00000000000372,0.41759813388249734,0.06122448979591836,0
167.05000000000373,0.4049022690216337,0.06122448979591836,0
167.10000000000375,0.3945100487030165,0.0663265306122449,0
167.15000000000376,0.3853703885570383,0.06122448979591836,0
167.20000000000377,0.4151071652520513,0.11224489795918365,0
167.25000000000378,0.3626365031274005,0.06122448979591836,0
167.3000000000038,0.33290801351725025,0.06122448979591836,0
167.3500000000038,0.31359285849871,0.06122448979591836,0
167.4000000000038,0.2861715849547739,0.0663265306122449,0
167.45000000000383,0.2780552432834463,0.0663265306122449,0
167.50000000000384,0.34378462728519116,0.12244897959183669,0
167.55000000000385,0.27919034383261415,0.11224489795918365,0
167.60000000000386,0.2489470517999303,0.16326530612244894,0
167.65000000000387,0.29708277686347323,0.0663265306122449,0
167.70000000000388,0.226933920186687,0.06122448979591836,0
167.7500000000039,0.16628099099319363,0.11224489795918365,0
167.8000000000039,0.17545151454086122,0.06122448979591836,0
167.85000000000392,0.15779324994030075,0.06122448979591836,0
167.90000000000393,0.9999999999998824,0.06122448979591836,0
167.95000000000394,0.08579267330401141,0.06122448979591836,0
168.00000000000395,0.6351415785181872,0.20918367346938774,0
168.05000000000396,0.6374275134177333,0.17346938775510198,0
168.10000000000397,0.644700648049056,0.27551020408163257,0
168.15000000000398,0.6373870795269503,0.16326530612244894,0
168.200000000004,0.6311584280015309,0.16326530612244894,0
168.250000000004,0.6197512092421457,0.061224489795918366,0
168.30000000000402,0.6127736680620478,0.061224489795918366,0
168.35000000000403,0.6060804545386094,0.06632653061224489,0
168.40000000000404,0.5992179523200457,0.06632653061224489,0
168.45000000000405,0.5908575405193981,0.11224489795918366,0
168.50000000000406,0.5926940618530033,0.11224489795918366,0
168.55000000000408,0.5813216460934586,0.061224489795918366,0
168.6000000000041,0.5691542082579676,0.061224489795918366,0
168.6500000000041,0.5722417270915288,0.061224489795918366,0
168.7000000000041,0.5531599213988917,0.061224489795918366,0
168.75000000000412,0.5441641094001692,0.06632653061224489,0
168.80000000000413,0.5334342101985322,0.061224489795918366,0
168.85000000000414,0.5252003616482354,0.12244897959183672,0
168.90000000000416,0.5280389005273447,0.061224489795918366,0
168.95000000000417,0.5100665958286509,0.16326530612244894,0
169.00000000000418,0.7060992458585752,0.12755102040816327,0
169.0500000000042,0.6781524820665887,0.1020408163265306,0
169.1000000000042,0.6607294617930015,0.15306122448979592,0
169.1500000000042,0.6544429879830241,0.09693877551020406,0
169.20000000000422,0.6485254895780702,0.1020408163265306,0
169.25000000000423,0.6385203016106268,0.04591836734693877,0
169.30000000000425,0.6367394736421887,0.09693877551020406,0
169.35000000000426,0.617452442917464,0.1020408163265306,0
169.40000000000427,0.6202921004958319,0.10714285714285712,0
169.45000000000428,0.6115834822573236,0.1020408163265306,0
169.5000000000043,0.6039474591542267,0.15306122448979592,0
169.5500000000043,0.5954894548664411,0.09693877551020406,0
169.60000000000431,0.5832392475737355,0.04081632653061224,0
169.65000000000433,0.5645430586303367,0.05612244897959184,0
169.70000000000434,0.5570146287523894,0.04081632653061224,0
169.75000000000435,0.5470230033170654,0.20918367346938774,0
169.80000000000436,0.5434264998274515,0.04081632653061224,0
169.85000000000437,0.5446398128443587,0.1020408163265306,0
169.90000000000438,0.5326144044339511,0.04081632653061224,0
169.9500000000044,0.5037729739535898,0.09693877551020406,0
170.0000000000044,0.4946397776948045,0.04081632653061224,0
170.05000000000442,0.4957011181512462,0.04591836734693877,0
170.10000000000443,0.4684164621983864,0.04081632653061224,0
170.15000000000444,0.45895952359932835,0.1020408163265306,0
170.20000000000445,0.44834631706545025,0.04591836734693877,0
170.25000000000446,0.4368260739165122,0.09183673469387754,0
170.30000000000447,0.41567609538617256,0.09183673469387754,0
170.35000000000448,0.38312491167459606,0.04591836734693877,0
170.4000000000045,0.37109099479369595,0.04591836734693877,0
170.4500000000045,0.36492462952288257,0.1020408163265306,0
170.50000000000452,0.3468686098892583,0.09693877551020406,0
170.55000000000453,0.32622396954925775,0.09693877551020406,0
170.60000000000454,0.3090248492615639,0.04081632653061224,0
170.65000000000455,0.28918164833609245,0.04591836734693877,0
170.70000000000456,0.25441181783758315,0.04081632653061224,0
170.75000000000458,0.24058617630628162,0.09693877551020406,0
170.8000000000046,0.226262974740247,0.04081632653061224,0
170.8500000000046,0.21233126753636455,0.04081632653061224,0
170.9000000000046,0.18823357756045925,0.04591836734693877,0
170.95000000000462,0.15579517716150362,0.04081632653061224,0
171.00000000000463,0.6677051404269754,0.28571428571428564,0
171.05000000000464,0.6696006197869421,0.2295918367346939,0
171.10000000000466,0.6626602317318173,0.28571428571428564,0
171.15000000000467,0.6666929220976788,0.28571428571428564,0
171.20000000000468,0.6548692826899368,0.28571428571428564,0
171.2500000000047,0.6454125412552919,0.28571428571428564,1
171.3000000000047,0.637932050099205,0.28571428571428564,1
171.3500000000047,0.6298872871455683,0.28571428571428564,1
171.40000000000472,0.621388243732285,0.28571428571428564,1
171.45000000000474,0.6122936771412419,0.28571428571428564,1
171.50000000000475,0.603912549812357,0.28571428571428564,1
171.55000000000476,0.5945468799520892,0.28571428571428564,0
171.60000000000477,0.58599023814155,0.31632653061224486,0
171.65000000000478,0.5740855291302864,0.31632653061224486,0
171.7000000000048,0.5631279292644227,0.6224489795918366,0
171.7500000000048,0.5517800378753289,0.6224489795918366,0
171.80000000000481,0.5400425575162151,0.576530612244898,0
171.85000000000483,0.5275256931350614,0.5714285714285714,0
171.90000000000484,0.514529073762388,0.11224489795918365,0
171.95000000000485,0.5027463372277405,0.07653061224489796,0
172.00000000000486,0.49014338807885083,0.19387755102040813,0
172.05000000000487,0.4675491659903061,0.23469387755102042,0
172.10000000000488,0.44044308764752427,0.19387755102040813,0
172.1500000000049,0.5586023850653112,0.18877551020408162,0
172.2000000000049,0.9999999829693539,0.18367346938775508,0
172.25000000000492,0.9999999803810486,0.14285714285714282,0
172.30000000000493,0.9999999780575415,0.11224489795918366,0
172.35000000000494,0.31933245920375286,0.1020408163265306,0
172.40000000000495,0.29288281812802214,0.18877551020408162,0
172.45000000000496,0.9999999752295018,0.10714285714285712,0
172.50000000000497,0.9999999712678586,0.14795918367346936,0
172.55000000000499,0.9999999639849422,0.14285714285714282,0
172.600000000005,0.12812585167323345,0.14285714285714282,0
172.650000000005,0.13875819165964323,0.1020408163265306,0
172.70000000000502,0.09252568336660849,0.10714285714285712,0
172.75000000000503,0.04503031732366384,0.10714285714285712,0
172.80000000000504,0.9999998374906333,0.14285714285714282,0
172.85000000000505,0.9999998628487939,0.14795918367346936,0
172.90000000000506,0.9999998801048484,0.10714285714285712,0
172.95000000000508,0.14546071755172088,0.14285714285714282,0
173.0000000000051,0.5765312802416075,0.1683673469387755,0
173.0500000000051,0.5684614669863952,0.16836734693877548,0
173.1000000000051,0.5674132439067017,0.19897959183673466,0
173.15000000000512,0.5902193183423645,0.1938775510204081,0
173.20000000000513,0.521253650065764,0.15306122448979592,0
173.25000000000514,0.5196167892522455,0.10204081632653061,0
173.30000000000516,0.511038484416287,0.10714285714285714,0
173.35000000000517,0.9999999896332878,0.10204081632653061,0
173.40000000000518,0.4710876754824118,0.14795918367346936,0
173.4500000000052,0.3910500379605463,0.10204081632653061,0
173.5000000000052,0.34350218245049446,0.10204081632653061,0
173.5500000000052,0.315478500327576,0.10204081632653061,0
173.60000000000522,0.29491104298196513,0.10204081632653061,0
173.65000000000524,0.25564619569490266,0.10204081632653061,0
173.70000000000525,0.22498573263013655,0.10204081632653061,0
173.75000000000526,0.16919918785752092,0.10204081632653061,0
173.80000000000527,0.1322037058905121,0.10714285714285714,0
173.85000000000528,0.11848130434092434,0.10204081632653061,0
173.9000000000053,0.999999915214132,0.10714285714285714,0
173.9500000000053,0.03218542989575325,0.10204081632653061,0
174.00000000000531,0.999999883868718,0.2091836734693877,0
174.05000000000533,0.999999883868718,0.1683673469387755,0
174.10000000000534,0.09724006324107849,0.1683673469387755,0
174.15000000000535,0.10911199885242083,0.16326530612244897,0
174.20000000000536,0.9999996760001058,0.16326530612244897,0
174.25000000000537,0.9999999999996447,0.12755102040816327,0
174.30000000000538,0.9999998863264246,0.12244897959183672,0
174.3500000000054,0.06453896651927012,0.12755102040816324,0
174.4000000000054,0.9999999999997747,0.12244897959183672,0
174.45000000000542,0.0680769535753319,0.15816326530612243,0
174.50000000000543,0.036073396546148946,0.12755102040816324,0
174.55000000000544,0.09884837803682676,0.12244897959183672,0
174.60000000000545,0.9999999999996485,0.1683673469387755,0
174.65000000000546,0.9999999999997801,0.12244897959183672,0
174.70000000000547,0.09807579693313971,0.16326530612244897,0
174.75000000000549,0.14759572255153633,0.12244897959183672,0
174.8000000000055,0.1355400648463576,0.12244897959183672,0
174.8500000000055,0.12577133930739462,0.12244897959183672,0
174.90000000000552,0.10489652728853383,0.13265306122448978,0
174.95000000000553,0.9999996760001018,0.12244897959183672,0
175.00000000000554,0.9999998784020265,0.1683673469387755,0
175.05000000000555,0.9999999999997122,0.12755102040816324,0
175.10000000000556,0.9999999999997122,0.16326530612244897,0
175.15000000000558,0.9999999999997116,0.1683673469387755,0
175.2000000000056,0.12606472458057544,0.12244897959183672,0
175.2500000000056,0.15302444862196904,0.1683673469387755,0
175.3000000000056,0.07075674960241238,0.12244897959183672,0
175.35000000000562,0.9999999999998933,0.16326530612244897,0
175.40000000000563,0.9999998380000261,0.12755102040816327,0
175.45000000000564,0.9999998380000261,0.12755102040816324,0
175.50000000000566,0.9999999999998559,0.12755102040816324,0
175.55000000000567,0.9999999999998251,0.16326530612244897,0
175.60000000000568,0.9999998108249866,0.1683673469387755,0
175.6500000000057,0.1305898654242631,0.12244897959183672,0
175.7000000000057,0.15665344536476494,0.15306122448979592,0
175.7500000000057,0.9999999999998637,0.12755102040816324,0
175.80000000000572,0.3816572045620068,0.13265306122448978,0
175.85000000000574,0.38389899539045663,0.1683673469387755,0
175.90000000000575,0.381313122361203,0.2091836734693877,0
175.95000000000576,0.3715633315452195,0.16326530612244897,0
176.00000000000577,0.35754263108618867,0.33673469387755095,0
176.05000000000578,0.33526017545025505,0.2704081632653062,0
176.1000000000058,0.31383584477138676,0.2704081632653062,0
176.1500000000058,0.2880689956902881,0.2551020408163266,0
176.20000000000582,0.2680034381580899,0.2551020408163266,0
176.25000000000583,0.23601047631453226,0.1173469387755102,0
176.30000000000584,0.2009774537210471,0.1173469387755102,0
176.35000000000585,0.1820767201694991,0.1173469387755102,0
176.40000000000586,0.15572766251067444,0.12244897959183675,0
176.45000000000587,0.1322469629930503,0.1173469387755102,0
176.50000000000588,0.10384574714151493,0.16326530612244897,0
176.5500000000059,0.09829093249136929,0.1173469387755102,0
176.6000000000059,0.09377049664349923,0.1173469387755102,0
176.65000000000592,0.08333269716720842,0.1173469387755102,0
176.70000000000593,0.06371705744410905,0.1173469387755102,0
176.75000000000594,0.06886530529161668,0.12755102040816327,0
176.80000000000595,0.05336600214302279,0.12244897959183675,0
176.85000000000596,0.03448223846490746,0.16836734693877548,0
176.90000000000597,0.03785385752151694,0.12755102040816327,0
176.95000000000599,0.04649550986961141,0.16326530612244897,0
177.000000000006,0.28218265912767226,0.25510204081632654,0
177.050000000006,0.2749598996712666,0.2397959183673469,0
177.10000000000602,0.27187822135301015,0.29081632653061223,0
177.15000000000603,0.26511758206411457,0.22448979591836732,0
177.20000000000604,0.25758345976809016,0.22448979591836732,0
177.25000000000605,0.25357520761135044,0.07142857142857142,0
177.30000000000607,0.24889555971899252,0.07142857142857142,0
177.35000000000608,0.23729983971847798,0.07653061224489796,0
177.4000000000061,0.22745490348254865,0.07142857142857142,0
177.4500000000061,0.2170362256003004,0.07653061224489796,0
177.5000000000061,0.20377862196063048,0.07142857142857142,0
177.55000000000612,0.19179391268609597,0.12244897959183672,0
177.60000000000613,0.1831107073911984,0.07142857142857142,0
177.65000000000614,0.16708530209413716,0.07142857142857142,0
177.70000000000616,0.16502864673928455,0.07142857142857142,0
177.75000000000617,0.16537365586307942,0.07142857142857142,0
177.80000000000618,0.16313268381615967,0.07142857142857142,0
177.8500000000062,0.1586473071726048,0.07142857142857142,0
177.9000000000062,0.15860247245421802,0.07142857142857142,0
177.9500000000062,0.15871815991063565,0.07142857142857142,0
178.00000000000622,0.2003368948459599,0.16326530612244894,0
178.05000000000624,0.19189104121411463,0.16326530612244894,0
178.10000000000625,0.18627631997612593,0.16836734693877545,0
178.15000000000626,0.1799294133050734,0.1530612244897959,0
178.20000000000627,0.16764559309181787,0.1989795918367347,0
178.25000000000628,0.16303311301476045,0.07142857142857142,0
178.3000000000063,0.14090995639564521,0.11224489795918366,0
178.3500000000063,0.1265687940640055,0.07142857142857142,0
178.40000000000632,0.09378040554617156,0.07142857142857142,0
178.45000000000633,0.07473304256124959,0.07653061224489796,0
178.50000000000634,0.06348518025997489,0.07653061224489796,0
178.55000000000635,0.04497462169459551,0.11224489795918366,0
178.60000000000636,0.04321949016483398,0.11224489795918366,0
178.65000000000637,0.05121491361200634,0.07142857142857142,0
178.70000000000638,0.028066161738796475,0.07142857142857142,0
178.7500000000064,0.013619641541670282,0.07142857142857142,0
178.8000000000064,0.018599293012329366,0.07653061224489796,0
178.85000000000642,0.018599293012329512,0.07142857142857142,0
178.90000000000643,0.018599293012329512,0.11224489795918366,0
178.95000000000644,0.04577651424169398,0.07653061224489796,0
179.00000000000645,0.3009555944385431,0.13265306122448975,0
179.05000000000646,0.3074344538556944,0.12244897959183669,0
179.10000000000647,0.29265043218418724,0.12244897959183669,0
179.1500000000065,0.2813047327775886,0.11734693877551018,0
179.2000000000065,0.27844726149326166,0.11734693877551018,0
179.2500000000065,0.273922703155521,0.08163265306122448,0
179.30000000000652,0.2653013706754784,0.07142857142857142,0
179.35000000000653,0.2606903411960592,0.07653061224489796,0
179.40000000000654,0.25708975216048824,0.07142857142857142,0
179.45000000000655,0.24459000880612816,0.11734693877551018,0
179.50000000000657,0.2350033683640438,0.07142857142857142,0
179.55000000000658,0.2245115600297724,0.07142857142857142,0
179.6000000000066,0.21160057477274818,0.07142857142857142,0
179.6500000000066,0.20610160534913172,0.07142857142857142,0
179.7000000000066,0.20067000589262662,0.07142857142857142,0
179.75000000000662,0.19356254085574975,0.07142857142857142,0
179.80000000000663,0.18358006468750748,0.07653061224489796,0
179.85000000000664,0.1689815124810103,0.07142857142857142,0
179.90000000000666,0.15654027519332264,0.11734693877551018,0
179.95000000000667,0.15009727885427138,0.08163265306122448,0
180.00000000000668,0.1717822433838476,0.07653061224489796,0
180.0500000000067,0.18337299008157026,0.07653061224489796,0
180.1000000000067,0.1667601241784781,0.07142857142857142,0
180.1500000000067,0.14671998807001274,0.11224489795918365,0
180.20000000000672,0.15908091271265568,0.07653061224489796,0
180.25000000000674,0.13722872269152728,0.07653061224489796,0
180.30000000000675,0.12046027365648417,0.12244897959183669,0
180.35000000000676,0.14834606158890035,0.11224489795918367,0
180.40000000000677,0.16342021692482592,0.12244897959183669,0
180.45000000000678,0.13597397400183736,0.07653061224489796,0
180.5000000000068,0.14538259794201877,0.11224489795918365,0
180.5500000000068,0.11164989161566614,0.10714285714285712,0
180.60000000000682,0.09277907189419567,0.07142857142857142,0
180.65000000000683,0.062111375212372144,0.07142857142857142,0
180.70000000000684,0.06079329815167151,0.07142857142857142,0
180.75000000000685,0.059196675582926635,0.07653061224489796,0
180.80000000000686,0.05268051470148512,0.07142857142857142,0
180.85000000000687,0.03648774428531026,0.11224489795918367,0
180.90000000000688,0.02661429361868665,0.07653061224489796,0
180.9500000000069,0.01866582096521723,0.08163265306122448,0
181.0000000000069,0.013179571372693405,0.11734693877551018,0
181.05000000000692,0.013158837819229953,0.16326530612244894,0
181.10000000000693,0.02136444229428953,0.07142857142857142,0
181.15000000000694,0.01144040645953728,0.07653061224489796,0
181.20000000000695,0.014499481988844069,0.07142857142857142,0
181.25000000000696,0.012939172154634759,0.11734693877551018,0
181.30000000000697,0.04941938850485695,0.07142857142857142,0
181.350000000007,0.07297921577780878,0.07142857142857142,0
181.400000000007,0.06480953724710285,0.07142857142857142,0
181.450000000007,0.06289112372573899,0.07142857142857142,0
181.50000000000702,0.04444423480298165,0.07142857142857142,0
181.55000000000703,0.020505199755556223,0.07142857142857142,0
181.60000000000704,0.05971023965940498,0.08163265306122448,0
181.65000000000705,0.04144273819965611,0.07142857142857142,0
181.70000000000707,0.025050683660237355,0.16326530612244894,0
181.75000000000708,0.04250942037287419,0.07653061224489796,0
181.8000000000071,0.0350089128670301,0.07142857142857142,0
181.8500000000071,0.025761891100514595,0.11734693877551018,0
181.9000000000071,0.02498010917488323,0.07142857142857142,0
181.95000000000712,0.03404046399363898,0.07142857142857142,0
182.00000000000713,0.4435919348906244,0.14285714285714285,0
182.05000000000715,0.4490767270065033,0.12244897959183673,0
182.10000000000716,0.4424900680303721,0.12244897959183673,0
182.15000000000717,0.4362373780128859,0.12244897959183673,0
182.20000000000718,0.4286995466194501,0.1173469387755102,0
182.2500000000072,0.4203991895076402,0.12244897959183673,0
182.3000000000072,0.41017755800925054,0.0663265306122449,0
182.3500000000072,0.3985106481009997,0.12244897959183673,0
182.40000000000722,0.3822634460258374,0.07142857142857142,0
182.45000000000724,0.3695049230391106,0.1173469387755102,0
182.50000000000725,0.3539345852015071,0.1173469387755102,0
182.55000000000726,0.34022370438610683,0.07142857142857142,0
182.60000000000727,0.3391498273956922,0.07142857142857142,0
182.65000000000728,0.317441772265799,0.12244897959183673,0
182.7000000000073,0.30097417021827,0.1173469387755102,0
182.7500000000073,0.2929564448108196,0.1173469387755102,0
182.80000000000732,0.28548640927684105,0.0663265306122449,0
182.85000000000733,0.2750700009397291,0.0663265306122449,0
182.90000000000734,0.26564559966697426,0.0663265306122449,0
182.95000000000735,0.25430279359809727,0.0663265306122449,0
183.00000000000736,0.6322667587336352,0.17346938775510198,0
183.05000000000737,0.6282757589294933,0.17346938775510198,0
183.10000000000738,0.6255022547998292,0.22959183673469388,0
183.1500000000074,0.6139437707981729,0.22959183673469385,0
183.2000000000074,0.6034373865792586,0.22448979591836735,0
183.25000000000742,0.5918385151460797,0.15816326530612243,0
183.30000000000743,0.5823952089325232,0.10204081632653059,0
183.35000000000744,0.5703145168740306,0.03571428571428571,0
183.40000000000745,0.559958590997339,0.09693877551020406,0
183.45000000000746,0.5457024449558172,0.03571428571428571,0
183.50000000000747,0.5301176202534349,0.03571428571428571,0
183.5500000000075,0.5150856477169509,0.03571428571428571,0
183.6000000000075,0.5023397674624489,0.03571428571428571,0
183.6500000000075,0.483547305193508,0.03571428571428571,0
183.70000000000752,0.47978068030246585,0.04081632653061224,0
183.75000000000753,0.47107847902086375,0.03571428571428571,0
183.80000000000754,0.46060013979712755,0.04081632653061224,0
183.85000000000755,0.43437972432121397,0.03571428571428571,0
183.90000000000757,0.4047123897148789,0.10204081632653059,0
183.95000000000758,0.37599372713872387,0.04591836734693877,0
184.0000000000076,0.3756761762582116,0.1581632653061224,0
184.0500000000076,0.34468047220495096,0.21428571428571427,0
184.1000000000076,0.3232762218709591,0.1020408163265306,0
184.15000000000762,0.29965548617266435,0.09693877551020406,0
184.20000000000763,0.2702792855760053,0.09693877551020406,0
184.25000000000765,0.23145012410728494,0.04591836734693877,0
184.30000000000766,0.206267408638466,0.04081632653061224,0
184.35000000000767,0.16821581717601686,0.05612244897959183,0
184.40000000000768,0.12180827395321735,0.04081632653061224,0
184.4500000000077,0.11234712225231155,0.20918367346938774,0
184.5000000000077,0.10860920344426798,0.04081632653061224,0
184.5500000000077,0.13610193933825132,0.04081632653061224,0
184.60000000000773,0.10693699475967444,0.04591836734693877,0
184.65000000000774,0.07968464168545993,0.04081632653061224,0
184.70000000000775,0.050029336629844864,0.09693877551020406,0
184.75000000000776,0.08783143160996539,0.04081632653061224,0
184.80000000000777,0.04875972535022662,0.04081632653061224,0
184.85000000000778,0.018346982452446373,0.04081632653061224,0
184.9000000000078,0.018146349554372786,0.04081632653061224,0
184.9500000000078,0.04399244544487263,0.04081632653061224,0
185.00000000000782,0.0493723817115314,0.04081632653061224,0
185.05000000000783,0.029169908092354927,0.04081632653061224,0
185.10000000000784,0.017973660800590156,0.04081632653061224,0
185.15000000000785,0.017973660800590176,0.04081632653061224,0
185.20000000000786,0.017973660800590176,0.0510204081632653,0
185.25000000000787,0.017915886993082584,0.04081632653061224,0
185.30000000000788,0.009399233254319501,0.1530612244897959,0
185.3500000000079,0.0029552609825768657,0.0510204081632653,0
185.4000000000079,0.03850324769802254,0.04081632653061224,0
185.45000000000792,0.06047133752261719,0.1530612244897959,0
185.50000000000793,0.04416798832284562,0.04591836734693877,0
185.55000000000794,0.0328987335356524,0.04081632653061224,0
185.60000000000795,0.029828690488270023,0.09693877551020406,0
185.65000000000796,0.04895522258214593,0.04081632653061224,0
185.70000000000798,0.07315270740706308,0.04081632653061224,0
185.750000000008,0.04240271820717785,0.04081632653061224,0
185.800000000008,0.027393793177669372,0.04081632653061224,0
185.850000000008,0.0191209689269305,0.04081632653061224,0
185.90000000000802,0.016073272110407526,0.0510204081632653,0
185.95000000000803,0.015862293095718037,0.04081632653061224,0
186.00000000000804,0.3711297418056191,0.27551020408163257,0
186.05000000000805,0.3670607547122526,0.16326530612244894,0
186.10000000000807,0.3801211692033125,0.16326530612244894,0
186.15000000000808,0.34649001883725056,0.1530612244897959,0
186.2000000000081,0.3329823627923577,0.1530612244897959,0
186.2500000000081,0.32302916188169634,0.04081632653061224,0
186.3000000000081,0.3075796564315585,0.04081632653061224,0
186.35000000000812,0.28641123043360106,0.04081632653061224,0
186.40000000000813,0.2648532056183781,0.04081632653061224,0
186.45000000000815,0.24991750579133026,0.04591836734693877,0
186.50000000000816,0.23472511877759836,0.04081632653061224,0
186.55000000000817,0.22272131901888648,0.10714285714285711,0
186.60000000000818,0.21153405169251085,0.04591836734693877,0
186.6500000000082,0.1979350412658591,0.15816326530612243,0
186.7000000000082,0.17563108208608133,0.09693877551020405,0
186.7500000000082,0.16236562374532018,0.10204081632653059,0
186.80000000000823,0.14070302421163358,0.05612244897959183,0
186.85000000000824,0.1424366755019251,0.10204081632653059,0
186.90000000000825,0.10530025044279066,0.10204081632653059,0
186.95000000000826,0.0882277730530301,0.10714285714285711,0
187.00000000000827,0.07269356120446704,0.10204081632653059,0
187.05000000000828,0.088125467683772,0.1530612244897959,0
187.1000000000083,0.09004765403925277,0.10204081632653059,0
187.1500000000083,0.07050300804364293,0.04081632653061224,0
187.20000000000832,0.048609862151374736,0.09693877551020405,0
187.25000000000833,0.07360497691693117,0.04591836734693877,0
187.30000000000834,0.09037529872486956,0.04591836734693877,0
187.35000000000835,0.07373872177825733,0.09693877551020405,0
187.40000000000836,0.05886605622461635,0.09693877551020405,0
187.45000000000837,0.06892952391384632,0.04081632653061224,0
187.50000000000838,0.10601650592692018,0.04591836734693877,0
187.5500000000084,0.0541323521748744,0.04081632653061224,0
187.6000000000084,0.021690186074097097,0.09693877551020405,0
187.65000000000842,0.02149316063468967,0.04081632653061224,0
187.70000000000843,0.03473787312896546,0.04591836734693877,0
187.75000000000844,0.024939871028854373,0.04591836734693877,0
187.80000000000845,0.02333142170500162,0.09693877551020405,0
187.85000000000846,0.008064503982005656,0.04591836734693877,0
187.90000000000848,0.0446204825582078,0.04591836734693877,0
187.9500000000085,0.02948229016161641,0.09693877551020405,0
188.0000000000085,0.10849015610297469,0.16836734693877548,0
188.0500000000085,0.11158924987287036,0.11734693877551018,0
188.10000000000852,0.10033328129866473,0.11734693877551018,0
188.15000000000853,0.09516464699131569,0.11224489795918366,0
188.20000000000854,0.09540015295365088,0.12755102040816324,0
188.25000000000855,0.08980329738913231,0.06122448979591837,0
188.30000000000857,0.10392023777558286,0.21938775510204084,0
188.35000000000858,0.49788605386360907,0.06122448979591837,0
188.4000000000086,0.4839988605887631,0.11734693877551018,0
188.4500000000086,0.4644407830736175,0.06122448979591837,0
188.5000000000086,0.44598955791934586,0.11224489795918366,0
188.55000000000862,0.4264528585405203,0.06122448979591837,0
188.60000000000863,0.42101815709063595,0.06122448979591837,0
188.65000000000865,0.41270777973751105,0.06122448979591837,0
188.70000000000866,0.4083691667480284,0.06122448979591837,0
188.75000000000867,0.39873046735083045,0.06122448979591837,0
188.80000000000868,0.3834086040780219,0.06122448979591837,0
188.8500000000087,0.3706261121741063,0.06122448979591837,0
188.9000000000087,0.3890133817140734,0.0663265306122449,0
188.9500000000087,0.41183672384349646,0.06122448979591837,0
189.00000000000873,0.5063037714742317,0.17346938775510204,0
189.05000000000874,0.5019797060670087,0.11224489795918365,0
189.10000000000875,0.5165430322678515,0.11224489795918365,0
189.15000000000876,0.5181685770973499,0.10714285714285711,0
189.20000000000877,0.49362114750048225,0.16326530612244894,0
189.25000000000878,0.4369039134244993,0.10714285714285711,0
189.3000000000088,0.41059888065026556,0.10204081632653059,0
189.3500000000088,0.4544593137793623,0.10204081632653059,0
189.40000000000882,0.5065525243554188,0.05102040816326531,0
189.45000000000883,0.4952898149959011,0.04591836734693877,0
189.50000000000884,0.4042826902038165,0.05102040816326531,0
189.55000000000885,0.3438721536318361,0.05102040816326531,0
189.60000000000886,0.3611939950888098,0.10204081632653059,0
189.65000000000887,0.36419010670193985,0.10204081632653059,0
189.70000000000888,0.3389966282765697,0.04591836734693877,0
189.7500000000089,0.3678531669799795,0.04591836734693877,0
189.8000000000089,0.3002762169496679,0.04591836734693877,0
189.85000000000892,0.2320130465509786,0.05102040816326531,0
189.90000000000893,0.16454071511917442,0.05102040816326531,0
189.95000000000894,0.16470060906255213,0.10204081632653059,0
190.00000000000895,0.9999999999996215,0.17346938775510198,0
190.05000000000896,0.08517324671266721,0.12244897959183672,0
190.10000000000898,0.08114406630757395,0.12244897959183672,0
190.150000000009,0.06872292106615774,0.1275510204081632,0
190.200000000009,0.08160880096806904,0.11734693877551017,0
190.250000000009,0.9999999999996142,0.17346938775510198,0
190.30000000000902,0.16370831826718757,0.06632653061224489,0
190.35000000000903,0.12856518022109442,0.11734693877551017,0
190.40000000000904,0.04315531721846299,0.07653061224489795,0
190.45000000000906,0.056716782452878194,0.07142857142857142,0
190.50000000000907,0.03603763410853217,0.07142857142857142,0
190.55000000000908,0.9999989110011465,0.11734693877551017,0
190.6000000000091,0.13162747596032218,0.1275510204081632,0
190.6500000000091,0.14929777907738118,0.06632653061224489,0
190.7000000000091,0.262539094044986,0.16836734693877545,0
190.75000000000912,0.9999997580000571,0.07142857142857142,0
190.80000000000913,0.9999997518755314,0.06632653061224489,0
190.85000000000915,0.9999995346764313,0.11734693877551017,0
190.90000000000916,0.13452768547273738,0.07142857142857142,0
190.95000000000917,0.1281156898696693,0.06632653061224489,0
191.00000000000918,0.5392561999511233,0.17857142857142855,0
191.0500000000092,0.542183980163709,0.10714285714285712,0
191.1000000000092,0.5432734298325548,0.10714285714285712,0
191.15000000000921,0.535578381098582,0.1530612244897959,0
191.20000000000923,0.5368681280449397,0.1581632653061224,0
191.25000000000924,0.5350150138301939,0.04081632653061224,0
191.30000000000925,0.5192316567681824,0.09693877551020405,0
191.35000000000926,0.5118352360152433,0.0510204081632653,0
191.40000000000927,0.508241996634891,0.0510204081632653,0
191.45000000000928,0.5028240582178967,0.04591836734693877,0
191.5000000000093,0.49159410723010805,0.14285714285714282,0
191.5500000000093,0.4912239137285329,0.09693877551020405,0
191.60000000000932,0.48269287226734964,0.04591836734693877,0
191.65000000000933,0.462380990861846,0.04591836734693877,0
191.70000000000934,0.4558560170349694,0.09693877551020405,0
191.75000000000935,0.4682736452466364,0.09183673469387753,0
191.80000000000936,0.46340259128597244,0.04081632653061224,0
191.85000000000937,0.44908349212870535,0.04591836734693877,0
191.90000000000938,0.43055846914666573,0.04081632653061224,0
191.9500000000094,0.41661826649099115,0.09693877551020405,0
192.0000000000094,0.4074470745188549,0.04591836734693877,0
192.05000000000942,0.3988558619978568,0.04081632653061224,0
192.10000000000943,0.3896561563145009,0.09693877551020405,0
192.15000000000944,0.3782311058035908,0.04591836734693877,0
192.20000000000945,0.36965133469319783,0.04081632653061224,0
192.25000000000946,0.36173156924825284,0.04591836734693877,0
192.30000000000948,0.3501440910797939,0.0510204081632653,0
192.3500000000095,0.34488072104781736,0.1020408163265306,0
192.4000000000095,0.3257937144751759,0.1581632653061224,0
192.4500000000095,0.31381251987066183,0.1020408163265306,0
192.50000000000952,0.2993460231017474,0.09693877551020405,0
192.55000000000953,0.30314282764329187,0.09183673469387753,0
192.60000000000954,0.30238905682025236,0.04081632653061224,0
192.65000000000956,0.2805017855521758,0.0510204081632653,0
192.70000000000957,0.2522697933255993,0.0510204081632653,0
192.75000000000958,0.2466277462399386,0.1530612244897959,0
192.8000000000096,0.26256591638302323,0.1530612244897959,0
192.8500000000096,0.2662128581771031,0.04591836734693877,0
192.9000000000096,0.24108401737138635,0.0510204081632653,0
192.95000000000962,0.20648751080785704,0.09693877551020405,0
193.00000000000963,0.5670409323191704,0.2193877551020408,0
193.05000000000965,0.5700720058836505,0.08673469387755099,0
193.10000000000966,0.5532367312150778,0.21428571428571427,0
193.15000000000967,0.5536040374771675,0.08673469387755099,0
193.20000000000968,0.5454656876653109,0.13775510204081629,0
193.2500000000097,0.5375239668610414,0.08163265306122447,0
193.3000000000097,0.5204195254223116,0.02551020408163265,0
193.35000000000971,0.508736017440238,0.02040816326530612,0
193.40000000000973,0.5008174127678097,0.09183673469387753,0
193.45000000000974,0.5014530749548078,0.02040816326530612,0
193.50000000000975,0.489986129719865,0.14285714285714282,0
193.55000000000976,0.4822747215683425,0.02551020408163265,0
193.60000000000977,0.4795435231195692,0.02551020408163265,0
193.65000000000978,0.4702944705012642,0.08163265306122447,0
193.7000000000098,0.4598171979719097,0.08163265306122447,0
193.7500000000098,0.4879267741669826,0.02040816326530612,0
193.80000000000982,0.45499930217672474,0.02551020408163265,0
193.85000000000983,0.45553527113016146,0.02040816326530612,0
193.90000000000984,0.452557192033685,0.08673469387755099,0
193.95000000000985,0.44268322573081204,0.02040816326530612,0
194.00000000000986,0.43997234171238414,0.1530612244897959,0
194.05000000000987,0.4298563421643072,0.09693877551020405,0
194.10000000000989,0.42658138174389465,0.09693877551020405,0
194.1500000000099,0.41753608406250364,0.09183673469387753,0
194.2000000000099,0.39804314867357543,0.09183673469387753,0
194.25000000000992,0.3858433280189519,0.03571428571428571,0
194.30000000000993,0.3807366646905906,0.03571428571428571,0
194.35000000000994,0.3492971554072649,0.03571428571428571,0
194.40000000000995,0.33204589646263905,0.03571428571428571,0
194.45000000000996,0.32664607254007566,0.03571428571428571,0
194.50000000000998,0.31403449716721377,0.03571428571428571,0
194.55000000001,0.30156906096822406,0.03571428571428571,0
194.60000000001,0.285122214838384,0.03571428571428571,0
194.65000000001,0.2771982955955219,0.03571428571428571,0
194.70000000001002,0.27196112951560886,0.03571428571428571,0
194.75000000001003,0.2375171601941991,0.03571428571428571,0
194.80000000001004,0.21856152335865256,0.04591836734693877,0
194.85000000001006,0.22448921934452884,0.03571428571428571,0
194.90000000001007,0.24754902781674154,0.1530612244897959,0
194.95000000001008,0.22749244243418704,0.04081632653061224,0
195.0000000000101,0.6817520974307729,0.15816326530612243,0
195.0500000000101,0.6804017344030321,0.14795918367346933,0
195.1000000000101,0.670236303318369,0.14285714285714282,0
195.15000000001012,0.6635724775521283,0.13775510204081629,0
195.20000000001014,0.6655803028966785,0.08673469387755099,0
195.25000000001015,0.6655300226818897,0.015306122448979591,0
195.30000000001016,0.6725830698594204,0.03571428571428571,0
195.35000000001017,0.6676997683615471,0.015306122448979591,0
195.40000000001018,0.6616418417538436,0.260204081632653,0
195.4500000000102,0.6437560698493245,0.015306122448979591,0
195.5000000000102,0.99999999999999,0.015306122448979591,0
195.55000000001021,0.9999999999999896,0.015306122448979591,0
195.60000000001023,0.5997820301143615,0.015306122448979591,0
195.65000000001024,0.5856459912331373,0.015306122448979591,0
195.70000000001025,0.5663392161487247,0.015306122448979591,0
195.75000000001026,0.5532021716643281,0.015306122448979591,0
195.80000000001027,0.9999999857661198,0.02040816326530612,0
195.85000000001028,0.9999999844815756,0.015306122448979591,0
195.9000000000103,0.9999999999999707,0.08163265306122447,0
195.9500000000103,0.9999999999999688,0.02040816326530612,0
196.00000000001032,0.9999999999999671,0.08163265306122447,0
196.05000000001033,0.9999999999999645,0.08163265306122447,0
196.10000000001034,0.9999999999998458,0.14285714285714282,0
196.15000000001035,0.4183438486096047,0.08163265306122447,0
196.20000000001036,0.9999999742121058,0.08673469387755099,0
196.25000000001037,0.38899564289875166,0.07653061224489795,0
196.30000000001039,0.40271571268394374,0.13775510204081629,0
196.3500000000104,0.3805490604125244,0.02040816326530612,0
196.4000000000104,0.3418344870965709,0.02040816326530612,0
196.45000000001042,0.2963661386005542,0.06632653061224487,0
196.50000000001043,0.9999999999998981,0.07653061224489795,0
196.55000000001044,0.9999999999998787,0.02551020408163265,0
196.60000000001045,0.9999999999998537,0.07653061224489795,0
196.65000000001046,0.9999998931138929,0.13775510204081629,0
196.70000000001048,0.9999998516567911,0.09693877551020405,0
196.7500000000105,0.07205012186787135,0.015306122448979591,0
196.8000000000105,0.08446130853139336,0.26530612244897955,0
196.8500000000105,0.014397977780132994,0.015306122448979591,0
196.90000000001052,0.9999996302632495,0.08163265306122447,0
196.95000000001053,0.9999996620001123,0.02040816326530612,0
197.00000000001054,0.13192474632958043,0.14795918367346933,0
197.05000000001056,0.14258264412456872,0.1530612244897959,0
197.10000000001057,0.12419990778226858,0.1530612244897959,0
197.15000000001058,0.12201272131875096,0.14285714285714282,0
197.2000000000106,0.1788453128340465,0.14285714285714282,0
197.2500000000106,0.9999998222989788,0.03571428571428571,0
197.3000000000106,0.9999999553117368,0.030612244897959183,0
197.35000000001062,0.9999999037962505,0.08673469387755099,0
197.40000000001064,0.999999856000021,0.030612244897959183,0
197.45000000001065,0.9999997648395742,0.030612244897959183,0
197.50000000001066,0.9999991184405934,0.030612244897959183,0
197.55000000001067,0.00903870179255126,0.030612244897959183,0
197.60000000001068,0.012867400512485694,0.030612244897959183,0
197.6500000000107,0.012867400512485689,0.030612244897959183,0
197.7000000000107,0.012867400512485567,0.03571428571428571,0
197.75000000001071,0.012867400512485567,0.030612244897959183,0
197.80000000001073,0.013565526045363058,0.09183673469387753,0
197.85000000001074,0.059532148889224465,0.030612244897959183,0
197.90000000001075,0.6927638484506468,0.08673469387755099,0
197.95000000001076,0.0036621517405691956,0.030612244897959183,0
198.00000000001077,0.1305726097772354,0.1020408163265306,0
198.05000000001078,0.12393499208263152,0.1020408163265306,0
198.1000000000108,0.12393499208263152,0.1020408163265306,0
198.1500000000108,0.12420829647894685,0.09693877551020406,0
198.20000000001082,0.1538398358471454,0.09693877551020406,0
198.25000000001083,0.12810685652822731,0.05102040816326531,0
198.30000000001084,0.9999999724824516,0.04591836734693878,0
198.35000000001085,0.13499504797291256,0.1020408163265306,0
198.40000000001086,0.039616032526572316,0.04591836734693878,0
198.45000000001087,0.9999998123876033,0.1020408163265306,0
198.50000000001089,0.9999998745867119,0.05102040816326531,0
198.5500000000109,0.9999995893101113,0.09693877551020406,0
198.6000000000109,0.9999997580000589,0.09693877551020406,0
198.65000000001092,0.9999996637858742,0.04591836734693878,0
198.70000000001093,0.9999999365446736,0.04591836734693878,0
198.75000000001094,0.9999996849870179,0.04591836734693878,0
198.80000000001095,0.9999997580000571,0.04591836734693878,0
198.85000000001097,0.9999997577996194,0.04591836734693878,0
198.90000000001098,0.9999994959950718,0.04591836734693878,0
198.950000000011,0.9999995160002272,0.04591836734693878,0
199.000000000011,0.9999999859197938,0.10714285714285712,0
199.050000000011,0.9999999858727353,0.09183673469387754,0
199.10000000001102,0.999999984485714,0.09183673469387754,0
199.15000000001103,0.9999999836185277,0.09183673469387754,0
199.20000000001104,0.9999999999999675,0.08673469387755102,0
199.25000000001106,0.9999999999999134,0.08673469387755102,0
199.30000000001107,0.9999999745290609,0.030612244897959183,0
199.35000000001108,0.2637753394489502,0.030612244897959183,0
199.4000000000111,0.22807745758618206,0.03571428571428571,0
199.4500000000111,0.17600407499076157,0.030612244897959183,0
199.5000000000111,0.14304878418002787,0.08673469387755102,0
199.55000000001112,0.11537804443066389,0.04081632653061224,0
199.60000000001114,0.13978784580699252,0.030612244897959183,0
199.65000000001115,0.04420133263286935,0.09183673469387754,0
199.70000000001116,0.9999999999998653,0.03571428571428571,0
199.75000000001117,0.09264129362871178,0.08673469387755102,0
199.80000000001118,0.0020457594688517372,0.08673469387755102,0
199.8500000000112,0.05456165708416121,0.03571428571428571,0
199.9000000000112,0.062152666667073066,0.030612244897959183,0
199.95000000001122,0.024851260055781647,0.08673469387755102,0
200.00000000001123,0.02641992948226993,0.030612244897959183,0
200.05000000001124,0.050518852720847524,0.030612244897959183,0
200.10000000001125,0.05051885272084777,0.030612244897959183,0
200.15000000001126,0.05051885272084773,0.030612244897959183,0
200.20000000001127,0.05051885272084773,0.03571428571428571,0
200.25000000001128,0.05111013638399839,0.03571428571428571,0
200.3000000000113,0.04607558124059121,0.08673469387755102,0
200.3500000000113,0.04842795729222928,0.08673469387755102,0
200.40000000001132,0.9999999999999213,0.030612244897959183,0
200.45000000001133,0.08937623452103136,0.030612244897959183,0
200.50000000001134,0.06179131648741953,0.03571428571428571,0
200.55000000001135,0.05446959326569146,0.03571428571428571,0
200.60000000001136,0.011407918000666506,0.08673469387755102,0
200.65000000001137,0.01002402527941684,0.09693877551020406,0
200.70000000001139,0.9999999640457653,0.030612244897959183,0
200.7500000000114,0.9999999557757493,0.04081632653061224,0
200.8000000000114,0.09682933520687047,0.03571428571428571,0
200.85000000001142,0.10777991848664904,0.14285714285714282,0
200.90000000001143,0.3955918549893192,0.08673469387755102,0
200.95000000001144,0.3953085517514305,0.030612244897959183,0
201.00000000001145,0.3931181134829386,0.030612244897959183,0
201.05000000001147,0.3835664428304908,0.030612244897959183,0
201.10000000001148,0.36737546066593596,0.03571428571428571,0
201.1500000000115,0.3447101606105877,0.03571428571428571,0
201.2000000000115,0.3193226869550055,0.08673469387755102,0
201.2500000000115,0.2880827474441567,0.08673469387755102,0
201.30000000001152,0.26433408192821733,0.04591836734693877,0
201.35000000001153,0.23489459785598354,0.030612244897959183,0
201.40000000001154,0.1951195411368459,0.19897959183673472,0
201.45000000001156,0.15163763441382408,0.03571428571428571,0
201.50000000001157,0.12939213904580102,0.030612244897959183,0
201.55000000001158,0.11841803954773511,0.08673469387755102,0
201.6000000000116,0.10473985824418133,0.030612244897959183,0
201.6500000000116,0.10536061679664051,0.03571428571428571,0
201.7000000000116,0.09014189252686332,0.03571428571428571,0
201.75000000001162,0.07986882812639909,0.030612244897959183,0
201.80000000001164,0.06645630264082603,0.08673469387755102,0
201.85000000001165,0.060384735667589604,0.030612244897959183,0
201.90000000001166,0.05364745892139562,0.030612244897959183,0
201.95000000001167,0.07297758336472183,0.03571428571428571,0
202.00000000001168,0.22952420418941788,0.1020408163265306,0
202.0500000000117,0.24151421765007836,0.14795918367346936,0
202.1000000000117,0.2288509725415909,0.09183673469387753,0
202.15000000001172,0.22791723516738172,0.13775510204081629,0
202.20000000001173,0.2140108990853886,0.20408163265306123,0
202.25000000001174,0.21192629226398,0.015306122448979591,0
202.30000000001175,0.22016115392220634,0.08163265306122447,0
202.35000000001176,0.20984397347620215,0.02551020408163265,0
202.40000000001177,0.20805896908623628,0.07142857142857141,0
202.45000000001178,0.19231925859323876,0.08163265306122447,0
202.5000000000118,0.16932749583805634,0.02040816326530612,0
202.5500000000118,0.16247749527221897,0.07653061224489795,0
202.60000000001182,0.14844777352436492,0.08163265306122447,0
202.65000000001183,0.15993235688957186,0.015306122448979591,0
202.70000000001184,0.15551459761999115,0.07653061224489795,0
202.75000000001185,0.1524399912776307,0.015306122448979591,0
202.80000000001186,0.1367701662406565,0.08163265306122447,0
202.85000000001187,0.13513675800852767,0.02040816326530612,0
202.9000000000119,0.12595914981319337,0.07653061224489795,0
202.9500000000119,0.11283237429560848,0.07653061224489795,0
203.0000000000119,0.3134040299884539,0.14285714285714282,0
203.05000000001192,0.31980406126360456,0.07142857142857141,0
203.10000000001193,0.3104472323426199,0.13775510204081629,0
203.15000000001194,0.3013010695295291,0.06632653061224487,0
203.20000000001195,0.28900611504912066,0.06632653061224487,0
203.25000000001197,0.2831587414335066,0.0,0
203.30000000001198,0.2737129265681144,0.00510204081632653,0
203.350000000012,0.26448468897800226,0.0,0
203.400000000012,0.2534794580418314,0.06632653061224487,0
203.450000000012,0.2555674431710151,0.0,0
203.50000000001202,0.23388610516338418,0.0,0
203.55000000001203,0.22181594399549015,0.0,0
203.60000000001205,0.21214762507885254,0.00510204081632653,0
203.65000000001206,0.19503752701990598,0.0,0
203.70000000001207,0.19136960621640237,0.06632653061224487,0
203.75000000001208,0.19352366359328751,0.0,0
203.8000000000121,0.1957485093830864,0.00510204081632653,0
203.8500000000121,0.16862066916264862,0.0,0
203.9000000000121,0.13013473469631523,0.06632653061224487,0
203.95000000001212,0.12217863748777628,0.015306122448979591,0
204.00000000001214,0.14750429748853183,0.14285714285714282,0
204.05000000001215,0.1540394910881415,0.3163265306122449,0
204.10000000001216,0.18402702838262214,0.14285714285714282,0
204.15000000001217,0.18099397127579722,0.18877551020408162,0
204.20000000001218,0.19231391633016762,0.14285714285714282,0
204.2500000000122,0.1919289209397895,0.02040816326530612,0
204.3000000000122,0.17607438246083215,0.13775510204081629,0
204.35000000001222,0.14594709387309954,0.030612244897959183,0
204.40000000001223,0.1355729712805423,0.08163265306122447,0
204.45000000001224,0.13821244853224138,0.1275510204081632,0
204.50000000001225,0.13883916329228532,0.07653061224489795,0
204.55000000001226,0.12433226872793107,0.07142857142857141,0
204.60000000001227,0.1304329280448887,0.02040816326530612,0
204.65000000001228,0.0862664248456303,0.08673469387755099,0
204.7000000000123,0.06198041975354636,0.02040816326530612,0
204.7500000000123,0.07358083509120061,0.18877551020408162,0
204.80000000001232,0.06231085382740721,0.02040816326530612,0
204.85000000001233,0.044686879449915305,0.02040816326530612,0
204.90000000001234,0.018356168630002306,0.02040816326530612,0
204.95000000001235,0.019722616378199075,0.02040816326530612,0
205.00000000001236,0.019722616378199196,0.02040816326530612,0
205.05000000001237,0.019722616378199196,0.02040816326530612,0
205.1000000000124,0.019688373351148824,0.02551020408163265,0
205.1500000000124,0.030392106576288352,0.02040816326530612,0
205.2000000000124,0.02365131808395832,0.02551020408163265,0
205.25000000001242,0.004740927629970158,0.02040816326530612,0
205.30000000001243,0.037745399751636426,0.08163265306122447,0
205.35000000001244,0.02081589024934572,0.02040816326530612,0
205.40000000001245,0.019102165881968593,0.08163265306122447,0
205.45000000001247,0.03191064981780392,0.02040816326530612,0
205.50000000001248,0.021323929921716896,0.07653061224489795,0
205.5500000000125,0.06611716818772242,0.02040816326530612,0
205.6000000000125,0.03195891302002504,0.02040816326530612,0
205.6500000000125,0.0166168131509643,0.02040816326530612,0
205.70000000001252,0.01124380179663148,0.02040816326530612,0
205.75000000001253,0.01124380179663148,0.02040816326530612,0
205.80000000001255,0.011174169196529254,0.02551020408163265,0
205.85000000001256,0.015967486648493068,0.02040816326530612,0
205.90000000001257,0.0037517156514479556,0.07653061224489795,0
205.95000000001258,0.04272753494851231,0.02551020408163265,0
206.0000000000126,0.018114746697786226,0.02040816326530612,0
206.0500000000126,0.009152058529007894,0.07653061224489795,0
206.1000000000126,0.011878655994139668,0.02551020408163265,0
206.15000000001262,0.012135551368536834,0.02551020408163265,0
206.20000000001264,0.04677129831220082,0.07653061224489795,0
206.25000000001265,0.014117051562507203,0.08163265306122447,0
206.30000000001266,0.05246922507087559,0.02040816326530612,0
206.35000000001267,0.024475248912377297,0.07653061224489795,0
206.40000000001268,0.08288461227039862,0.02551020408163265,0
206.4500000000127,0.1001373864718191,0.02551020408163265,0
206.5000000000127,0.08516719801334957,0.07653061224489795,0
206.55000000001272,0.09879047052705021,0.07653061224489795,0
206.60000000001273,0.055959100934981916,0.02040816326530612,0
206.65000000001274,0.06054730200434269,0.02551020408163265,0
206.70000000001275,0.03921628595710153,0.02040816326530612,0
206.75000000001276,0.021597992439129656,0.07653061224489795,0
206.80000000001277,0.015499032395989185,0.02551020408163265,0
206.85000000001278,0.019562629034772294,0.02551020408163265,0
206.9000000000128,0.009331179686367267,0.02551020408163265,0
206.9500000000128,0.002419186574154474,0.08673469387755099,0
207.00000000001282,0.03430668013375786,0.08163265306122447,0
207.05000000001283,0.04867488334523557,0.1275510204081632,0
207.10000000001284,0.0603237821980629,0.07653061224489795,0
207.15000000001285,0.0733738778199933,0.02551020408163265,0
207.20000000001286,0.05135634258601905,0.02040816326530612,0
207.25000000001288,0.036553348727608785,0.06632653061224487,0
207.3000000000129,0.029701796688243777,0.02040816326530612,0
207.3500000000129,0.019528148627440022,0.02551020408163265,0
207.4000000000129,0.025801005001989917,0.030612244897959183,0
207.45000000001292,0.03520427538982046,0.08163265306122447,0
207.50000000001293,0.05188005109652536,0.13775510204081629,0
207.55000000001294,0.05119914362669936,0.07142857142857141,0
207.60000000001295,0.036252928323205875,0.07653061224489795,0
207.65000000001297,0.0659942386599072,0.030612244897959183,0
207.70000000001298,0.02839763580704183,0.030612244897959183,0
207.750000000013,0.07161712446016434,0.13265306122448975,0
207.800000000013,0.04502477596319904,0.030612244897959183,0
207.850000000013,0.022781091231781597,0.02040816326530612,0
207.90000000001302,0.01458587579520035,0.03571428571428571,0
207.95000000001303,0.057778618377851865,0.02551020408163265,0
208.00000000001305,0.053824909124370275,0.13775510204081629,0
208.05000000001306,0.05357272735252501,0.07653061224489795,0
208.10000000001307,0.013548264826183036,0.08163265306122447,0
208.15000000001308,0.0727868978636691,0.02551020408163265,0
208.2000000000131,0.10203951330179979,0.06632653061224487,0
208.2500000000131,0.09374559040003114,0.030612244897959183,0
208.3000000000131,0.06228004647826485,0.02040816326530612,0
208.35000000001313,0.044821551951720814,0.13265306122448975,0
208.40000000001314,0.0917264715104123,0.02040816326530612,0
208.45000000001315,0.093757079732202,0.02040816326530612,0
208.50000000001316,0.11797388556158961,0.02551020408163265,0
208.55000000001317,0.15482544711975837,0.02551020408163265,0
208.60000000001318,0.13997916044583683,0.02551020408163265,0
208.6500000000132,0.12690068312266312,0.07653061224489795,0
208.7000000000132,0.08887002738449766,0.07653061224489795,0
208.75000000001322,0.09249091012217245,0.02040816326530612,0
208.80000000001323,0.06769913215692569,0.02040816326530612,0
208.85000000001324,0.05085966289732605,0.02551020408163265,0
208.90000000001325,0.02526960487978805,0.02551020408163265,0
208.95000000001326,0.02523575123023267,0.07653061224489795,0
209.00000000001327,0.47455654023616217,0.24999999999999994,0
209.05000000001328,0.47354650676327564,0.21938775510204084,0
209.1000000000133,0.4630297333228109,0.22448979591836735,0
209.1500000000133,0.45296583083749625,0.20408163265306123,0
209.20000000001332,0.4455808401746856,0.2653061224489795,0
209.25000000001333,0.4424391270703711,0.02040816326530612,0
209.30000000001334,0.42749585042114724,0.02551020408163265,0
209.35000000001335,0.4111183452939306,0.02040816326530612,0
209.40000000001336,0.39198436663056796,0.08163265306122447,0
209.45000000001338,0.374658295081388,0.02040816326530612,0
209.5000000000134,0.37699321404839353,0.02040816326530612,0
209.5500000000134,0.3779962579923159,0.02040816326530612,0
209.6000000000134,0.3713506018763092,0.02040816326530612,0
209.65000000001342,0.3461321638636273,0.02551020408163265,0
209.70000000001343,0.32794732163367446,0.02551020408163265,0
209.75000000001344,0.31725756481619233,0.08673469387755099,0
209.80000000001345,0.2871238599720989,0.09183673469387753,0
209.85000000001347,0.28632184800142646,0.08673469387755099,0
209.90000000001348,0.27640709603086744,0.14795918367346933,0
209.9500000000135,0.26733233879311935,0.08673469387755099,0
210.0000000000135,0.24142306422524865,0.08163265306122447,0
210.0500000000135,0.2144439833986923,0.08163265306122447,0
210.10000000001352,0.19042438965176225,0.02040816326530612,0
210.15000000001353,0.17848048557846627,0.02040816326530612,0
210.20000000001355,0.1642422711836174,0.02551020408163265,0
210.25000000001356,0.17062349988743838,0.02040816326530612,0
210.30000000001357,0.18073640379406958,0.07653061224489795,0
210.35000000001358,0.16316606004275513,0.02040816326530612,0
210.4000000000136,0.12752044120295372,0.02551020408163265,0
210.4500000000136,0.11290804522519461,0.02040816326530612,0
210.5000000000136,0.09405081702045003,0.08163265306122447,0
210.55000000001363,0.06483325646617458,0.02040816326530612,0
210.60000000001364,0.048119891530998896,0.08673469387755099,0
210.65000000001365,0.052599685914599896,0.02040816326530612,0
210.70000000001366,0.05963111615042807,0.08163265306122447,0
210.75000000001367,0.04457206311499904,0.02040816326530612,0
210.80000000001368,0.07004995652764652,0.02040816326530612,0
210.8500000000137,0.04137185832830264,0.02551020408163265,0
210.9000000000137,0.02625795808021413,0.02040816326530612,0
210.95000000001372,0.013639188815372086,0.09183673469387753,0
211.00000000001373,0.010759187813771633,0.03061224489795918,0
211.05000000001374,0.021204993192581935,0.14285714285714282,0
211.10000000001375,0.03646992430445753,0.08673469387755099,0
211.15000000001376,0.017096961459440434,0.02040816326530612,0
211.20000000001377,0.057654612876194125,0.08673469387755099,0
211.25000000001378,0.028924201688313344,0.02551020408163265,0
211.3000000000138,0.05533651606938736,0.08673469387755099,0
211.3500000000138,0.07817447435601306,0.08163265306122447,0
211.40000000001382,0.06453218279442899,0.08673469387755099,0
211.45000000001383,0.07049591538985388,0.02040816326530612,0
211.50000000001384,0.025534697141531,0.08163265306122447,0
211.55000000001385,0.007846548484245545,0.02040816326530612,0
211.60000000001386,0.007846548484245545,0.02551020408163265,0
211.65000000001388,0.007846548484245557,0.030612244897959183,0
211.7000000000139,0.007846548484245557,0.08673469387755099,0
211.7500000000139,0.01799859020539537,0.13775510204081629,0
211.8000000000139,0.0607281070301719,0.08163265306122447,0
211.85000000001392,0.048279180366293035,0.02551020408163265,0
211.90000000001393,0.08985320522952654,0.02040816326530612,0
211.95000000001394,0.054658892264582766,0.08163265306122447,0
212.00000000001396,0.10303130461985159,0.09183673469387753,0
212.05000000001397,0.09394442671009563,0.09693877551020405,0
212.10000000001398,0.0881952664416665,0.10204081632653059,0
212.150000000014,0.09205350368072493,0.14285714285714282,0
212.200000000014,0.08612690539191889,0.20408163265306123,0
212.250000000014,0.07985011518233823,0.03571428571428571,0
212.30000000001402,0.10692642433942068,0.08673469387755099,0
212.35000000001403,0.07251593477202213,0.08673469387755099,0
212.40000000001405,0.03222911649165383,0.030612244897959186,0
212.45000000001406,0.02899676395326995,0.030612244897959186,0
212.50000000001407,0.025522923002135513,0.030612244897959186,0
212.55000000001408,0.01240807545788466,0.030612244897959186,0
212.6000000000141,0.007214629192100756,0.03571428571428571,0
212.6500000000141,0.014397189373918129,0.03571428571428571,0
212.70000000001411,0.014397189373918063,0.030612244897959186,0
212.75000000001413,0.014397189373918063,0.08673469387755099,0
212.80000000001414,0.01738855764566868,0.03571428571428571,0
212.85000000001415,0.010152659358916799,0.03571428571428571,0
212.90000000001416,0.04257993815437283,0.09183673469387753,0
212.95000000001417,0.03048285610406425,0.03571428571428571,0
213.00000000001418,0.10728896284305967,0.14795918367346933,0
213.0500000000142,0.11253771671948432,0.14795918367346933,0
213.1000000000142,0.1115254206553249,0.09693877551020405,0
213.15000000001422,0.10776573102902093,0.09693877551020405,0
213.20000000001423,0.09655557676397863,0.09693877551020405,0
213.25000000001424,0.0995044453929089,0.09183673469387753,0
213.30000000001425,0.11264986395654658,0.09183673469387753,0
213.35000000001426,0.08156985871340476,0.04081632653061224,0
213.40000000001427,0.05435489463813407,0.04081632653061224,0
213.45000000001428,0.5519128969508371,0.04081632653061224,0
213.5000000000143,0.5246908297176166,0.04081632653061224,0
213.5500000000143,0.4946192636051068,0.04081632653061224,0
213.60000000001432,0.4604237085611379,0.04081632653061224,0
213.65000000001433,0.42408886794418044,0.04081632653061224,0
213.70000000001434,0.39987815745847644,0.04591836734693877,0
213.75000000001435,0.3818289863362719,0.04081632653061224,0
213.80000000001436,0.36354907306807,0.09183673469387753,0
213.85000000001438,0.3568823813358801,0.04081632653061224,0
213.9000000000144,0.3592508612790984,0.04591836734693877,0
213.9500000000144,0.35975828240207697,0.04591836734693877,0
214.0000000000144,0.41613692430642135,0.1530612244897959,0
214.05000000001442,0.40385477681092274,0.14795918367346936,0
214.10000000001443,0.43152414392757404,0.09693877551020405,0
214.15000000001444,0.44244699974685003,0.08673469387755099,0
214.20000000001446,0.4519015519936039,0.08673469387755099,0
214.25000000001447,0.4684590576966991,0.030612244897959183,0
214.30000000001448,0.598778255091755,0.03571428571428571,0
214.3500000000145,0.46780344426778236,0.030612244897959183,0
214.4000000000145,0.44486969967193113,0.08673469387755099,0
214.4500000000145,0.5780357149642033,0.030612244897959183,0
214.50000000001452,0.37392626992416395,0.030612244897959183,0
214.55000000001453,0.36397994327023475,0.03571428571428571,0
214.60000000001455,0.33429247308560506,0.03571428571428571,0
214.65000000001456,0.32236406789458705,0.08673469387755099,0
214.70000000001457,0.3364584273304686,0.08673469387755099,0
214.75000000001458,0.2533721100232609,0.04081632653061224,0
214.8000000000146,0.23168805989924188,0.030612244897959183,0
214.8500000000146,0.2327960463057875,0.09183673469387753,0
214.90000000001461,0.2318241104082669,0.030612244897959183,0
214.95000000001463,0.27211486021606,0.08673469387755099,0
215.00000000001464,0.1552895594995423,0.030612244897959183,0
215.05000000001465,0.16715460924569517,0.030612244897959183,0
215.10000000001466,0.15169314818661433,0.030612244897959183,0
215.15000000001467,0.11842140282612104,0.030612244897959183,0
215.20000000001468,0.05968197347081007,0.03571428571428571,0
215.2500000000147,0.05666141088417282,0.030612244897959183,0
215.3000000000147,0.05640241478923157,0.08673469387755099,0
215.35000000001472,6.772962555292941e-16,0.030612244897959183,0
215.40000000001473,0.9999999624088642,0.030612244897959183,0
215.45000000001474,0.03097458001710652,0.04081632653061224,0
215.50000000001475,0.030974580017106505,0.030612244897959183,0
215.55000000001476,0.030293804162390577,0.14795918367346936,0
215.60000000001477,0.19875339926268334,0.04081632653061224,0
215.65000000001478,0.1137708147431172,0.09183673469387753,0
215.7000000000148,0.09205473681375279,0.030612244897959183,0
215.7500000000148,0.02271529410912216,0.09183673469387753,0
215.80000000001482,0.1750488855146979,0.030612244897959183,0
215.85000000001483,0.9999999722628556,0.08673469387755099,0
215.90000000001484,0.9999999533466664,0.030612244897959183,0
215.95000000001485,0.0520041259470117,0.03571428571428571,0
216.00000000001486,0.13300425059456555,0.09183673469387753,0
216.05000000001488,0.12716931523030797,0.14285714285714282,0
216.1000000000149,0.11599070066998315,0.1020408163265306,0
216.1500000000149,0.13076010918892947,0.08673469387755099,0
216.2000000000149,0.13204552663377733,0.13775510204081629,0
216.25000000001492,0.162999999594071,0.04081632653061224,0
216.30000000001493,0.12941846019370515,0.03571428571428571,0
216.35000000001494,0.04792851180662503,0.09183673469387753,0
216.40000000001496,0.16121392461871964,0.03571428571428571,0
216.45000000001497,0.03259787690270201,0.08673469387755099,0
216.50000000001498,0.09590104907300118,0.03571428571428571,0
216.550000000015,0.1246719358490255,0.03571428571428571,0
216.600000000015,0.08720820326804457,0.03571428571428571,0
216.650000000015,0.04038928994896729,0.04081632653061224,0
216.70000000001502,0.9999994555002902,0.03571428571428571,0
216.75000000001504,0.9999995160002244,0.08163265306122447,0
216.80000000001505,0.1093270903861762,0.04591836734693877,0
216.85000000001506,0.06712987301669135,0.04081632653061224,0
216.90000000001507,0.9999998708569621,0.13775510204081629,0
216.95000000001508,0.9999998912758756,0.08673469387755099,0
217.0000000000151,0.6482627494430163,0.16836734693877548,0
217.0500000000151,0.6941800506680381,0.15816326530612243,0
217.10000000001511,0.9999999921174508,0.15816326530612243,0
217.15000000001513,0.9999999919238857,0.14795918367346936,0
217.20000000001514,0.9999999917220852,0.14795918367346936,0
217.25000000001515,0.9999999914290578,0.05612244897959183,0
217.30000000001516,0.9999999912982881,0.04591836734693877,0
217.35000000001517,0.9999999915444283,0.09693877551020405,0
217.40000000001518,0.5927749667784449,0.06632653061224489,0
217.4500000000152,0.5838838386529042,0.09693877551020405,0
217.5000000000152,0.5785821353330315,0.1530612244897959,0
217.55000000001522,0.5965414989185083,0.10204081632653059,0
217.60000000001523,0.9999999921580016,0.10204081632653059,0
217.65000000001524,0.5749200727451269,0.09183673469387753,0
217.70000000001525,0.5606796608180987,0.09693877551020405,0
217.75000000001526,0.5477845492861199,0.10204081632653059,0
217.80000000001527,0.5246166159029926,0.04591836734693877,0
217.85000000001529,0.532239887996052,0.09693877551020405,0
217.9000000000153,0.5338634996511306,0.04591836734693877,0
217.9500000000153,0.5048633139854615,0.04591836734693877,0
218.00000000001532,0.7549848366346108,0.17857142857142855,0
218.05000000001533,0.764365844021856,0.16836734693877548,0
218.10000000001534,0.9999999999999917,0.16836734693877548,0
218.15000000001535,0.9999999999999912,0.15816326530612243,0
218.20000000001536,0.9999999999999909,0.16326530612244897,0
218.25000000001538,0.9999999999999906,0.05612244897959183,0
218.3000000000154,0.9999999999999901,0.10714285714285711,0
218.3500000000154,0.7535019312284212,0.05612244897959183,0
218.4000000000154,0.7063332895229733,0.06122448979591836,0
218.45000000001542,0.6837676380877912,0.05612244897959183,0
218.50000000001543,0.6841128766850739,0.1020408163265306,0
218.55000000001544,0.9999999939150539,0.05612244897959183,0
218.60000000001546,0.9999999999999888,0.05612244897959183,0
218.65000000001547,0.9999999999999881,0.06122448979591836,0
218.70000000001548,0.9999999930230921,0.06122448979591836,0
218.7500000000155,0.9999999999999483,0.11224489795918365,0
218.8000000000155,0.616377509609857,0.12244897959183669,0
218.8500000000155,0.7126214468882405,0.10714285714285711,0
218.90000000001552,0.5902136355872778,0.11224489795918365,0
218.95000000001554,0.5808493419827649,0.05612244897959183,0
219.00000000001555,0.563181444708961,0.10714285714285711,0
219.05000000001556,0.5473122943432497,0.06632653061224489,0
219.10000000001557,0.5213618884299956,0.06122448979591836,0
219.15000000001558,0.5173748197537684,0.15816326530612243,0
219.2000000000156,0.4952877117297441,0.10714285714285711,0
219.2500000000156,0.4804195848054348,0.05612244897959183,0
219.30000000001561,0.5922017287742618,0.05612244897959183,0
219.35000000001563,0.9999999846246627,0.05612244897959183,0
219.40000000001564,0.9999999999999855,0.05612244897959183,0
219.45000000001565,0.99999998236878,0.06632653061224489,0
219.50000000001566,0.9999999999999917,0.05612244897959183,0
219.55000000001567,0.9999999999999909,0.06122448979591836,0
219.60000000001568,0.9999999999999901,0.05612244897959183,0
219.6500000000157,0.9999999999999896,0.11224489795918365,0
219.7000000000157,0.9999999999999891,0.06632653061224489,0
219.75000000001572,0.9999999999999813,0.10714285714285711,0
219.80000000001573,0.33697577927360844,0.11224489795918365,0
219.85000000001574,0.2708941759358342,0.05612244897959183,0
219.90000000001575,0.23982275632346234,0.11224489795918365,0
219.95000000001576,0.22339153217464475,0.05612244897959183,0
220.00000000001577,0.9999999999999688,0.10714285714285711,0
220.05000000001579,0.9999999999999569,0.05612244897959183,0
220.1000000000158,0.9999999999999454,0.06122448979591836,0
220.1500000000158,0.9999999999999287,0.05612244897959183,0
220.20000000001582,0.17754596803333636,0.10714285714285711,0
220.25000000001583,0.14987341489265216,0.06632653061224489,0
220.30000000001584,0.9999994475069668,0.05612244897959183,0
220.35000000001585,0.9999999999997851,0.15816326530612243,0
220.40000000001586,0.9999999999997851,0.06122448979591836,0
220.45000000001588,0.9999999999997848,0.05612244897959183,0
220.5000000000159,0.9999999999984778,0.11224489795918365,0
220.5500000000159,0.9999999999989837,0.05612244897959183,0
220.6000000000159,0.11800202198995481,0.10714285714285711,0
220.65000000001592,0.1651344151865671,0.05612244897959183,0
220.70000000001593,0.10169395774627953,0.06122448979591836,0
220.75000000001594,0.9999999999995701,0.05612244897959183,0
220.80000000001596,0.9999997600483213,0.10714285714285711,0
220.85000000001597,0.04184514044131057,0.06122448979591836,0
220.90000000001598,0.08225064343607777,0.06122448979591836,0
220.950000000016,0.9999997148794242,0.06122448979591836,0
221.000000000016,0.652546797478608,0.23979591836734696,0
221.050000000016,0.6470784066471632,0.22959183673469388,0
221.10000000001602,0.6470784066471632,0.1887755102040816,0
221.15000000001604,0.637546441220731,0.17346938775510204,0
221.20000000001605,0.6289276576247174,0.16836734693877548,0
221.25000000001606,0.6183216094617691,0.1173469387755102,0
221.30000000001607,0.6272813395156025,0.07142857142857142,0
221.35000000001608,0.7229554286287929,0.06632653061224489,0
221.4000000000161,0.9999999922402618,0.1173469387755102,0
221.4500000000161,0.999999992005978,0.07653061224489796,0
221.50000000001612,0.9999999999999851,0.06632653061224489,0
221.55000000001613,0.9999999999999842,0.17346938775510204,0
221.60000000001614,0.5928278324011266,0.06632653061224489,0
221.65000000001615,0.9999999999999826,0.12244897959183673,0
221.70000000001616,0.5494359501613384,0.06632653061224489,0
221.75000000001617,0.5438647889363105,0.12244897959183673,0
221.80000000001618,0.9999999886150002,0.06632653061224489,0
221.8500000000162,0.9999999877531865,0.1173469387755102,0
221.9000000000162,0.9999999867548777,0.06632653061224489,0
221.95000000001622,0.9999999856816919,0.06632653061224489,0
222.00000000001623,0.7228146818026253,0.17857142857142855,0
222.05000000001624,0.9999999946631875,0.17346938775510204,0
222.10000000001625,0.702806381775641,0.16836734693877548,0
222.15000000001626,0.693550219648899,0.20918367346938774,0
222.20000000001627,0.6789221563130936,0.16326530612244894,0
222.25000000001629,0.6718494545587416,0.11734693877551017,0
222.3000000000163,0.6413411584021809,0.061224489795918366,0
222.3500000000163,0.5949561411260543,0.16326530612244897,0
222.40000000001632,0.5805050773886974,0.10714285714285711,0
222.45000000001633,0.5541941983833488,0.11224489795918365,0
222.50000000001634,0.5358652451841551,0.05612244897959184,0
222.55000000001635,0.5199921406923974,0.10714285714285711,0
222.60000000001637,0.49119079481834327,0.061224489795918366,0
222.65000000001638,0.4742959184523131,0.061224489795918366,0
222.7000000000164,0.4476336085269241,0.11224489795918365,0
222.7500000000164,0.4338881648140707,0.10714285714285711,0
222.8000000000164,0.41528021147420197,0.11224489795918365,0
222.85000000001642,0.39745343508133185,0.05612244897959184,0
222.90000000001643,0.36679921186817693,0.1020408163265306,0
222.95000000001644,0.3312567405089361,0.05612244897959184,0
223.00000000001646,0.6656206199500696,0.12244897959183669,0
223.05000000001647,0.6522871984168259,0.10714285714285711,0
223.10000000001648,0.6483873249371234,0.16326530612244894,0
223.1500000000165,0.6184808704447863,0.10204081632653059,0
223.2000000000165,0.6037626698446761,0.10714285714285711,0
223.2500000000165,0.5806540608684491,0.04591836734693877,0
223.30000000001652,0.5650850447192897,0.10714285714285711,0
223.35000000001654,0.5394599486372939,0.0510204081632653,0
223.40000000001655,0.5292632657122608,0.10204081632653059,0
223.45000000001656,0.5115335606950028,0.10714285714285711,0
223.50000000001657,0.4924585935777736,0.04591836734693877,0
223.55000000001658,0.47730960237974057,0.10714285714285711,0
223.6000000000166,0.4518442487935142,0.04591836734693877,0
223.6500000000166,0.45408859118659184,0.10204081632653059,0
223.70000000001662,0.4049579510166241,0.04591836734693877,0
223.75000000001663,0.3857795803986797,0.04591836734693877,0
223.80000000001664,0.4484547808312493,0.0510204081632653,0
223.85000000001665,0.9999999820430059,0.04591836734693877,0
223.90000000001666,0.9999999813271179,0.0510204081632653,0
223.95000000001667,0.32535918802300196,0.0510204081632653,0
224.00000000001668,0.3161462341690002,0.20408163265306123,0
224.0500000000167,0.20079253491223492,0.16326530612244894,0
224.1000000000167,0.9999999750763924,0.16836734693877545,0
224.15000000001672,0.15794470623393095,0.19387755102040818,0
224.20000000001673,0.1571525248212322,0.24489795918367346,0
224.25000000001674,0.16983393907250802,0.05612244897959184,0
224.30000000001675,0.14384229006000981,0.09693877551020406,0
224.35000000001676,0.09241062378602356,0.05612244897959184,0
224.40000000001677,0.10979289412371926,0.061224489795918366,0
224.4500000000168,0.005559349137409731,0.05612244897959184,0
224.5000000000168,0.061931877966254684,0.1020408163265306,0
224.5500000000168,0.028887476047512604,0.05612244897959184,0
224.60000000001682,0.02766585180115343,0.07142857142857142,0
224.65000000001683,0.031129668027504623,0.05612244897959184,0
224.70000000001684,0.0910846840845458,0.14795918367346933,0
224.75000000001685,0.05981104042347197,0.0663265306122449,0
224.80000000001687,0.0684760796063393,0.05612244897959184,0
224.85000000001688,0.001964360651936233,0.14795918367346933,0
224.9000000000169,0.14475800515387444,0.05612244897959184,0
224.9500000000169,0.1490236733428672,0.05612244897959184,0
225.0000000000169,0.13909305228203875,0.0663265306122449,0
225.05000000001692,0.12288051360612648,0.061224489795918366,0
225.10000000001693,0.07771129695211758,0.1530612244897959,0
225.15000000001695,0.06287495375051422,0.0663265306122449,0
225.20000000001696,0.14225778019372257,0.10714285714285712,0
225.25000000001697,0.07923837370928219,0.061224489795918366,0
225.30000000001698,0.08068712223581319,0.10714285714285712,0
225.350000000017,0.03863904838023789,0.10714285714285712,0
225.400000000017,0.07193900320094436,0.1020408163265306,0
225.450000000017,0.9999999999999554,0.1530612244897959,0
225.50000000001702,0.999999999999965,0.05612244897959184,0
225.55000000001704,0.9999999999995264,0.1020408163265306,0
225.60000000001705,0.07505323628994182,0.05612244897959184,0
225.65000000001706,0.05554215795159921,0.05612244897959184,0
225.70000000001707,0.05575687681442748,0.05612244897959184,0
225.75000000001708,0.05494406425227712,0.05612244897959184,0
225.8000000000171,0.029565085541649144,0.05612244897959184,0
225.8500000000171,0.05749617341881826,0.061224489795918366,0
225.90000000001712,0.05749617341881825,0.05612244897959184,0
225.95000000001713,0.08413532505135757,0.1020408163265306,0
226.00000000001714,0.392000166962575,0.12244897959183672,0
226.05000000001715,0.3964912197995712,0.10714285714285712,0
226.10000000001716,0.3931429246262001,0.15816326530612243,0
226.15000000001717,0.3808064752558598,0.10714285714285712,0
226.20000000001718,0.36221198175845937,0.11224489795918366,0
226.2500000000172,0.34064916462941935,0.1020408163265306,0
226.3000000000172,0.3164234591222937,0.1530612244897959,0
226.35000000001722,0.29047345403683394,0.05612244897959183,0
226.40000000001723,0.2674437471536217,0.0510204081632653,0
226.45000000001724,0.23525253209243496,0.1020408163265306,0
226.50000000001725,0.19316921547632895,0.0510204081632653,0
226.55000000001726,0.16503062354185793,0.0510204081632653,0
226.60000000001727,0.124153750155581,0.0510204081632653,0
226.6500000000173,0.11019748920446334,0.0510204081632653,0
226.7000000000173,0.09903684247488284,0.05612244897959183,0
226.7500000000173,0.09752789210897235,0.0510204081632653,0
226.80000000001732,0.09450961244115744,0.1020408163265306,0
226.85000000001733,0.06264754935072406,0.0510204081632653,0
226.90000000001734,0.07572655587184876,0.05612244897959183,0
226.95000000001735,0.039660399624799995,0.0510204081632653,0
227.00000000001737,0.0895487006159779,0.17346938775510204,0
227.05000000001738,0.11057294924817072,0.11734693877551018,0
227.1000000000174,0.10920533962332571,0.21938775510204084,0
227.1500000000174,0.10787088370778757,0.16326530612244897,0
227.2000000000174,0.10739337065313018,0.16326530612244897,0
227.25000000001742,0.09784235323125987,0.05612244897959184,0
227.30000000001743,0.09533799654541632,0.11224489795918366,0
227.35000000001745,0.06767483208605553,0.10714285714285712,0
227.40000000001746,0.06786832443842736,0.11734693877551018,0
227.45000000001747,0.07110985817180998,0.05102040816326531,0
227.50000000001748,0.0924487007295353,0.15306122448979592,0
227.5500000000175,0.08047805340882865,0.05102040816326531,0
227.6000000000175,0.08728610386614369,0.05102040816326531,0
227.6500000000175,0.04671744790211849,0.05102040816326531,0
227.70000000001752,0.03459375462451246,0.05102040816326531,0
227.75000000001754,0.020003747722027024,0.05102040816326531,0
227.80000000001755,0.01977565156423505,0.06122448979591837,0
227.85000000001756,0.010348699213703929,0.056122448979591844,0
227.90000000001757,0.017959853206265735,0.16326530612244897,0
227.95000000001758,0.03395096977906183,0.05612244897959184,0
228.0000000000176,0.10171774816900994,0.12755102040816324,0
228.0500000000176,0.10198117551025737,0.17346938775510204,0
228.10000000001762,0.10742907635115746,0.17346938775510204,0
228.15000000001763,0.11169450276957084,0.12244897959183672,0
228.20000000001764,0.10833969519418822,0.11734693877551018,0
228.25000000001765,0.12921129473586823,0.11734693877551018,0
228.30000000001766,0.1103185740574984,0.06632653061224489,0
228.35000000001767,0.06744527626304979,0.06632653061224489,0
228.40000000001768,0.04054794651273251,0.07142857142857142,0
228.4500000000177,0.058712508202369035,0.07142857142857142,0
228.5000000000177,0.05411814995465319,0.11734693877551018,0
228.55000000001772,0.05260666437281749,0.11734693877551018,0
228.60000000001773,0.023273512449034247,0.07142857142857142,0
228.65000000001774,0.01894437941194041,0.07142857142857142,0
228.70000000001775,0.027921100192738354,0.11734693877551018,0
228.75000000001776,0.028294740505219823,0.11734693877551018,0
228.80000000001777,0.05741441572632771,0.06632653061224489,0
228.8500000000178,0.04372365208249764,0.07653061224489796,0
228.9000000000178,0.04182335976170245,0.07142857142857142,0
228.9500000000178,0.008118247465055548,0.16836734693877548,0
229.00000000001782,0.5289647158587487,0.2704081632653061,0
229.05000000001783,0.5379800160891818,0.22959183673469385,0
229.10000000001784,0.546232720794346,0.22959183673469385,0
229.15000000001785,0.5405859517465977,0.27040816326530603,0
229.20000000001787,0.5338435692416442,0.2653061224489795,0
229.25000000001788,0.5292330029050918,0.1020408163265306,0
229.3000000000179,0.5222179474752963,0.04081632653061224,0
229.3500000000179,0.5122548796751597,0.1020408163265306,0
229.4000000000179,0.5059623238218796,0.04081632653061224,0
229.45000000001792,0.49690577923800494,0.09183673469387753,0
229.50000000001793,0.4926967285404745,0.04591836734693877,0
229.55000000001795,0.488058877904285,0.0510204081632653,0
229.60000000001796,0.48287577277819227,0.1020408163265306,0
229.65000000001797,0.4712416277290237,0.16326530612244894,0
229.70000000001798,0.46754989460292523,0.09693877551020405,0
229.750000000018,0.4487754714475495,0.1530612244897959,0
229.800000000018,0.4334830813555868,0.04591836734693877,0
229.850000000018,0.42595977500783433,0.04081632653061224,0
229.90000000001803,0.4191284335477882,0.09693877551020405,0
229.95000000001804,0.4039442199585843,0.04081632653061224,0
230.00000000001805,0.3938552920899943,0.04081632653061224,0
230.05000000001806,0.38292814485083865,0.04081632653061224,0
230.10000000001807,0.37149925547841217,0.04591836734693877,0
230.15000000001808,0.3554543101413317,0.04081632653061224,0
230.2000000000181,0.34968106287885053,0.09693877551020405,0
230.2500000000181,0.36033226045019245,0.04081632653061224,0
230.30000000001812,0.34178752344578023,0.04591836734693877,0
230.35000000001813,0.32716817058506087,0.04081632653061224,0
230.40000000001814,0.31667227828428235,0.09693877551020405,0
230.45000000001815,0.3094471620709284,0.04591836734693877,0
230.50000000001816,0.29464382349404994,0.04591836734693877,0
230.55000000001817,0.29463580718599214,0.09693877551020405,0
230.60000000001818,0.2852298622799611,0.09693877551020405,0
230.6500000000182,0.2798286735138548,0.04081632653061224,0
230.7000000000182,0.2573273362515572,0.04591836734693877,0
230.75000000001822,0.24504835915103368,0.04591836734693877,0
230.80000000001823,0.23164710488784088,0.04591836734693877,0
230.85000000001824,0.207016438075742,0.1020408163265306,0
230.90000000001825,0.20276871009128294,0.09693877551020405,0
230.95000000001826,0.20595043143380604,0.10714285714285711,0
231.00000000001828,0.1837190322064043,0.04081632653061224,0
231.0500000000183,0.15566611980593972,0.14795918367346933,0
231.1000000000183,0.18603535305267366,0.04081632653061224,0
231.1500000000183,0.14943485837218437,0.1020408163265306,0
231.20000000001832,0.1270507268703855,0.04591836734693877,0
231.25000000001833,0.12659899380582787,0.09693877551020405,0
231.30000000001834,0.1287884986412095,0.0510204081632653,0
231.35000000001835,0.11133618354423423,0.04081632653061224,0
231.40000000001837,0.10674780704459592,0.1581632653061224,0
231.45000000001838,0.1102003690207896,0.04081632653061224,0
231.5000000000184,0.08445376234461927,0.09693877551020405,0
231.5500000000184,0.0423167394248596,0.04591836734693877,0
231.6000000000184,0.041590351557873655,0.04081632653061224,0
231.65000000001842,0.04086573427718739,0.04591836734693877,0
231.70000000001843,0.03576382623018608,0.04081632653061224,0
231.75000000001845,0.012644106762820535,0.09693877551020405,0
231.80000000001846,0.061180047038322666,0.04591836734693877,0
231.85000000001847,0.04163469098607829,0.04081632653061224,0
231.90000000001848,0.011065496962911313,0.1020408163265306,0
231.9500000000185,0.02789346502900901,0.04081632653061224,0
232.0000000000185,0.027694701714246303,0.10714285714285711,0
232.0500000000185,0.019563336604096496,0.04591836734693877,0
232.10000000001853,0.010194593276922018,0.1530612244897959,0
232.15000000001854,0.045619129938856307,0.08673469387755099,0
232.20000000001855,0.08666211636340063,0.04081632653061224,0
232.25000000001856,0.10896334770525393,0.0510204081632653,0
232.30000000001857,0.0931766943276839,0.0510204081632653,0
232.35000000001858,0.11695528052549432,0.1530612244897959,0
232.4000000000186,0.07798590351754721,0.04591836734693877,0
232.4500000000186,0.03495721051372987,0.0510204081632653,0
232.50000000001862,0.055009880462730136,0.09693877551020405,0
232.55000000001863,0.07702495258682641,0.1530612244897959,0
232.60000000001864,0.09351270285249796,0.04591836734693877,0
232.65000000001865,0.08324227436972835,0.04591836734693877,0
232.70000000001866,0.06974209974580584,0.09693877551020405,0
232.75000000001867,0.052309460512864316,0.09693877551020405,0
232.80000000001868,0.07765402566619692,0.04081632653061224,0
232.8500000000187,0.05647855138811696,0.0510204081632653,0
232.9000000000187,0.037339378990084104,0.04591836734693877,0
232.95000000001872,0.023999582377316087,0.1530612244897959,0
233.00000000001873,0.44157824682058905,0.1581632653061224,0
233.05000000001874,0.44138563501417777,0.09183673469387753,0
233.10000000001875,0.4345541084148795,0.09183673469387753,0
233.15000000001876,0.42851429797025614,0.08673469387755099,0
233.20000000001878,0.41993477138164537,0.08673469387755099,0
233.2500000000188,0.4141446110073341,0.025510204081632654,0
233.3000000000188,0.4117055207279284,0.03571428571428571,0
233.3500000000188,0.3983625349952782,0.030612244897959186,0
233.40000000001882,0.3977260262888143,0.1530612244897959,0
233.45000000001883,0.38502118481036274,0.08673469387755099,0
233.50000000001884,0.3916236559850622,0.09183673469387753,0
233.55000000001885,0.36824482354919974,0.025510204081632654,0
233.60000000001887,0.35791168796123385,0.08673469387755099,0
233.65000000001888,0.35092283310303235,0.025510204081632654,0
233.7000000000189,0.3401991477598806,0.025510204081632654,0
233.7500000000189,0.32565031688650886,0.025510204081632654,0
233.8000000000189,0.31550275827652424,0.030612244897959186,0
233.85000000001892,0.3064022262651894,0.025510204081632654,0
233.90000000001893,0.3062960855852646,0.08163265306122447,0
233.95000000001895,0.28361053750838283,0.025510204081632654,0
234.00000000001896,0.49167125939235706,0.1581632653061224,0
234.05000000001897,0.48809525243366747,0.1530612244897959,0
234.10000000001898,0.47422694436861523,0.1530612244897959,0
234.150000000019,0.46109004401187387,0.2551020408163264,0
234.200000000019,0.44629789820748406,0.24999999999999994,0
234.250000000019,0.4444923988997673,0.01020408163265306,0
234.30000000001903,0.4259950536792633,0.015306122448979591,0
234.35000000001904,0.41140313594437083,0.015306122448979591,0
234.40000000001905,0.3942580905703249,0.07653061224489795,0
234.45000000001906,0.3792126277707654,0.07653061224489795,0
234.50000000001907,0.3639796141744111,0.07142857142857141,0
234.55000000001908,0.36188445301466926,0.07142857142857141,0
234.6000000000191,0.34328054326639873,0.015306122448979591,0
234.6500000000191,0.313415296612201,0.015306122448979591,0
234.70000000001912,0.28214159632771263,0.07653061224489795,0
234.75000000001913,0.26195668301768404,0.015306122448979591,0
234.80000000001914,0.23945649769532243,0.07142857142857141,0
234.85000000001915,0.2142538534876079,0.07142857142857141,0
234.90000000001916,0.2029949015658226,0.015306122448979591,0
234.95000000001917,0.19422724929497948,0.015306122448979591,0
235.00000000001918,0.15399493802154204,0.01020408163265306,0
235.0500000000192,0.12649767557170158,0.07142857142857141,0
235.1000000000192,0.1008389632349841,0.01020408163265306,0
235.15000000001922,0.09744550401970638,0.01020408163265306,0
235.20000000001923,0.12589087867201582,0.015306122448979591,0
235.25000000001924,0.1442819580018069,0.01020408163265306,0
235.30000000001925,0.09961385876502028,0.07142857142857141,0
235.35000000001926,0.07691131434991602,0.015306122448979591,0
235.40000000001928,0.06561494003357955,0.07142857142857141,0
235.4500000000193,0.046569130486933404,0.07142857142857141,0
235.5000000000193,0.0493219874107333,0.015306122448979591,0
235.5500000000193,0.06664565196259302,0.01020408163265306,0
235.60000000001932,0.0659948458915875,0.07142857142857141,0
235.65000000001933,0.022071342113491214,0.01020408163265306,0
235.70000000001934,0.01299663078149686,0.01020408163265306,0
235.75000000001936,0.01299663078149686,0.01020408163265306,0
235.80000000001937,0.012816998849359575,0.01020408163265306,0
235.85000000001938,0.059973147986280555,0.015306122448979591,0
235.9000000000194,0.03952581357825772,0.02551020408163265,0
235.9500000000194,0.02521636591813062,0.07142857142857141,0
236.0000000000194,0.013349916653748834,0.19387755102040818,0
236.05000000001942,0.05231633117865316,0.01020408163265306,0
236.10000000001943,0.08655394631565634,0.01020408163265306,0
236.15000000001945,0.0920799151235483,0.015306122448979591,0
236.20000000001946,0.06826239859715133,0.01020408163265306,0
236.25000000001947,0.04279664683805955,0.08163265306122447,0
236.30000000001948,0.027535125777250858,0.01020408163265306,0
236.3500000000195,0.046165862045140345,0.12244897959183669,0
236.4000000000195,0.01639776056647152,0.015306122448979591,0
236.45000000001951,0.00826432462098284,0.015306122448979591,0
236.50000000001953,0.010981208305738602,0.07142857142857141,0
236.55000000001954,0.015324886401655616,0.07142857142857141,0
236.60000000001955,0.037436656571349244,0.01020408163265306,0
236.65000000001956,0.06342563103426302,0.015306122448979591,0
236.70000000001957,0.043524145439146567,0.015306122448979591,0
236.75000000001958,0.031912950030269026,0.08163265306122447,0
236.8000000000196,0.013855623095952197,0.07653061224489795,0
236.8500000000196,0.04488785707326792,0.13265306122448975,0
236.90000000001962,0.0691213371558532,0.08163265306122447,0
236.95000000001963,0.10903501403684285,0.01020408163265306,0
237.00000000001964,0.08254107772463742,0.13265306122448975,0
237.05000000001965,0.049615739911182434,0.015306122448979591,0
237.10000000001966,0.023742900495696086,0.01020408163265306,0
237.15000000001967,0.008466994233624594,0.07142857142857141,0
237.20000000001968,0.015471559610106314,0.015306122448979591,0
237.2500000000197,0.008221126965480044,0.02040816326530612,0
237.3000000000197,0.033230713847009444,0.07142857142857141,0
237.35000000001972,0.020190058554112232,0.015306122448979591,0
237.40000000001973,0.061355690460286966,0.08163265306122447,0
237.45000000001974,0.0224863310749091,0.07653061224489795,0
237.50000000001975,0.0350525022453266,0.13265306122448975,0
237.55000000001976,0.040411454431331456,0.07653061224489795,0
237.60000000001978,0.04747258315507447,0.01020408163265306,0
237.6500000000198,0.04859330992053046,0.07142857142857141,0
237.7000000000198,0.021423085324761837,0.015306122448979591,0
237.7500000000198,0.04669762012083905,0.01020408163265306,0
237.80000000001982,0.03411405490370389,0.07653061224489795,0
237.85000000001983,0.03560494558854108,0.01020408163265306,0
237.90000000001984,0.05515745805261621,0.01020408163265306,0
237.95000000001986,0.041156458508587165,0.01020408163265306,0
238.00000000001987,0.02582753415299727,0.02040816326530612,0
238.05000000001988,0.019646489076792898,0.015306122448979591,0
238.1000000000199,0.0523667669072121,0.13265306122448975,0
238.1500000000199,0.07449854259972594,0.015306122448979591,0
238.2000000000199,0.09782173058484471,0.01020408163265306,0
238.25000000001992,0.08815440646908079,0.07653061224489795,0
238.30000000001993,0.06758153852728292,0.01020408163265306,0
238.35000000001995,0.0978564874785884,0.015306122448979591,0
238.40000000001996,0.03456166714835775,0.02040816326530612,0
238.45000000001997,0.020028224100156308,0.07142857142857141,0
238.50000000001998,0.012442926474465805,0.12244897959183669,0
238.55000000002,0.564835512407846,0.07142857142857141,0
238.60000000002,0.5388395615765894,0.02040816326530612,0
238.65000000002001,0.5102023143750288,0.015306122448979591,0
238.70000000002003,0.4792377021131501,0.13265306122448975,0
238.75000000002004,0.44292276298480593,0.07142857142857141,0
238.80000000002005,0.4277006661894215,0.02040816326530612,0
238.85000000002006,0.4096982751331233,0.01020408163265306,0
238.90000000002007,0.3990967896606673,0.13775510204081629,0
238.95000000002008,0.39914139150855527,0.02040816326530612,0
239.0000000000201,0.44536807449077087,0.13265306122448975,0
239.0500000000201,0.42817628870189856,0.20918367346938774,0
239.10000000002012,0.42092611936896757,0.07142857142857141,0
239.15000000002013,0.41397498554704204,0.13265306122448975,0
239.20000000002014,0.435504255755438,0.06632653061224487,0
239.25000000002015,0.46442127167307606,0.0,0
239.30000000002016,0.4930485238404567,0.00510204081632653,0
239.35000000002017,0.5168070586846678,0.0,0
239.40000000002019,0.5155559689395782,0.00510204081632653,0
239.4500000000202,0.5491755842465748,0.0,0
239.5000000000202,0.5617573528189236,0.07653061224489795,0
239.55000000002022,0.4718262888371744,0.00510204081632653,0
239.60000000002023,0.44249349820400036,0.11224489795918365,0
239.65000000002024,0.4420849074821909,0.06632653061224487,0
239.70000000002025,0.4285701524021321,0.015306122448979591,0
239.75000000002026,0.40786545757081033,0.00510204081632653,0
239.80000000002028,0.39991803030414186,0.1989795918367347,0
239.8500000000203,0.35713550011857464,0.07653061224489795,0
239.9000000000203,0.33820148571025094,0.00510204081632653,0
239.9500000000203,0.3820769788190342,0.06632653061224487,0
240.00000000002032,0.25965230632285374,0.20918367346938774,0
240.05000000002033,0.23541175214668328,0.1530612244897959,0
240.10000000002034,0.22256494963785645,0.1530612244897959,0
240.15000000002036,0.20544386480929022,0.14285714285714282,0
240.20000000002037,0.19104305553412898,0.14285714285714282,0
240.25000000002038,0.17481209106194165,0.030612244897959183,0
240.3000000000204,0.1630924133715365,0.03571428571428571,0
240.3500000000204,0.14351746920669597,0.030612244897959183,0
240.4000000000204,0.12268459282635179,0.08673469387755102,0
240.45000000002042,0.09183910708634643,0.030612244897959183,0
240.50000000002044,0.13351822374814387,0.04081632653061224,0
240.55000000002045,0.030974580017106505,0.030612244897959183,0
240.60000000002046,0.06308117272521654,0.14285714285714282,0
240.65000000002047,0.06632048329644862,0.030612244897959183,0
240.70000000002048,0.0371340430586416,0.030612244897959183,0
240.7500000000205,0.012256854526732868,0.04081632653061224,0
240.8000000000205,0.03880627489025897,0.030612244897959183,0
240.85000000002051,0.00671825126232819,0.14795918367346933,0
240.90000000002053,0.13747818880000887,0.04081632653061224,0
240.95000000002054,0.20169352891317627,0.08673469387755102,0
241.00000000002055,0.19043172882055381,0.21428571428571433,0
241.05000000002056,0.1588359689342848,0.1530612244897959,0
241.10000000002057,0.21603290476033116,0.1020408163265306,0
241.15000000002058,0.15175505059445885,0.1020408163265306,0
241.2000000000206,0.1517550505944583,0.1020408163265306,0
241.2500000000206,0.15175505059445787,0.1020408163265306,1
241.30000000002062,0.15175505059445787,0.1020408163265306,1
241.35000000002063,0.15175505059445885,0.1020408163265306,1
241.40000000002064,0.15175505059445787,0.1020408163265306,1
241.45000000002065,0.15175505059445832,0.1020408163265306,1
241.50000000002066,0.15175505059445837,0.1020408163265306,1
241.55000000002067,0.1517550505944583,0.14795918367346936,0
241.60000000002069,0.3679551712215702,0.14795918367346936,0
241.6500000000207,0.9999999667250012,0.6071428571428571,0
241.7000000000207,0.9999999667250012,0.6071428571428571,0
241.75000000002072,0.18018446413356834,0.5612244897959184,0
241.80000000002073,0.14815790396969228,0.5561224489795918,0
241.85000000002074,0.15396202685490695,0.09693877551020406,0
241.90000000002075,0.05385501839254969,0.0510204081632653,0
241.95000000002076,0.9999997533502548,0.0510204081632653,0
242.00000000002078,0.9999997533502548,0.09693877551020406,0
242.0500000000208,0.08088360454200758,0.09183673469387753,0
242.1000000000208,0.14487182417744116,0.04591836734693877,0
242.1500000000208,0.03605398699870422,0.10714285714285712,0
242.20000000002082,0.16159050177533205,0.0510204081632653,0
242.25000000002083,0.9999997901594867,0.14795918367346936,0
242.30000000002084,0.14322126382828496,0.09693877551020406,0
242.35000000002086,0.19782702563974786,0.0510204081632653,0
242.40000000002087,0.17448242806924408,0.04591836734693877,0
242.45000000002088,0.13379027469306556,0.09693877551020406,0
242.5000000000209,0.09929469741112568,0.04591836734693877,0
242.5500000000209,0.024043583085603042,0.04591836734693877,0
242.6000000000209,0.9999997580000571,0.04591836734693877,0
242.65000000002092,0.9999997580000571,0.04591836734693877,0
242.70000000002094,0.9999997580000571,0.0510204081632653,0
242.75000000002095,0.999999761023888,0.04591836734693877,0
242.80000000002096,0.9999997053366573,0.09693877551020406,0
242.85000000002097,0.15224610081752465,0.04591836734693877,0
242.90000000002098,0.07022345039372346,0.0510204081632653,0
242.950000000021,0.9999998714868759,0.05612244897959183,0
243.000000000021,0.9999998308929475,0.17346938775510204,0
243.05000000002102,0.16839892270764886,0.22448979591836737,0
243.10000000002103,0.9999997673793615,0.17346938775510204,0
243.15000000002104,0.15433950677583524,0.17346938775510204,0
243.20000000002105,0.16536366553428714,0.17346938775510204,0
243.25000000002106,0.1611264179761769,0.17346938775510204,1
243.30000000002107,0.15031930461052917,0.17346938775510204,1
243.35000000002108,0.1503193046105297,0.17346938775510204,1
243.4000000000211,0.1503193046105297,0.17346938775510204,1
243.4500000000211,0.1503193046105296,0.17346938775510204,1
243.50000000002112,0.15031930461052948,0.17346938775510204,1
243.55000000002113,0.1503193046105294,0.17346938775510204,0
243.60000000002114,0.15031930461052948,0.20918367346938774,0
243.65000000002115,0.17557380915953053,0.20918367346938774,0
243.70000000002116,0.19813522865035468,0.5306122448979594,0
243.75000000002117,0.23349109703598558,0.5306122448979594,0
243.80000000002119,0.23142797723146685,0.4846938775510206,0
243.8500000000212,0.20569648217671313,0.4846938775510206,0
243.9000000000212,0.15593268383072661,0.07142857142857142,0
243.95000000002122,0.16878146720382423,0.07653061224489796,0
244.00000000002123,0.10181392584977064,0.07142857142857142,0
244.05000000002124,0.07659184072807185,0.11734693877551018,0
244.10000000002125,0.07659184072807185,0.07142857142857142,0
244.15000000002127,0.07781353565987885,0.07142857142857142,0
244.20000000002128,0.036124405361657716,0.07653061224489796,0
244.2500000000213,2.738761598461028e-16,0.07653061224489796,0
244.3000000000213,0.1099922721160209,0.11734693877551018,0
244.3500000000213,0.13281055380763696,0.07653061224489796,0
244.40000000002132,0.1527056721137802,0.07653061224489796,0
244.45000000002133,0.16624310900131634,0.11734693877551018,0
244.50000000002134,0.1656353018366841,0.11734693877551018,0
244.55000000002136,0.23712637754873975,0.07142857142857142,0
244.60000000002137,0.11217478228156326,0.07142857142857142,0
244.65000000002138,0.08951453298420425,0.07142857142857142,0
244.7000000000214,0.08951453298420423,0.07653061224489796,0
244.7500000000214,0.08951453298420406,0.07142857142857142,0
244.8000000000214,0.08951453298420406,0.12244897959183672,0
244.85000000002142,0.09964651186474621,0.07142857142857142,0
244.90000000002144,0.0523752848953347,0.12244897959183672,0
244.95000000002145,0.04353522778920762,0.07142857142857142,0
245.00000000002146,0.8263401005350947,0.19897959183673466,0
245.05000000002147,0.8663203348742504,0.22959183673469388,0
245.10000000002148,0.8103561775625248,0.2346938775510204,0
245.1500000000215,0.7926471123077498,0.21938775510204084,0
245.2000000000215,0.7873138568114142,0.26530612244897955,0
245.25000000002152,0.7820901020363146,0.11734693877551018,0
245.30000000002153,0.7821527954222596,0.06122448979591837,0
245.35000000002154,0.7860605035092614,0.11224489795918366,0
245.40000000002155,0.7790597973089289,0.06122448979591837,0
245.45000000002156,0.8139942779427549,0.06122448979591837,0
245.50000000002157,0.7653224085128645,0.06122448979591837,0
245.55000000002158,0.7595999216041875,0.06122448979591837,0
245.6000000000216,0.7791475740296303,0.06122448979591837,0
245.6500000000216,0.7692585332127687,0.06122448979591837,0
245.70000000002162,0.7353191222836326,0.06122448979591837,0
245.75000000002163,0.7260381862189169,0.06122448979591837,0
245.80000000002164,0.7162882296272668,0.0663265306122449,0
245.85000000002165,0.7067864048963595,0.06122448979591837,0
245.90000000002166,0.6946655416335031,0.12244897959183673,0
245.95000000002167,0.6570558731720003,0.0663265306122449,0
246.00000000002169,0.7854046716806253,0.30102040816326525,0
246.0500000000217,0.7808629939932655,0.2908163265306122,0
246.1000000000217,0.7736516828164728,0.20408163265306117,0
246.15000000002172,0.7646045970910328,0.1887755102040816,0
246.20000000002173,0.7560626694845906,0.23469387755102042,0
246.25000000002174,0.7444819936183686,0.09693877551020409,0
246.30000000002175,0.7314672016528792,0.09693877551020409,0
246.35000000002177,0.7286861421120575,0.09693877551020409,0
246.40000000002178,0.7206860216618628,0.09693877551020409,0
246.4500000000218,0.705615874343163,0.09693877551020409,0
246.5000000000218,0.6796951495467635,0.09693877551020409,0
246.5500000000218,0.658776196078457,0.09693877551020409,0
246.60000000002182,0.6361059774390468,0.09693877551020409,0
246.65000000002183,0.611553595859417,0.09693877551020409,0
246.70000000002184,0.5955706675518349,0.09693877551020409,0
246.75000000002186,0.5845241187366462,0.10204081632653061,0
246.80000000002187,0.5677102284005873,0.09693877551020409,0
246.85000000002188,0.542151191294411,0.15306122448979595,0
246.9000000000219,0.5237991808522326,0.09693877551020409,0
246.9500000000219,0.5067901354632318,0.1887755102040816,0
247.0000000000219,0.48893686542035564,0.09693877551020409,0
247.05000000002192,0.4654165806552015,0.10204081632653061,0
247.10000000002194,0.4524865888482613,0.09693877551020409,0
247.15000000002195,0.4351331920976396,0.14285714285714285,0
247.20000000002196,0.41674195690512655,0.09693877551020409,0
247.25000000002197,0.39863307405579085,0.09693877551020409,0
247.30000000002198,0.374639948154437,0.09693877551020409,0
247.350000000022,0.34688507382578176,0.10204081632653061,0
247.400000000022,0.3197049242026456,0.10204081632653061,0
247.45000000002202,0.29356568299530456,0.14795918367346936,0
247.50000000002203,0.26195823117922135,0.14285714285714285,0
247.55000000002204,0.2176250130926389,0.14285714285714285,0
247.60000000002205,0.1942658048549617,0.10204081632653061,0
247.65000000002206,0.17036475484064822,0.09693877551020409,0
247.70000000002207,0.13236848687932934,0.14795918367346936,0
247.75000000002208,0.1245755760161102,0.10204081632653061,0
247.8000000000221,0.13474961356518775,0.14285714285714285,0
247.8500000000221,0.05437231249750246,0.14795918367346936,0
247.90000000002212,0.07749130689738079,0.09693877551020409,0
247.95000000002213,0.10985264428552952,0.14285714285714285,0
248.00000000002214,0.6378265578115868,0.22959183673469383,0
248.05000000002215,0.6290823717977739,0.2091836734693877,0
248.10000000002216,0.5985009865337221,0.2091836734693877,0
248.15000000002217,0.5916362411918775,0.2040816326530612,0
248.2000000000222,0.5859948446199648,0.2040816326530612,0
248.2500000000222,0.5720407715622706,0.15306122448979592,0
248.3000000000222,0.5608546441933928,0.15306122448979592,0
248.35000000002222,0.5430464552028917,0.10714285714285714,0
248.40000000002223,0.5878545707327895,0.10714285714285714,0
248.45000000002224,0.49577566181125887,0.10714285714285714,0
248.50000000002225,0.48050578255187687,0.10714285714285714,0
248.55000000002227,0.4927057566260084,0.10714285714285714,0
248.60000000002228,0.478649850705217,0.10714285714285714,0
248.6500000000223,0.4653589445806127,0.10714285714285714,0
248.7000000000223,0.42845753472997256,0.10714285714285714,0
248.7500000000223,0.3730818707695662,0.10714285714285714,0
248.80000000002232,0.33960721909697916,0.10714285714285714,0
248.85000000002233,0.31483398669450774,0.10714285714285714,0
248.90000000002235,0.2672790936376706,0.10714285714285714,0
248.95000000002236,0.22358257117564023,0.1173469387755102,0
249.00000000002237,0.1874001843558422,0.1173469387755102,0
249.05000000002238,0.14641322695674178,0.15816326530612243,0
249.1000000000224,0.12345516939131265,0.1173469387755102,0
249.1500000000224,0.14215660299005217,0.15816326530612243,0
249.2000000000224,0.06394768716096735,0.12244897959183673,0
249.25000000002242,0.21577075855663816,0.15306122448979592,0
249.30000000002244,0.17493361014240394,0.2040816326530612,0
249.35000000002245,0.1590344127982476,0.11224489795918367,0
249.40000000002246,0.1360528682803871,0.15306122448979592,0
249.45000000002247,0.17213357690570685,0.15306122448979592,0
249.50000000002248,0.11000064659310288,0.10714285714285714,0
249.5500000000225,0.05893293340438285,0.10714285714285714,0
249.6000000000225,0.058932933404382354,0.10714285714285714,0
249.65000000002252,0.05893293340438262,0.10714285714285714,0
249.70000000002253,0.05893293340438262,0.10714285714285714,0
249.75000000002254,0.06032262288787024,0.11224489795918367,0
249.80000000002255,0.03069424623926798,0.10714285714285714,0
249.85000000002256,0.035673027788751956,0.15816326530612243,0
249.90000000002257,0.06915291870924006,0.10714285714285714,0
249.95000000002258,0.0691529187092401,0.15816326530612243,0
250.0000000000226,0.4487654891479989,0.1785714285714286,0
250.0500000000226,0.4487654891479989,0.19387755102040813,0
250.10000000002262,0.41631502917626584,0.14795918367346936,0
250.15000000002263,0.3836792816141601,0.14285714285714282,0
250.20000000002264,0.35485950491276774,0.1887755102040816,0
250.25000000002265,0.32223355759980105,0.13775510204081629,0
250.30000000002266,0.2996529354541741,0.1020408163265306,0
250.35000000002267,0.25682145821457847,0.08673469387755102,0
250.4000000000227,0.23838066893778334,0.08673469387755102,0
250.4500000000227,0.2048639522330585,0.08673469387755102,0
250.5000000000227,0.1846339829398175,0.08673469387755102,0
250.55000000002272,0.1368205144670807,0.08673469387755102,0
250.60000000002273,0.18859518181440763,0.09693877551020406,0
250.65000000002274,0.17172336767523075,0.08673469387755102,0
250.70000000002275,0.2291619714174763,0.17346938775510204,0
250.75000000002277,0.2504058608097678,0.08673469387755102,0
250.80000000002278,0.24892241639235216,0.1530612244897959,0
250.8500000000228,0.20809736570879636,0.09183673469387754,0
250.9000000000228,0.17321267276219296,0.23979591836734698,0
250.9500000000228,0.12140213943160588,0.14795918367346936,0
251.00000000002282,0.2308988648332549,0.1887755102040816,0
251.05000000002283,0.28392502785856577,0.27040816326530603,0
251.10000000002285,0.374486520486776,0.1581632653061224,0
251.15000000002286,0.36744201463013876,0.1530612244897959,0
251.20000000002287,0.3623265094607207,0.14795918367346933,0
251.25000000002288,0.3484343774354602,0.08673469387755099,0
251.3000000000229,0.3250491584265905,0.030612244897959186,0
251.3500000000229,0.3040006280054306,0.03571428571428571,0
251.4000000000229,0.2856028093820111,0.08673469387755099,0
251.45000000002292,0.2598406293135056,0.1020408163265306,0
251.50000000002294,0.23443121567088274,0.025510204081632654,0
251.55000000002295,0.20914355488180883,0.1989795918367347,0
251.60000000002296,0.17201744420090465,0.025510204081632654,0
251.65000000002297,0.15651545265685543,0.09183673469387753,0
251.70000000002298,0.12399351559370335,0.025510204081632654,0
251.750000000023,0.10222287609982125,0.08673469387755099,0
251.800000000023,0.07796570824166865,0.030612244897959186,0
251.85000000002302,0.10069115236017982,0.025510204081632654,0
251.90000000002303,0.10482552209112597,0.08673469387755099,0
251.95000000002304,0.07943876495088797,0.025510204081632654,0
252.00000000002305,0.07655185639162645,0.030612244897959186,0
252.05000000002306,0.043308999942989826,0.025510204081632654,0
252.10000000002307,0.028920449834625474,0.08673469387755099,0
252.15000000002308,0.017072747790960057,0.025510204081632654,0
252.2000000000231,0.04334788097531945,0.030612244897959186,0
252.2500000000231,0.04183708105111143,0.030612244897959186,0
252.30000000002312,0.043476892651139104,0.08673469387755099,0
252.35000000002313,0.020321612233787836,0.08673469387755099,0
252.40000000002314,0.052863997107458385,0.030612244897959186,0
252.45000000002315,0.021544091984189294,0.030612244897959186,0
252.50000000002316,0.007795644330907094,0.08673469387755099,0
252.55000000002318,0.007851535395758004,0.08673469387755099,0
252.6000000000232,0.0382085440390381,0.025510204081632654,0
252.6500000000232,0.07129966654393434,0.03571428571428571,0
252.7000000000232,0.047153718850746096,0.025510204081632654,0
252.75000000002322,0.03548755225544738,0.1530612244897959,0
252.80000000002323,0.0177602259429632,0.04591836734693877,0
252.85000000002324,0.010211846767667997,0.08163265306122447,0
252.90000000002325,0.013084939991665618,0.1530612244897959,0
252.95000000002327,0.05550838521222569,0.030612244897959186,0
253.00000000002328,0.15888934215860767,0.21938775510204084,0
253.0500000000233,0.13301873927422467,0.20918367346938777,0
253.1000000000233,0.14989537774100178,0.1530612244897959,0
253.1500000000233,0.14446714330879046,0.1530612244897959,0
253.20000000002332,0.13465343821087597,0.1530612244897959,0
253.25000000002333,0.11942182052232168,0.1530612244897959,1
253.30000000002335,0.11027172042129034,0.1530612244897959,1
253.35000000002336,0.10328846054675421,0.1530612244897959,1
253.40000000002337,0.09399442420945,0.1530612244897959,1
253.45000000002338,0.07822532482207166,0.1530612244897959,1
253.5000000000234,0.06300274022398646,0.1530612244897959,1
253.5500000000234,0.06053166387798828,0.1530612244897959,0
253.6000000000234,0.0525082562864856,0.20408163265306117,0
253.65000000002343,0.06785958716664543,0.1938775510204081,0
253.70000000002344,0.08355456908127266,0.8061224489795918,0
253.75000000002345,0.10547528579237772,0.8061224489795918,0
253.80000000002346,0.11065136297702896,0.75,0
253.85000000002347,0.11542846554750404,0.7448979591836735,0
253.90000000002348,0.11249656000329218,0.07142857142857141,0
253.9500000000235,0.12844933114787474,0.015306122448979591,0
254.0000000000235,0.1275550742445497,0.01020408163265306,0
254.05000000002352,0.11950305851919883,0.07142857142857141,0
254.10000000002353,0.12189696322525091,0.01020408163265306,0
254.15000000002354,0.10989577740494533,0.01020408163265306,0
254.20000000002355,0.08159647322839095,0.01020408163265306,0
254.25000000002356,0.07523214299422608,0.01020408163265306,0
254.30000000002357,0.06898497919494853,0.01020408163265306,0
254.35000000002358,0.054492603202114874,0.01020408163265306,0
254.4000000000236,0.04108037717135514,0.02551020408163265,0
254.4500000000236,0.024468223154905478,0.01020408163265306,0
254.50000000002362,0.01695479349949637,0.19387755102040818,0
254.55000000002363,0.002864361076637861,0.01020408163265306,0
254.60000000002364,0.0023084763720118847,0.01020408163265306,0
254.65000000002365,0.0017688554172103634,0.01020408163265306,0
254.70000000002366,0.001005140826785778,0.01020408163265306,0
254.75000000002368,0.0052783000140763465,0.01020408163265306,0
254.8000000000237,0.010399708851117535,0.015306122448979591,0
254.8500000000237,0.021811265595289425,0.01020408163265306,0
254.9000000000237,0.02288127234924675,0.08163265306122447,0
254.95000000002372,0.0397765678958026,0.015306122448979591,0
255.00000000002373,0.03093424372913897,0.13775510204081629,0
255.05000000002374,0.05084419075009532,0.07653061224489795,0
255.10000000002375,0.06659433262587586,0.07653061224489795,0
255.15000000002377,0.07818406399312851,0.07142857142857141,0
255.20000000002378,0.08584133333993785,0.07142857142857141,0
255.2500000000238,0.10156211796451219,0.015306122448979591,0
255.3000000000238,0.0873677270908216,0.01020408163265306,0
255.3500000000238,0.06855748264860596,0.07142857142857141,0
255.40000000002382,0.07496894278975555,0.02040816326530612,0
255.45000000002383,0.0399865459432805,0.02040816326530612,0
255.50000000002385,0.04232190353885843,0.13265306122448975,0
255.55000000002386,0.052735592768215954,0.13775510204081629,0
255.60000000002387,0.10352013337527591,0.01020408163265306,0
255.65000000002388,0.09243328552358837,0.07142857142857141,0
255.7000000000239,0.05526399366815816,0.01020408163265306,0
255.7500000000239,0.07269630694238044,0.01020408163265306,0
255.8000000000239,0.015575727464216056,0.01020408163265306,0
255.85000000002393,0.01358676092095797,0.015306122448979591,0
255.90000000002394,0.021469923350218804,0.01020408163265306,0
255.95000000002395,0.021469923350218804,0.07142857142857141,0
256.00000000002393,0.03395527266671057,0.02040816326530612,0
256.05000000002394,0.033443309804468,0.01020408163265306,0
256.10000000002395,0.03376409030433062,0.07653061224489795,0
256.15000000002397,0.012782946717737852,0.02040816326530612,0
256.200000000024,0.07058771933168174,0.07142857142857141,0
256.250000000024,0.06726551068239016,0.13265306122448975,0
256.300000000024,0.07680952418058931,0.01020408163265306,0
256.350000000024,0.06844722586052585,0.01020408163265306,0
256.400000000024,0.06230815941049858,0.01020408163265306,0
256.45000000002403,0.05079783414589206,0.015306122448979591,0
256.50000000002404,0.026419808760572695,0.01020408163265306,0
256.55000000002406,0.017918125398016904,0.06632653061224487,0
256.60000000002407,0.015139785771298394,0.01020408163265306,0
256.6500000000241,0.023922075708490573,0.02040816326530612,0
256.7000000000241,0.05448358753935186,0.01020408163265306,0
256.7500000000241,0.04269852622722387,0.13775510204081629,0
256.8000000000241,0.026490828668228668,0.015306122448979591,0
256.8500000000241,0.010051180494213673,0.07653061224489795,0
256.90000000002414,0.0633981384561824,0.07142857142857141,0
256.95000000002415,0.07283757008666869,0.07653061224489795,0
257.00000000002416,0.10294082648163162,0.08163265306122447,0
257.05000000002417,0.09951254489355496,0.13775510204081629,0
257.1000000000242,0.10059730860038893,0.08163265306122447,0
257.1500000000242,0.09760196399808452,0.08163265306122447,0
257.2000000000242,0.0956608826192298,0.08163265306122447,0
257.2500000000242,0.08418910267865942,0.08673469387755099,0
257.3000000000242,0.10948043890123885,0.08163265306122447,0
257.35000000002424,0.11643833894605952,0.08673469387755099,0
257.40000000002425,0.10208529017520436,0.07653061224489795,0
257.45000000002426,0.11017879933327923,0.13775510204081629,0
257.5000000000243,0.11766052934488173,0.02040816326530612,0
257.5500000000243,0.135762865626001,0.07653061224489795,0
257.6000000000243,0.09470490138991898,0.02040816326530612,0
257.6500000000243,0.06434857291111541,0.02040816326530612,0
257.7000000000243,0.029806893395662868,0.02040816326530612,0
257.75000000002433,0.03428249133084982,0.02551020408163265,0
257.80000000002434,0.02842751913182263,0.030612244897959183,0
257.85000000002435,0.03920831501915998,0.07653061224489795,0
257.90000000002436,0.0573377808989021,0.13265306122448975,0
257.9500000000244,0.07076405346141638,0.02551020408163265,0
258.0000000000244,0.4424581754083466,0.08163265306122447,0
258.0500000000244,0.4422469957581946,0.14285714285714282,0
258.1000000000244,0.4355465369458451,0.09183673469387753,0
258.1500000000244,0.425572246031982,0.13265306122448975,0
258.20000000002443,0.4180453834252536,0.07653061224489795,0
258.25000000002444,0.4212160543204548,0.01020408163265306,0
258.30000000002445,0.40935765081277264,0.01020408163265306,0
258.35000000002447,0.38886832046478703,0.015306122448979591,0
258.4000000000245,0.36876640679461126,0.02040816326530612,0
258.4500000000245,0.3591033849423219,0.07142857142857141,0
258.5000000000245,0.356030071322957,0.02040816326530612,0
258.5500000000245,0.3391451145272484,0.015306122448979591,0
258.6000000000245,0.3251911111853032,0.13775510204081629,0
258.65000000002453,0.31810032948379174,0.07142857142857141,0
258.70000000002454,0.31804159063013315,0.07142857142857141,0
258.75000000002456,0.31181473241303365,0.01020408163265306,0
258.80000000002457,0.3010332694467407,0.07142857142857141,0
258.8500000000246,0.2898734253117147,0.01020408163265306,0
258.9000000000246,0.27134925335372806,0.015306122448979591,0
258.9500000000246,0.2499156736003171,0.01020408163265306,0
259.0000000000246,0.26721151995253173,0.14285714285714282,0
259.0500000000246,0.25294359273440153,0.08673469387755099,0
259.10000000002464,0.2438047804354443,0.08673469387755099,0
259.15000000002465,0.22559744240050175,0.08163265306122447,0
259.20000000002466,0.19868513554627978,0.08163265306122447,0
259.25000000002467,0.175235423697805,0.02551020408163265,0
259.3000000000247,0.15820584569348728,0.03061224489795918,0
259.3500000000247,0.13735010386925317,0.02551020408163265,0
259.4000000000247,0.11566945847560477,0.08163265306122447,0
259.4500000000247,0.10304371321173582,0.02551020408163265,0
259.5000000000247,0.10027829615207128,0.02551020408163265,0
259.55000000002474,0.09051274462761867,0.02551020408163265,0
259.60000000002475,0.0900245122569615,0.03061224489795918,0
259.65000000002476,0.07531726836004404,0.03061224489795918,0
259.7000000000248,0.09257367396223684,0.08163265306122447,0
259.7500000000248,0.1116991270606319,0.08673469387755099,0
259.8000000000248,0.12073294726969444,0.03061224489795918,0
259.8500000000248,0.10864767246322371,0.08163265306122447,0
259.9000000000248,0.0711275690735285,0.08163265306122447,0
259.95000000002483,0.058980722606962965,0.02551020408163265,0
260.00000000002484,0.07099832425451251,0.03061224489795918,0
260.05000000002485,0.10002339767743783,0.02551020408163265,0
260.10000000002486,0.06513146703177952,0.03061224489795918,0
260.1500000000249,0.04335519210360456,0.02551020408163265,0
260.2000000000249,0.035149081515242625,0.08673469387755099,0
260.2500000000249,0.06905018720628317,0.02551020408163265,0
260.3000000000249,0.08925690177542069,0.02551020408163265,0
260.3500000000249,0.04501224714256766,0.02551020408163265,0
260.40000000002493,0.02147206869777136,0.02551020408163265,0
260.45000000002494,0.005456728982396724,0.03571428571428571,0
260.50000000002495,0.021585195044560454,0.03571428571428571,0
260.55000000002497,0.03550449718867602,0.13775510204081629,0
260.600000000025,0.027391963107666215,0.08163265306122447,0
260.650000000025,0.02352456550340574,0.02551020408163265,0
260.700000000025,0.014347714752669868,0.08673469387755099,0
260.750000000025,0.00836627344585992,0.02551020408163265,0
260.800000000025,0.04542758123359898,0.09183673469387753,0
260.85000000002503,0.07292170031198245,0.035714285714285705,0
260.90000000002505,0.08388986592349486,0.13775510204081629,0
260.95000000002506,0.05972161134550374,0.09183673469387753,0
261.00000000002507,0.11694643043701773,0.09693877551020406,0
261.0500000000251,0.1079308179661531,0.19897959183673472,0
261.1000000000251,0.09493153188451528,0.09693877551020406,0
261.1500000000251,0.10687061900460813,0.09183673469387754,0
261.2000000000251,0.12589254935779345,0.09183673469387754,0
261.2500000000251,0.12487100062584372,0.04591836734693877,0
261.30000000002514,0.12058376845417718,0.04591836734693877,0
261.35000000002515,0.0928169478749858,0.09183673469387754,0
261.40000000002516,0.0916020550377046,0.09183673469387754,0
261.45000000002517,0.06907414875006163,0.05612244897959183,0
261.5000000000252,0.08401605096940383,0.04081632653061224,0
261.5500000000252,0.10053949265142752,0.1020408163265306,0
261.6000000000252,0.08839693753606666,0.04081632653061224,0
261.6500000000252,0.08754522049446521,0.14285714285714282,0
261.7000000000252,0.059503794488748284,0.04081632653061224,0
261.75000000002524,0.0899942490780115,0.04081632653061224,0
261.80000000002525,0.038664378448398595,0.04081632653061224,0
261.85000000002526,0.015485539705201017,0.04081632653061224,0
261.9000000000253,0.0231202767700044,0.04081632653061224,0
261.9500000000253,0.057924981788086,0.04081632653061224,0
262.0000000000253,0.1757827981577258,0.1020408163265306,0
262.0500000000253,0.1664458847190819,0.09183673469387753,0
262.1000000000253,0.152681328697225,0.10714285714285711,0
262.15000000002533,0.1343087249980745,0.08673469387755099,0
262.20000000002534,0.11492697525995212,0.14285714285714282,0
262.25000000002535,0.1266891610526056,0.030612244897959183,0
262.30000000002536,0.10985916847763637,0.030612244897959183,0
262.3500000000254,0.11087935974683744,0.030612244897959183,0
262.4000000000254,0.11380552500673358,0.030612244897959183,0
262.4500000000254,0.05083130838661526,0.030612244897959183,0
262.5000000000254,0.014290199989366245,0.030612244897959183,0
262.5500000000254,0.01237779613725988,0.03571428571428571,0
262.60000000002543,0.01237779613725988,0.03571428571428571,0
262.65000000002544,0.016365247675992272,0.08673469387755099,0
262.70000000002545,0.020559965744281965,0.09183673469387753,0
262.75000000002547,0.039607309451949714,0.03571428571428571,0
262.8000000000255,0.07150205333399852,0.08673469387755099,0
262.8500000000255,0.05018561414643038,0.08673469387755099,0
262.9000000000255,0.04565320203329998,0.030612244897959183,0
262.9500000000255,0.035668951985943775,0.030612244897959183,0
263.0000000000255,0.035966858901572876,0.030612244897959183,0
263.05000000002553,0.020950881942414734,0.03571428571428571,0
263.10000000002555,2.734383135839225e-16,0.03571428571428571,0
263.15000000002556,0.01821166710452868,0.08673469387755099,0
263.20000000002557,0.004651077313658966,0.09183673469387753,0
263.2500000000256,0.05087848484660141,0.03571428571428571,0
263.3000000000256,0.08681336571717298,0.08673469387755099,0
263.3500000000256,0.08034295121237783,0.03571428571428571,0
263.4000000000256,0.07443173988382913,0.030612244897959183,0
263.4500000000256,0.04193903921387663,0.08673469387755099,0
263.50000000002564,0.03055706587667518,0.03571428571428571,0
263.55000000002565,0.06246074215461899,0.09183673469387753,0
263.60000000002566,0.06295345335318475,0.08673469387755099,0
263.65000000002567,0.5557896592781245,0.09183673469387753,0
263.7000000000257,0.5327969560259352,0.04081632653061224,0
263.7500000000257,0.5042804855771207,0.13775510204081629,0
263.8000000000257,0.47097635970191737,0.14285714285714282,0
263.8500000000257,0.44363456290781167,0.08673469387755099,0
263.9000000000257,0.4248943271315866,0.030612244897959183,0
263.95000000002574,0.39925699569559175,0.09183673469387753,0
264.00000000002575,0.4064895144626051,0.1530612244897959,0
264.05000000002576,0.4094076716569242,0.20918367346938774,0
264.1000000000258,0.4151624648525371,0.1530612244897959,0
264.1500000000258,0.38580401087939115,0.14795918367346933,0
264.2000000000258,0.39230447189972195,0.14795918367346933,0
264.2500000000258,0.3909139558269563,0.09183673469387753,0
264.3000000000258,0.387998537017003,0.08163265306122447,0
264.35000000002583,0.40093899346483886,0.09183673469387753,0
264.40000000002584,0.42042426349607515,0.03571428571428571,0
264.45000000002585,0.44908631963657525,0.08673469387755099,0
264.50000000002586,0.4406801906595858,0.08673469387755099,0
264.5500000000259,0.410118730351767,0.030612244897959183,0
264.6000000000259,0.42508617025478457,0.030612244897959183,0
264.6500000000259,0.4819526572964593,0.03571428571428571,0
264.7000000000259,0.3563955690360304,0.03571428571428571,0
264.7500000000259,0.3520681520340868,0.09693877551020405,0
264.80000000002593,0.346696875485218,0.08673469387755099,0
264.85000000002594,0.3110809223890396,0.13775510204081629,0
264.90000000002595,0.33169546724179444,0.030612244897959183,0
264.95000000002597,0.28379544413734087,0.04081632653061224,0
265.000000000026,0.33003646404281844,0.17857142857142855,0
265.050000000026,0.29557117522028015,0.17346938775510198,0
265.100000000026,0.28415926770485367,0.22959183673469385,0
265.150000000026,0.2575714016351527,0.17346938775510198,0
265.200000000026,0.2548046724784194,0.2551020408163264,0
265.25000000002603,0.17532649862845562,0.16326530612244894,0
265.30000000002605,0.16350749107058654,0.07142857142857142,0
265.35000000002606,0.12395506532306512,0.07142857142857142,0
265.40000000002607,0.07589672576262978,0.07142857142857142,0
265.4500000000261,0.07156030198459257,0.07653061224489796,0
265.5000000000261,0.04984362165985784,0.07142857142857142,0
265.5500000000261,0.03292556611249216,0.11734693877551018,0
265.6000000000261,0.03222867281053177,0.07142857142857142,0
265.6500000000261,0.9999998398467749,0.07142857142857142,0
265.70000000002614,0.04368526465026807,0.07142857142857142,0
265.75000000002615,0.03222867281053203,0.07142857142857142,0
265.80000000002616,0.031099646322675787,0.07142857142857142,0
265.85000000002617,0.015525487289217805,0.07142857142857142,0
265.9000000000262,2.1982415887578092e-16,0.07142857142857142,0
265.9500000000262,0.012539226279969059,0.07142857142857142,0
266.0000000000262,0.5877617783499586,0.13265306122448978,0
266.0500000000262,0.590628625860816,0.11224489795918365,0
266.1000000000262,0.5890940271364737,0.11734693877551017,0
266.15000000002624,0.5884548725779439,0.10714285714285711,0
266.20000000002625,0.5851128804999891,0.15816326530612243,0
266.25000000002626,0.6566241327342788,0.05612244897959184,0
266.3000000000263,0.5782800370323401,0.05612244897959184,0
266.3500000000263,0.6960249999571299,0.05612244897959184,0
266.4000000000263,0.999999989607966,0.061224489795918366,0
266.4500000000263,0.5925437305842428,0.05612244897959184,0
266.5000000000263,0.6236283455540904,0.061224489795918366,0
266.55000000002633,0.7300479705906924,0.05612244897959184,0
266.60000000002634,0.999999988520787,0.10714285714285711,0
266.65000000002635,0.9999999882568228,0.061224489795918366,0
266.70000000002636,0.5304093040677775,0.05612244897959184,0
266.7500000000264,0.5203113868224021,0.10714285714285711,0
266.8000000000264,0.5125658151314321,0.061224489795918366,0
266.8500000000264,0.5229512057111328,0.05612244897959184,0
266.9000000000264,0.9999999864088254,0.10714285714285711,0
266.9500000000264,0.47510916554106236,0.061224489795918366,0
267.00000000002643,0.5282847220767223,0.16836734693877548,0
267.05000000002644,0.9999999863941935,0.12755102040816324,0
267.10000000002645,0.9999999863941935,0.17857142857142855,0
267.15000000002647,0.2700796923507213,0.16326530612244894,0
267.2000000000265,0.3598332206654702,0.15816326530612243,0
267.2500000000265,0.9999999859130437,0.12755102040816324,0
267.3000000000265,0.2118175862540321,0.08163265306122447,0
267.3500000000265,0.10404124807166801,0.12244897959183672,0
267.4000000000265,0.12966170760576437,0.11734693877551018,0
267.45000000002653,0.12966170760576437,0.11734693877551018,0
267.50000000002655,0.13454875374085423,0.08163265306122447,0
267.55000000002656,0.08708007653140387,0.07653061224489795,0
267.60000000002657,0.02740473415827586,0.11734693877551018,0
267.6500000000266,0.9999996760001003,0.07653061224489795,0
267.7000000000266,0.9999998380000253,0.07653061224489795,0
267.7500000000266,0.9999998380000253,0.07653061224489795,0
267.8000000000266,0.9999998380000253,0.07653061224489795,0
267.8500000000266,0.9999998379305483,0.08163265306122447,0
267.90000000002664,0.9999998158131431,0.07653061224489795,0
267.95000000002665,0.9999996760001008,0.11734693877551018,0
268.00000000002666,0.23865631903925674,0.15306122448979592,0
268.05000000002667,0.19514022847031548,0.14795918367346936,0
268.1000000000267,0.9999999829333337,0.14795918367346936,0
268.1500000000267,0.9999999829333337,0.14795918367346936,0
268.2000000000267,0.9999999999999697,0.14795918367346936,0
268.2500000000267,0.9999999999999697,0.14795918367346936,0
268.3000000000267,0.9999999999999697,0.14795918367346936,1
268.35000000002674,0.9999999829333337,0.14795918367346936,1
268.40000000002675,0.9999999829333337,0.14795918367346936,1
268.45000000002676,0.9999999829333337,0.14795918367346936,1
268.5000000000268,0.9999999829333337,0.14795918367346936,1
268.5500000000268,0.9999999829333337,0.14795918367346936,1
268.6000000000268,0.9999999999999697,0.17857142857142858,0
268.6500000000268,0.24536407746826286,0.17857142857142858,0
268.7000000000268,0.21411152815178036,0.3928571428571428,0
268.75000000002683,0.23682630659204185,0.3928571428571428,0
268.80000000002684,0.26591154605119494,0.36224489795918363,0
268.85000000002685,0.3168609681603697,0.3571428571428571,0
268.90000000002686,0.22569569252376298,0.14795918367346936,0
268.9500000000269,0.18427650498018464,0.10714285714285714,0
269.0000000000269,0.6819407569914856,0.2040816326530612,0
269.0500000000269,0.6953242682556002,0.15306122448979592,0
269.1000000000269,0.6870647179327499,0.14795918367346936,0
269.1500000000269,0.663530095256318,0.14285714285714282,0
269.20000000002693,0.6673216308099937,0.14285714285714282,0
269.25000000002694,0.6616393714462984,0.10204081632653061,0
269.30000000002696,0.6511472630244454,0.10204081632653061,0
269.35000000002697,0.6373847374113968,0.10204081632653061,0
269.400000000027,0.6373347473157542,0.10204081632653061,0
269.450000000027,0.6502921264552373,0.10204081632653061,0
269.500000000027,0.6416898535799553,0.10714285714285714,0
269.550000000027,0.6333754690989588,0.10204081632653061,0
269.600000000027,0.6224109496741008,0.14795918367346936,0
269.65000000002703,0.6640488349879261,0.10204081632653061,0
269.70000000002705,0.6528746527660826,0.14285714285714282,0
269.75000000002706,0.5959218967583181,0.10204081632653061,0
269.80000000002707,0.5849685424610043,0.10204081632653061,0
269.8500000000271,0.5735324231230012,0.10714285714285714,0
269.9000000000271,0.561944198148003,0.10204081632653061,0
269.9500000000271,0.5487023177091715,0.10714285714285714,0
270.0000000000271,0.8509426410527351,0.20918367346938774,0
270.0500000000271,0.9999999999999996,0.2448979591836735,0
270.10000000002714,0.8166378007106851,0.2448979591836735,0
270.15000000002715,0.8195154280391838,0.1887755102040816,0
270.20000000002716,0.8150397583224228,0.18367346938775506,0
270.25000000002717,0.8104001303705547,0.13265306122448978,0
270.3000000000272,0.8053070209256856,0.08163265306122448,0
270.3500000000272,0.8002163039171847,0.08163265306122448,0
270.4000000000272,0.8198080150097048,0.08673469387755103,0
270.4500000000272,0.7938487269456201,0.08163265306122448,0
270.5000000000272,0.7864393135231682,0.13265306122448978,0
270.55000000002724,0.7735993668500739,0.08163265306122448,0
270.60000000002725,0.7666462477623064,0.1377551020408163,0
270.65000000002726,0.7588206454471462,0.08163265306122448,0
270.7000000000273,0.7451230899597656,0.12755102040816327,0
270.7500000000273,0.7436899419979353,0.08163265306122448,0
270.8000000000273,0.7645303397250366,0.09693877551020409,0
270.8500000000273,0.7275187543110008,0.08163265306122448,0
270.9000000000273,0.7166366218900384,0.22448979591836737,0
270.95000000002733,0.7051645112037287,0.08163265306122448,0
271.00000000002734,0.6841955994930236,0.12244897959183672,0
271.05000000002735,0.6744714318675322,0.13265306122448978,0
271.10000000002736,0.6803904183883442,0.12244897959183672,0
271.1500000000274,0.6527057445475916,0.21428571428571427,0
271.2000000000274,0.6768114917070782,0.11734693877551018,0
271.2500000000274,0.6329003982075986,0.11734693877551018,0
271.3000000000274,0.5986106544115628,0.07142857142857142,0
271.3500000000274,0.5596630220759338,0.07653061224489796,0
271.40000000002743,0.561794776644688,0.07142857142857142,0
271.45000000002744,0.5050789521903204,0.07653061224489796,0
271.50000000002746,0.5210487393836146,0.07142857142857142,0
271.55000000002747,0.4716464797808679,0.11224489795918366,0
271.6000000000275,0.41733150232354027,0.07653061224489796,0
271.6500000000275,0.37977685789248095,0.07653061224489796,0
271.7000000000275,0.3513968758942252,0.12244897959183672,0
271.7500000000275,0.3229545752483731,0.11734693877551018,0
271.8000000000275,0.2747765445818787,0.11734693877551018,0
271.85000000002753,0.2776568711422739,0.07142857142857142,0
271.90000000002755,0.2026978802093013,0.07142857142857142,0
271.95000000002756,0.17067952183336088,0.07653061224489796,0
272.00000000002757,0.7838517551626574,0.17346938775510198,0
272.0500000000276,0.7779794682136727,0.21428571428571427,0
272.1000000000276,0.7711027933760811,0.16326530612244894,0
272.1500000000276,0.7616176562070169,0.15816326530612243,0
272.2000000000276,0.7518066128647607,0.1530612244897959,0
272.2500000000276,0.7422204918307418,0.1020408163265306,0
272.30000000002764,0.7394575008625558,0.04081632653061224,0
272.35000000002765,0.731466033991391,0.1020408163265306,0
272.40000000002766,0.7159364589844696,0.04081632653061224,0
272.45000000002767,0.7000087509550467,0.09693877551020405,0
272.5000000000277,0.6827509359081518,0.04081632653061224,0
272.5500000000277,0.670713564810898,0.04081632653061224,0
272.6000000000277,0.6562020117385331,0.0510204081632653,0
272.6500000000277,0.6379362487738086,0.04591836734693877,0
272.7000000000277,0.6228792385238823,0.1530612244897959,0
272.75000000002774,0.594731330134206,0.09693877551020405,0
272.80000000002775,0.562694291278717,0.04081632653061224,0
272.85000000002776,0.5432795144776068,0.04081632653061224,0
272.9000000000278,0.49864415624458225,0.04591836734693877,0
272.9500000000278,0.4693608589172321,0.04081632653061224,0
273.0000000000278,0.723032547167875,0.30102040816326525,0
273.0500000000278,0.7138561987985894,0.23979591836734696,0
273.1000000000278,0.6919581183625085,0.2346938775510204,0
273.15000000002783,0.6624428352830924,0.2346938775510204,0
273.20000000002784,0.6378123194486004,0.2346938775510204,0
273.25000000002785,0.6166058217426912,0.2346938775510204,1
273.30000000002786,0.5977938126673091,0.2346938775510204,1
273.3500000000279,0.5751667042530715,0.2346938775510204,1
273.4000000000279,0.5641680564110402,0.2346938775510204,1
273.4500000000279,0.5452432735903453,0.2346938775510204,1
273.5000000000279,0.5244125499393298,0.2346938775510204,1
273.5500000000279,0.506474757047911,0.2346938775510204,0
273.60000000002793,0.4890475101347614,0.2704081632653061,0
273.65000000002794,0.47128213071596137,0.2704081632653061,0
273.70000000002796,0.45218439493034385,0.6275510204081634,0
273.75000000002797,0.43619391368578864,0.6275510204081634,0
273.800000000028,0.40791740246032043,0.5867346938775511,0
273.850000000028,0.3865386862909453,0.5765306122448981,0
273.900000000028,0.3559413414566284,0.16836734693877548,0
273.950000000028,0.5204542072756032,0.06632653061224489,0
274.000000000028,0.6003819997024633,0.06632653061224489,0
274.05000000002804,0.9999999744678263,0.07142857142857142,0
274.10000000002805,0.9999999714842702,0.06632653061224489,0
274.15000000002806,0.2473363894551666,0.12244897959183672,0
274.20000000002807,0.23166505119561212,0.06632653061224489,0
274.2500000000281,0.2784944124296065,0.06632653061224489,0
274.3000000000281,0.9999999128463023,0.07142857142857142,0
274.3500000000281,0.07783981907483667,0.07142857142857142,0
274.4000000000281,0.049101056063619745,0.11734693877551017,0
274.4500000000281,0.041574430822267826,0.11734693877551017,0
274.50000000002814,0.042100366173041644,0.07142857142857142,0
274.55000000002815,0.04266747399442507,0.06632653061224489,0
274.60000000002816,0.9999995160002281,0.10714285714285711,0
274.6500000000282,0.9999997927648424,0.07653061224489795,0
274.7000000000282,0.9999999999995701,0.07653061224489795,0
274.7500000000282,0.11215859540591137,0.17346938775510198,0
274.8000000000282,0.11396800027734445,0.16836734693877548,0
274.8500000000282,0.09845110637885805,0.11734693877551017,0
274.90000000002823,0.07317833987201955,0.07142857142857142,0
274.95000000002824,0.03998110840723936,0.06632653061224489,0
275.00000000002825,0.18100985180974977,0.22448979591836735,0
275.05000000002826,0.9999999999999281,0.17857142857142852,0
275.1000000000283,0.21691704300851883,0.22448979591836735,0
275.1500000000283,0.25995563814791545,0.22448979591836735,0
275.2000000000283,0.2309533129528407,0.22448979591836735,0
275.2500000000283,0.21650162551777943,0.22448979591836735,1
275.3000000000283,0.20066374119700994,0.22448979591836735,1
275.35000000002833,0.19008999000111093,0.22448979591836735,1
275.40000000002834,0.19008999000111104,0.22448979591836735,1
275.45000000002835,0.19008999000111093,0.22448979591836735,1
275.50000000002836,0.19008999000111093,0.22448979591836735,1
275.5500000000284,0.19008999000111113,0.22448979591836735,1
275.6000000000284,0.19008999000111076,0.22448979591836735,0
275.6500000000284,0.19008999000111093,0.25,0
275.7000000000284,0.20698629108364722,0.25,0
275.7500000000284,0.2103827013782034,0.4540816326530611,0
275.80000000002843,0.19334082326531593,0.4132653061224489,0
275.85000000002844,0.2024461668633221,0.4132653061224489,0
275.90000000002846,0.2020973811335241,0.16836734693877548,0
275.95000000002847,0.19373935112955087,0.08673469387755103,0
276.0000000000285,0.17725414259750397,0.29081632653061223,0
276.0500000000285,0.9999999373099097,0.29081632653061223,0
276.1000000000285,0.999999999999963,0.37244897959183676,0
276.1500000000285,0.9999999999999174,0.37244897959183676,0
276.2000000000285,0.37201224888979006,0.37244897959183676,0
276.25000000002854,0.3689426333392377,0.37244897959183676,1
276.30000000002855,0.36413744214317295,0.37244897959183676,1
276.35000000002856,0.35253097868700367,0.37244897959183676,1
276.40000000002857,0.33410896002504764,0.37244897959183676,1
276.4500000000286,0.3098840984713558,0.37244897959183676,1
276.5000000000286,0.28267481365645114,0.37244897959183676,1
276.5500000000286,0.2585839530813397,0.37244897959183676,1
276.6000000000286,0.24922016644888614,0.37244897959183676,1
276.6500000000286,0.23567964087063684,0.37244897959183676,1
276.70000000002864,0.22812965402521798,0.37244897959183676,1
276.75000000002865,0.2287601543996068,0.37244897959183676,1
276.80000000002866,0.22818251338869833,0.37244897959183676,1
276.8500000000287,0.2283591593692633,0.37244897959183676,1
276.9000000000287,0.22623869207977107,0.37244897959183676,1
276.9500000000287,0.2267857373136197,0.37244897959183676,1
277.0000000000287,0.22570594911163433,0.37244897959183676,1
277.0500000000287,0.2247324535393619,0.37244897959183676,1
277.10000000002873,0.22493097662629816,0.37244897959183676,1
277.15000000002874,0.2271538837930617,0.37244897959183676,1
277.20000000002875,0.2271538837930617,0.37244897959183676,1
277.25000000002876,0.2271538837930617,0.37244897959183676,1
277.3000000000288,0.2271538837930617,0.37244897959183676,1
277.3500000000288,0.2271538837930617,0.37244897959183676,1
277.4000000000288,0.2271538837930617,0.37244897959183676,1
277.4500000000288,0.22715388379306167,0.37244897959183676,1
277.5000000000288,0.2271538837930617,0.37244897959183676,1
277.55000000002883,0.2271538837930617,0.37244897959183676,1
277.60000000002884,0.2271538837930617,0.37244897959183676,1
277.65000000002885,0.22715388379306176,0.37244897959183676,1
277.70000000002887,0.2271538837930617,0.37244897959183676,1
277.7500000000289,0.2271538837930617,0.37244897959183676,1
277.8000000000289,0.2271538837930617,0.37244897959183676,1
277.8500000000289,0.22715388379306167,0.37244897959183676,1
277.9000000000289,0.22715388379306167,0.37244897959183676,1
277.9500000000289,0.22715388379306167,0.37244897959183676,1
278.00000000002893,0.33262552828648656,0.47448979591836726,1
278.05000000002894,0.3376910938587051,0.47448979591836726,1
278.10000000002896,0.32906311350046435,0.47448979591836726,1
278.15000000002897,0.3203899274347423,0.47448979591836726,1
278.200000000029,0.3116862948623815,0.47448979591836726,1
278.250000000029,0.30297023023965874,0.47448979591836726,1
278.300000000029,0.2882867412272211,0.47448979591836726,1
278.350000000029,0.28562644888937205,0.47448979591836726,1
278.400000000029,0.28128192228206206,0.47448979591836726,1
278.45000000002904,0.2795407150190356,0.47448979591836726,1
278.50000000002905,0.2802521700400436,0.47448979591836726,1
278.55000000002906,0.2823513627160305,0.47448979591836726,1
278.60000000002907,0.2842697348060181,0.47448979591836726,1
278.6500000000291,0.28512664996648907,0.47448979591836726,1
278.7000000000291,0.2886398070115781,0.47448979591836726,1
278.7500000000291,0.2916438915545069,0.47448979591836726,1
278.8000000000291,0.29415616162511676,0.47448979591836726,1
278.8500000000291,0.29594176479126555,0.4948979591836734,0
278.90000000002914,0.29718331937630893,0.4948979591836734,0
278.95000000002915,0.2985102516403466,0.6020408163265307,0
279.00000000002916,0.2988408196661016,0.6020408163265307,0
279.0500000000292,0.29686459569178136,0.556122448979592,0
279.1000000000292,0.29488986397115025,0.5612244897959184,0
279.1500000000292,0.29488986397115025,0.14285714285714285,0
279.2000000000292,0.2827335099506298,0.18877551020408162,0
279.2500000000292,0.2660016989116495,0.14285714285714285,0
279.30000000002923,0.24129440547413228,0.14285714285714285,0
279.35000000002924,0.22850784807208901,0.14285714285714285,0
279.40000000002925,0.19928605216534592,0.1479591836734694,0
279.45000000002926,0.16843014615948282,0.14285714285714285,0
279.5000000000293,0.1455679780694775,0.18877551020408162,0
279.5500000000293,0.1336517840347236,0.14285714285714285,0
279.6000000000293,0.1177715811704266,0.1479591836734694,0
279.6500000000293,0.10178265936289695,0.14285714285714285,0
279.7000000000293,0.09558342605510793,0.18877551020408162,0
279.75000000002933,0.11598216274286373,0.1479591836734694,0
279.80000000002934,0.09530695093923705,0.1479591836734694,0
279.85000000002935,0.0771850472567635,0.19387755102040818,0
279.90000000002937,0.09269507779296207,0.18877551020408162,0
279.9500000000294,0.10275392990533702,0.18877551020408162,0
280.0000000000294,0.5803407540819595,0.3061224489795919,0
280.0500000000294,0.5817089931639942,0.2704081632653061,0
280.1000000000294,0.57600343020027,0.2704081632653061,0
280.1500000000294,0.5692866413321445,0.30102040816326525,0
280.20000000002943,0.5683667229839919,0.30102040816326525,0
280.25000000002944,0.5596825045246269,0.09693877551020406,0
280.30000000002946,0.5471478556870404,0.09693877551020406,0
280.35000000002947,0.5352239118711704,0.09693877551020406,0
280.4000000000295,0.529745312341885,0.10714285714285712,0
280.4500000000295,0.5219832203208795,0.09693877551020406,0
280.5000000000295,0.5128888846624071,0.19897959183673466,0
280.5500000000295,0.5095053087874468,0.1020408163265306,0
280.6000000000295,0.49477555466384837,0.1020408163265306,0
280.65000000002954,0.4821479359520397,0.09693877551020406,0
280.70000000002955,0.4685729041223461,0.14795918367346936,0
280.75000000002956,0.4609525858768262,0.09693877551020406,0
280.80000000002957,0.45367730262339795,0.09693877551020406,0
280.8500000000296,0.44518861810516985,0.09693877551020406,0
280.9000000000296,0.4327907564825526,0.10714285714285712,0
280.9500000000296,0.4224767148739646,0.09693877551020406,0
281.0000000000296,0.636652942234845,0.24489795918367346,0
281.0500000000296,0.6397534942151009,0.22448979591836735,0
281.10000000002964,0.6340138790468084,0.27551020408163257,0
281.15000000002965,0.6259853086104302,0.260204081632653,0
281.20000000002966,0.6209791322028052,0.20408163265306123,0
281.2500000000297,0.6104554536633292,0.09693877551020405,0
281.3000000000297,0.600151540927848,0.04081632653061224,0
281.3500000000297,0.5861402779521209,0.09183673469387753,0
281.4000000000297,0.5729096201523337,0.09183673469387753,0
281.4500000000297,0.5679266427255321,0.04591836734693877,0
281.50000000002973,0.5594970996657738,0.03571428571428571,0
281.55000000002974,0.5498127881528294,0.14795918367346936,0
281.60000000002975,0.5443706798249985,0.03571428571428571,0
281.65000000002976,0.5301601702216597,0.03571428571428571,0
281.7000000000298,0.5175384805987933,0.04081632653061224,0
281.7500000000298,0.503719818275956,0.03571428571428571,0
281.8000000000298,0.4940308746006618,0.09693877551020405,0
281.8500000000298,0.48824088067734245,0.04081632653061224,0
281.9000000000298,0.4710891824977438,0.09183673469387753,0
281.95000000002983,0.4528830687736469,0.10204081632653059,0
282.00000000002984,0.4432225547551941,0.04081632653061224,0
282.05000000002985,0.4211019635808187,0.14795918367346936,0
282.10000000002987,0.3993753457644048,0.09693877551020405,0
282.1500000000299,0.38482346521546296,0.04591836734693877,0
282.2000000000299,0.37036315920870927,0.09183673469387753,0
282.2500000000299,0.37272635429598666,0.14795918367346936,0
282.3000000000299,0.3482393169280549,0.03571428571428571,0
282.3500000000299,0.32092562615888365,0.03571428571428571,0
282.40000000002993,0.296055989029578,0.03571428571428571,0
282.45000000002995,0.26880344707528725,0.04081632653061224,0
282.50000000002996,0.25586064576551454,0.03571428571428571,0
282.55000000002997,0.2447824224811739,0.09693877551020405,0
282.60000000003,0.23358538114256758,0.04081632653061224,0
282.65000000003,0.22682780358152357,0.09183673469387753,0
282.70000000003,0.22010096991747038,0.04081632653061224,0
282.75000000003,0.22049830648502555,0.03571428571428571,0
282.80000000003,0.21597557520863045,0.09183673469387753,0
282.85000000003004,0.2000540365277167,0.04081632653061224,0
282.90000000003005,0.18329933638363466,0.04081632653061224,0
282.95000000003006,0.17360617393131852,0.09183673469387753,0
283.00000000003007,0.15281008470580226,0.09183673469387753,0
283.0500000000301,0.13022252891731936,0.04081632653061224,0
283.1000000000301,0.1123584348132105,0.04081632653061224,0
283.1500000000301,0.0939769643253217,0.09183673469387753,0
283.2000000000301,0.0940830968775873,0.09183673469387753,0
283.2500000000301,0.0906011853720145,0.08163265306122448,0
283.30000000003014,0.12208836377787628,0.04081632653061224,0
283.35000000003015,0.11570669953233255,0.04081632653061224,0
283.40000000003016,0.08613332091208015,0.09183673469387753,0
283.4500000000302,0.06553414903939304,0.09183673469387753,0
283.5000000000302,0.04117544748898202,0.03571428571428571,0
283.5500000000302,0.03445794020415682,0.03571428571428571,0
283.6000000000302,0.06994411242432202,0.03571428571428571,0
283.6500000000302,0.06299818702837125,0.03571428571428571,0
283.70000000003023,0.03353977511411265,0.03571428571428571,0
283.75000000003024,0.015939109547597176,0.03571428571428571,0
283.80000000003025,0.013816986695128505,0.04591836734693877,0
283.85000000003026,0.013816986695128505,0.03571428571428571,0
283.9000000000303,0.014056689676345671,0.03571428571428571,0
283.9500000000303,0.03377831929350808,0.03571428571428571,0
284.0000000000303,0.0904525562626675,0.11734693877551018,0
284.0500000000303,0.10946823858271632,0.11734693877551018,0
284.1000000000303,0.09190080628863122,0.21938775510204084,0
284.15000000003033,0.09027168540921303,0.21938775510204084,0
284.20000000003034,0.09027168540921303,0.21938775510204084,0
284.25000000003035,0.11575124886867756,0.21938775510204084,1
284.30000000003037,0.13367872013430224,0.21938775510204084,1
284.3500000000304,0.14793003884886285,0.21938775510204084,1
284.4000000000304,0.15723890785618144,0.21938775510204084,1
284.4500000000304,0.16931118789067068,0.21938775510204084,1
284.5000000000304,0.17683648914394112,0.21938775510204084,1
284.5500000000304,0.18244757255954094,0.21938775510204084,0
284.60000000003043,0.17904948530711692,0.25510204081632654,0
284.65000000003045,0.16814992590037478,0.2653061224489796,0
284.70000000003046,0.16702675243103218,0.6224489795918366,0
284.75000000003047,0.1686422100690441,0.6224489795918366,0
284.8000000000305,0.16902827109995777,0.576530612244898,0
284.8500000000305,0.163115798517923,0.5714285714285714,0
284.9000000000305,0.15574836852889953,0.10714285714285712,0
284.9500000000305,0.1530283427756478,0.061224489795918366,0
285.0000000000305,0.45145707719035677,0.18877551020408162,0
285.05000000003054,0.4477830837916077,0.17857142857142855,0
285.10000000003055,0.4459312764893666,0.21938775510204084,0
285.15000000003056,0.4329632700814098,0.2551020408163265,0
285.20000000003057,0.4310713606440574,0.15816326530612243,0
285.2500000000306,0.423290612835498,0.07142857142857142,0
285.3000000000306,0.4099843854203091,0.05612244897959184,0
285.3500000000306,0.3919762444566707,0.20918367346938774,0
285.4000000000306,0.37384818681972826,0.061224489795918366,0
285.4500000000306,0.3580655877666097,0.061224489795918366,0
285.50000000003064,0.3418754044380901,0.11224489795918365,0
285.55000000003065,0.3279952206910453,0.10714285714285711,0
285.60000000003066,0.31772576669821956,0.10204081632653059,0
285.6500000000307,0.2996906356787191,0.11734693877551017,0
285.7000000000307,0.2870946217002136,0.06632653061224489,0
285.7500000000307,0.27449485834462806,0.15816326530612243,0
285.8000000000307,0.2620012054069526,0.16326530612244897,0
285.8500000000307,0.2575087145646403,0.05612244897959184,0
285.90000000003073,0.2515090114744726,0.10714285714285711,0
285.95000000003074,0.24883021947521258,0.061224489795918366,0
286.00000000003075,0.41085661106219956,0.11734693877551017,0
286.05000000003076,0.39114132406150676,0.1530612244897959,0
286.1000000000308,0.3595835647026989,0.1020408163265306,0
286.1500000000308,0.3445647983820472,0.09693877551020405,0
286.2000000000308,0.3155452570546091,0.14795918367346933,0
286.2500000000308,0.28314807682964355,0.09183673469387754,0
286.3000000000308,0.26298711105829764,0.03571428571428571,0
286.35000000003083,0.22127467003663048,0.03571428571428571,0
286.40000000003084,0.18768217433210257,0.03571428571428571,0
286.45000000003085,0.15959315067053204,0.03571428571428571,0
286.50000000003087,0.14448788785075248,0.03571428571428571,0
286.5500000000309,0.1209810091906608,0.04081632653061224,0
286.6000000000309,0.11517710916332047,0.03571428571428571,0
286.6500000000309,0.13347893291042448,0.09183673469387754,0
286.7000000000309,0.11226213533497359,0.04081632653061224,0
286.7500000000309,0.09225436360764375,0.03571428571428571,0
286.80000000003093,0.0662914043368115,0.09183673469387754,0
286.85000000003095,0.027031317688739363,0.03571428571428571,0
286.90000000003096,0.06650738346876665,0.04081632653061224,0
286.95000000003097,0.044247878808163284,0.03571428571428571,0
287.000000000031,0.018778625442931365,0.09183673469387754,0
287.050000000031,0.018663389269582907,0.03571428571428571,0
287.100000000031,0.018204425252061004,0.03571428571428571,0
287.150000000031,0.009419523029206059,0.04081632653061224,0
287.200000000031,0.01826040896585081,0.03571428571428571,0
287.25000000003104,0.026424643541637153,0.1020408163265306,0
287.30000000003105,0.01826040896585075,0.03571428571428571,0
287.35000000003106,0.01826040896585075,0.14795918367346933,0
287.40000000003107,0.018240194869660928,0.03571428571428571,0
287.4500000000311,0.05355924024210067,0.03571428571428571,0
287.5000000000311,0.035760834856498586,0.03571428571428571,0
287.5500000000311,0.03092709666980832,0.03571428571428571,0
287.6000000000311,0.01797366080059004,0.04081632653061224,0
287.6500000000311,0.04434239226774225,0.04591836734693877,0
287.70000000003114,0.07111166975960063,0.04081632653061224,0
287.75000000003115,0.05603005776189273,0.14795918367346933,0
287.80000000003116,0.0349208851942114,0.09183673469387754,0
287.8500000000312,0.007080550847664419,0.04081632653061224,0
287.9000000000312,0.03909788124645019,0.04081632653061224,0
287.9500000000312,0.030946925361918287,0.08673469387755099,0
288.0000000000312,0.02541670683408133,0.09183673469387754,0
288.0500000000312,0.02541670683408133,0.03571428571428571,0
288.10000000003123,0.04027478947070616,0.03571428571428571,0
288.15000000003124,0.03545338457847181,0.03571428571428571,0
288.20000000003125,0.02326388244969886,0.03571428571428571,0
288.25000000003126,0.049335229419680084,0.03571428571428571,0
288.3000000000313,0.0700545573526794,0.03571428571428571,0
288.3500000000313,0.053592126659220266,0.03571428571428571,0
288.4000000000313,0.033711206459386266,0.03571428571428571,0
288.4500000000313,0.03183347533627586,0.03571428571428571,0
288.5000000000313,0.02488322777860462,0.04081632653061224,0
288.55000000003133,0.009026360715099848,0.03571428571428571,0
288.60000000003134,0.015451412236989238,0.09183673469387754,0
288.65000000003135,0.014397189373918054,0.03571428571428571,0
288.70000000003137,0.04072391225852065,0.03571428571428571,0
288.7500000000314,0.5509648299437339,0.04081632653061224,0
288.8000000000314,0.5236861721955995,0.03571428571428571,0
288.8500000000314,0.49368047089613076,0.09693877551020405,0
288.9000000000314,0.4608722814508269,0.03571428571428571,0
288.9500000000314,0.4290921040414686,0.09183673469387754,0
289.00000000003143,0.4090945643684949,0.16836734693877548,0
289.05000000003145,0.37204984934027996,0.15816326530612243,0
289.10000000003146,0.3544887954108245,0.15816326530612243,0
289.15000000003147,0.31181655733046815,0.15816326530612243,0
289.2000000000315,0.2666708483055895,0.15816326530612243,0
289.2500000000315,0.2580875529255012,0.15816326530612243,1
289.3000000000315,0.27241711985705036,0.15816326530612243,1
289.3500000000315,0.2921452909838708,0.15816326530612243,1
289.4000000000315,0.2838286741975724,0.15816326530612243,1
289.45000000003154,0.28695187807362754,0.15816326530612243,1
289.50000000003155,0.30422031092238166,0.15816326530612243,1
289.55000000003156,0.32455770908055126,0.15816326530612243,1
289.60000000003157,0.3459914682542504,0.2040816326530612,0
289.6500000000316,0.3469017540057215,0.2040816326530612,0
289.7000000000316,0.31744376105300204,0.7091836734693878,0
289.7500000000316,0.2877725349657165,0.7091836734693878,0
289.8000000000316,0.2610829189552624,0.6581632653061223,0
289.8500000000316,0.2572383136256679,0.6530612244897959,0
289.90000000003164,0.30008043386862376,0.09693877551020405,0
289.95000000003165,0.2021493390804211,0.03571428571428571,0
290.00000000003166,0.22635978422547304,0.1530612244897959,0
290.0500000000317,0.23506128204634097,0.08163265306122447,0
290.1000000000317,0.2556835649028329,0.08163265306122447,0
290.1500000000317,0.2746434076425477,0.08163265306122447,0
290.2000000000317,0.27427777462800335,0.08163265306122447,0
290.2500000000317,0.24993323634371284,0.08163265306122447,0
290.30000000003173,0.2247858715978275,0.02551020408163265,0
290.35000000003174,0.19075128169786015,0.08163265306122447,0
290.40000000003175,0.9999999019805043,0.14285714285714282,0
290.45000000003176,0.1323069641727745,0.07142857142857141,0
290.5000000000318,0.12765135143962458,0.07653061224489795,0
290.5500000000318,0.1119076258624683,0.02551020408163265,0
290.6000000000318,0.0996768451836845,0.015306122448979591,0
290.6500000000318,0.10663305236995212,0.07653061224489795,0
290.7000000000318,0.9999996158432836,0.02551020408163265,0
290.75000000003183,0.1055094838301767,0.08163265306122447,0
290.80000000003184,0.9999995723665548,0.13775510204081629,0
290.85000000003186,0.9999996974707196,0.07653061224489795,0
290.90000000003187,0.13768333499877583,0.015306122448979591,0
290.9500000000319,0.11107549457019654,0.015306122448979591,0
291.0000000000319,0.026587167137872663,0.02040816326530612,0
291.0500000000319,0.9999996620001123,0.015306122448979591,0
291.1000000000319,0.9999996620001123,0.08163265306122447,0
291.1500000000319,0.9999996620001123,0.015306122448979591,0
291.20000000003193,0.9999996620001123,0.07653061224489795,0
291.25000000003195,0.9999996617201616,0.015306122448979591,0
291.30000000003196,0.06085754371431279,0.015306122448979591,0
291.35000000003197,0.9999993240004426,0.015306122448979591,0
291.400000000032,0.9999996620001115,0.015306122448979591,0
291.450000000032,0.9999996620001115,0.015306122448979591,0
291.500000000032,0.9999996620001115,0.015306122448979591,0
291.550000000032,0.9999996617201611,0.015306122448979591,0
291.600000000032,0.999999296059369,0.015306122448979591,0
291.65000000003204,0.03703691032843958,0.02040816326530612,0
291.70000000003205,0.9999994430040385,0.02040816326530612,0
291.75000000003206,0.9999996840776189,0.07142857142857141,0
291.80000000003207,0.10989034293285169,0.07653061224489795,0
291.8500000000321,0.12641871470393343,0.02040816326530612,0
291.9000000000321,0.09615539479636548,0.02040816326530612,0
291.9500000000321,0.0653439200827334,0.07142857142857141,0
292.0000000000321,0.14431581657315148,0.29591836734693866,0
292.0500000000321,0.22762904416149915,0.2448979591836735,0
292.10000000003214,0.4305888967546675,0.2908163265306122,0
292.15000000003215,0.27174988953867013,0.23469387755102042,0
292.20000000003216,0.2800491335370682,0.22959183673469388,0
292.2500000000322,0.23146469108944331,0.14285714285714285,0
292.3000000000322,0.17615904119603898,0.09183673469387754,0
292.3500000000322,0.10253195524296493,0.13775510204081629,0
292.4000000000322,0.41175969499948595,0.09183673469387754,0
292.4500000000322,0.012564677990942361,0.09183673469387754,0
292.50000000003223,0.014671431477821281,0.09183673469387754,0
292.55000000003224,0.014671431477821281,0.09183673469387754,0
292.60000000003225,0.015931452377827518,0.09693877551020409,0
292.65000000003226,0.008176315400007163,0.09693877551020409,0
292.7000000000323,0.05863931485048951,0.13775510204081629,0
292.7500000000323,0.250803055921756,0.09693877551020409,0
292.8000000000323,0.04492152210806853,0.09183673469387754,0
292.8500000000323,0.023817457589675222,0.13775510204081629,0
292.9000000000323,0.023817457589675222,0.09183673469387754,0
292.95000000003233,0.02498963381819925,0.09183673469387754,0
293.00000000003234,0.014768134317887576,0.09693877551020409,0
293.05000000003236,0.01669153119077904,0.09693877551020409,0
293.10000000003237,0.0018396067063638612,0.13775510204081629,0
293.1500000000324,0.24997333501713426,0.13775510204081629,0
293.2000000000324,0.9999999148911617,0.09183673469387754,0
293.2500000000324,0.9999998406587131,0.09693877551020409,0
293.3000000000324,0.09795721847650662,0.09183673469387754,0
293.3500000000324,0.08034837650715548,0.13265306122448978,0
293.40000000003243,0.055449442742534154,0.09183673469387754,0
293.45000000003245,0.03988155228398226,0.09693877551020409,0
293.50000000003246,0.9999999999998493,0.09183673469387754,0
293.55000000003247,0.06833986258851382,0.13775510204081629,0
293.6000000000325,0.03988155228398245,0.09693877551020409,0
293.6500000000325,0.03488950933043835,0.09183673469387754,0
293.7000000000325,0.020833552807709384,0.14285714285714285,0
293.7500000000325,0.9999997893516291,0.09183673469387754,0
293.8000000000325,0.0496343865575994,0.14285714285714285,0
293.85000000003254,0.14364134967814238,0.09693877551020409,0
293.90000000003255,0.053388982662838806,0.13775510204081629,0
293.95000000003256,0.046410035410609486,0.13265306122448978,0
294.00000000003257,0.579197105735116,0.16326530612244897,0
294.0500000000326,0.5753834254350769,0.1377551020408163,0
294.1000000000326,0.5704660071324738,0.1887755102040816,0
294.1500000000326,0.5807796402658967,0.18367346938775508,0
294.2000000000326,0.5759235202704648,0.18367346938775508,0
294.2500000000326,0.5722489951521131,0.13265306122448978,0
294.30000000003264,0.5688556890408525,0.12755102040816327,0
294.35000000003265,0.5603608006764138,0.12755102040816327,0
294.40000000003266,0.5494933145672681,0.07653061224489796,0
294.4500000000327,0.5462144733536327,0.07653061224489796,0
294.5000000000327,0.5387694455057068,0.07653061224489796,0
294.5500000000327,0.524360058622036,0.07653061224489796,0
294.6000000000327,0.5092369168506831,0.08163265306122448,0
294.6500000000327,0.5022860951384192,0.08163265306122448,0
294.70000000003273,0.49477154963596925,0.12755102040816327,0
294.75000000003274,0.4876316047641016,0.13265306122448978,0
294.80000000003275,0.4864349262487477,0.07653061224489796,0
294.85000000003276,0.4725626027388944,0.12755102040816327,0
294.9000000000328,0.463848114353854,0.07653061224489796,0
294.9500000000328,0.4519867094588838,0.08163265306122448,0
295.0000000000328,0.08136227150324155,0.12244897959183672,0
295.0500000000328,0.08134100933364928,0.07142857142857142,0
295.1000000000328,0.09542198937611106,0.11734693877551018,0
295.15000000003283,0.08174114379823073,0.11224489795918365,0
295.20000000003284,0.08136227150324164,0.11224489795918365,0
295.25000000003286,0.06642540467473677,0.06632653061224489,0
295.30000000003287,0.06412592961365737,0.07142857142857142,0
295.3500000000329,0.05725981746901673,0.06632653061224489,0
295.4000000000329,0.056731060291399946,0.07142857142857142,0
295.4500000000329,0.028264116579601466,0.06632653061224489,0
295.5000000000329,0.9999999999999887,0.11224489795918365,0
295.5500000000329,0.07322413609171871,0.07142857142857142,0
295.60000000003294,0.04009825175115624,0.07142857142857142,0
295.65000000003295,0.04009825175115657,0.11734693877551018,0
295.70000000003296,0.04009825175115657,0.11224489795918365,0
295.75000000003297,0.045200100395406034,0.11224489795918365,0
295.800000000033,0.030646482574117062,0.06632653061224489,0
295.850000000033,0.9999999999999649,0.06632653061224489,0
295.900000000033,0.06901694132032822,0.06632653061224489,0
295.950000000033,0.019762598341374237,0.06632653061224489,0
296.000000000033,0.999999999999931,0.2091836734693877,0
296.05000000003304,0.9999999999998863,0.21428571428571425,0
296.10000000003305,0.16276251421480267,0.2091836734693877,0
296.15000000003306,0.15630697089918116,0.23979591836734696,0
296.20000000003307,0.13199434634654894,0.19897959183673466,0
296.2500000000331,0.9999999372563314,0.16326530612244897,0
296.3000000000331,0.20807463826477834,0.12755102040816327,0
296.3500000000331,0.09433875921092987,0.13265306122448978,0
296.4000000000331,0.04764617564050179,0.12755102040816327,0
296.4500000000331,0.04713077214082955,0.16326530612244897,0
296.50000000003314,0.045788487991160164,0.12755102040816327,0
296.55000000003315,0.021361215942676554,0.13265306122448978,0
296.60000000003316,0.013899166668022413,0.13265306122448978,0
296.6500000000332,0.041148540459152026,0.16326530612244897,0
296.7000000000332,0.14544524705139217,0.16326530612244897,0
296.7500000000332,0.999999999999775,0.1377551020408163,0
296.8000000000332,0.9999998474352271,0.12755102040816327,0
296.8500000000332,0.10055438465507553,0.16836734693877548,0
296.90000000003323,0.04759501292114651,0.13265306122448978,0
296.95000000003324,0.14958456986734722,0.16326530612244897,0
297.00000000003325,0.8634340039379761,0.32653061224489793,0
297.05000000003326,0.8131535226533472,0.32653061224489793,0
297.1000000000333,0.8054957045482535,0.3724489795918366,0
297.1500000000333,0.7971118698830709,0.3724489795918366,0
297.2000000000333,0.7938641266437562,0.3724489795918366,0
297.2500000000333,0.7905879330212979,0.3724489795918366,1
297.3000000000333,0.807727804213988,0.3724489795918366,1
297.35000000003333,0.9999999977645943,0.3724489795918366,1
297.40000000003334,0.9999999976701451,0.3724489795918366,1
297.45000000003336,0.99999999758812,0.3724489795918366,1
297.50000000003337,0.9999999974534651,0.3724489795918366,1
297.5500000000334,0.9999999972940518,0.3724489795918366,1
297.6000000000334,0.9999999971514438,0.39285714285714274,0
297.6500000000334,0.999999996994582,0.39285714285714274,0
297.7000000000334,0.9999999968184476,0.5816326530612246,0
297.7500000000334,0.9999999966018257,0.5816326530612246,0
297.80000000003344,0.9999999964219073,0.5357142857142858,0
297.85000000003345,0.9999999961175695,0.5357142857142858,0
297.90000000003346,0.9999999958882376,0.12755102040816327,0
297.95000000003347,0.6140825310000649,0.12755102040816327,0
298.0000000000335,0.5883015526306362,0.1683673469387755,0
298.0500000000335,0.55913539932297,0.163265306122449,0
298.1000000000335,0.5241112931263716,0.12244897959183675,0
298.1500000000335,0.4947077184009062,0.12755102040816327,0
298.2000000000335,0.4421137933002024,0.12244897959183675,0
298.25000000003354,0.4073527753914724,0.1683673469387755,0
298.30000000003355,0.366070133876746,0.12244897959183675,0
298.35000000003356,0.5479431214170296,0.12755102040816327,0
298.4000000000336,0.3045070793763173,0.12244897959183675,0
298.4500000000336,0.27437510039849633,0.1683673469387755,0
298.5000000000336,0.2701183528610893,0.12755102040816327,0
298.5500000000336,0.22715242910978983,0.12244897959183675,0
298.6000000000336,0.16358365264061475,0.1683673469387755,0
298.65000000003363,0.1857431567870072,0.12244897959183675,0
298.70000000003364,0.12399298895011092,0.12244897959183675,0
298.75000000003365,0.027783904493387423,0.12244897959183675,0
298.80000000003366,0.014671431477821215,0.12244897959183675,0
298.8500000000337,0.014671431477821215,0.12244897959183675,0
298.9000000000337,0.015458152277350463,0.12244897959183675,0
298.9500000000337,0.05557178384221118,0.12244897959183675,0
299.0000000000337,0.1921743732699556,0.15306122448979595,0
299.0500000000337,0.19008999000111082,0.15306122448979595,0
299.10000000003373,0.19008999000111082,0.15306122448979595,0
299.15000000003374,0.17664766080079164,0.15306122448979595,0
299.20000000003375,0.999999974643479,0.15306122448979595,0
299.25000000003376,0.17988570012089689,0.15306122448979595,1
299.3000000000338,0.1970797224734021,0.15306122448979595,1
299.3500000000338,0.19510754267485247,0.15306122448979595,1
299.4000000000338,0.2002096555898605,0.15306122448979595,1
299.4500000000338,0.19008999000111124,0.15306122448979595,1
299.5000000000338,0.19008999000111082,0.15306122448979595,1
299.55000000003383,0.19008999000111082,0.15306122448979595,1
299.60000000003384,0.1900899900011111,0.15306122448979595,1
299.65000000003386,0.19008999000111096,0.15306122448979595,1
299.70000000003387,0.19008999000111138,0.15306122448979595,1
299.7500000000339,0.19008999000111054,0.15306122448979595,1
299.8000000000339,0.19008999000111124,0.15306122448979595,1
299.8500000000339,0.1900899900011111,0.15306122448979595,1
299.9000000000339,0.1900899900011111,0.15306122448979595,1
299.9500000000339,0.19008999000111138,0.15306122448979595,1
300.00000000003394,0.16566698177360767,0.21428571428571425,1
300.05000000003395,0.1508503009487563,0.21428571428571425,1
300.10000000003396,0.10102804839457542,0.21428571428571425,1
300.15000000003397,0.08460489320338914,0.21428571428571425,1
300.200000000034,0.11880613558533958,0.21428571428571425,1
300.250000000034,0.11927528938097637,0.21428571428571425,1
300.300000000034,0.11927528938097637,0.21428571428571425,1
300.350000000034,0.11927528938097684,0.21428571428571425,1
300.400000000034,0.11927528938097637,0.21428571428571425,1
300.45000000003404,0.11927528938097659,0.21428571428571425,1
300.50000000003405,0.11927528938097653,0.21428571428571425,1
300.55000000003406,0.11927528938097644,0.21428571428571425,1
300.6000000000341,0.11927528938097644,0.21428571428571425,1
300.6500000000341,0.11927528938097656,0.21428571428571425,1
300.7000000000341,0.11927528938097637,0.21428571428571425,1
300.7500000000341,0.11927528938097644,0.21428571428571425,1
300.8000000000341,0.11927528938097644,0.21428571428571425,1
300.85000000003413,0.11927528938097631,0.21428571428571425,1
300.90000000003414,0.11927528938097659,0.21428571428571425,1
300.95000000003415,0.11927528938097659,0.23469387755102036,0
