timestamp,shape_error,presence_error,leader_off
0.05,2.9208624459595014e-16,0.0,1
0.1,0.03050046473599476,0.0,1
0.15000000000000002,0.016026125888569148,0.0,1
0.2,0.016026125888569148,0.0,1
0.25,0.016944379453930986,0.0,1
0.3,0.03529488886089132,0.0,1
0.35,0.017997169989373226,0.0,1
0.39999999999999997,2.9208624459595014e-16,0.0,1
0.44999999999999996,2.987678127262618e-16,0.0,1
0.49999999999999994,3.3450081013314317e-16,0.0,1
0.5499999999999999,3.118643984203265e-16,0.05859375,0
0.6,0.01999507820526929,0.05859375,0
0.65,0.03868932026048422,0.87890625,0
0.7000000000000001,0.055647209933982,0.9375,0
0.7500000000000001,0.06503707008752636,0.88671875,0
0.8000000000000002,0.0578016495790879,0.89453125,0
0.8500000000000002,0.0434299661483055,0.27734375,0
0.9000000000000002,0.10330477881492013,0.24609375,0
0.9500000000000003,0.13415925647714005,0.30078125,0
1.0000000000000002,0.16724423462232954,0.4296875,0
1.0500000000000003,0.17134506783662756,0.296875,0
1.1000000000000003,0.186106747730805,0.3359375,0
1.1500000000000004,0.20004315259599578,0.296875,0
1.2000000000000004,0.20831588456375535,0.27734375,0
1.2500000000000004,0.199167642026697,0.20703125,0
1.3000000000000005,0.2000956954709214,0.41796875,0
1.3500000000000005,0.1888069238589571,0.26171875,0
1.4000000000000006,0.1795412204827005,0.2265625,0
1.4500000000000006,0.18477165155731418,0.26171875,0
1.5000000000000007,0.17978351567105982,0.203125,0
1.5500000000000007,0.16438151673398557,0.30078125,0
1.6000000000000008,0.1497546026428897,0.32421875,0
1.6500000000000008,0.13719564200323223,0.18359375,0
1.7000000000000008,0.1320178474875866,0.09375,0
1.7500000000000009,0.12091393562448707,0.2734375,0
1.800000000000001,0.12297161242316054,0.22265625,0
1.850000000000001,0.1147739445164573,0.359375,0
1.900000000000001,0.12940057609355665,0.265625,0
1.950000000000001,0.1598913864897592,0.203125,0
2.000000000000001,0.15640906767063656,0.25,0
2.0500000000000007,0.13162007063093734,0.16796875,0
2.1000000000000005,0.12960456738598736,0.2109375,0
2.1500000000000004,0.1345956679258784,0.453125,0
2.2,0.12992879851314074,0.296875,0
2.25,0.13017150752137896,0.13671875,0
2.3,0.13041472570389884,0.19140625,0
2.3499999999999996,0.1301172217761793,0.33203125,0
2.3999999999999995,0.15313164248028419,0.25,0
2.4499999999999993,0.1644885191604515,0.16015625,0
2.499999999999999,0.22081865923918434,0.19921875,0
2.549999999999999,0.20127435442645106,0.30078125,0
2.5999999999999988,0.19456039568953445,0.3046875,0
2.6499999999999986,0.19749835898760276,0.23828125,0
2.6999999999999984,0.16138001818714573,0.1015625,0
2.7499999999999982,0.14274396872923215,0.3671875,0
2.799999999999998,0.1430435187947436,0.30859375,0
2.849999999999998,0.13795136564547927,0.2109375,0
2.8999999999999977,0.1516271204201549,0.171875,0
2.9499999999999975,0.16985458824107527,0.12109375,0
2.9999999999999973,0.1556526063883857,0.19140625,0
3.049999999999997,0.18911176721879097,0.31640625,0
3.099999999999997,0.196517111340928,0.21484375,0
3.149999999999997,0.20338909798439567,0.19140625,0
3.1999999999999966,0.21561697606727712,0.33984375,0
3.2499999999999964,0.19605344430097513,0.0546875,0
3.2999999999999963,0.1718405703103622,0.15234375,0
3.349999999999996,0.16073201680035465,0.10546875,0
3.399999999999996,0.12951386399304254,0.2890625,0
3.4499999999999957,0.1578557980326014,0.25390625,0
3.4999999999999956,0.14382868830733583,0.2890625,0
3.5499999999999954,0.1553159441790202,0.140625,0
3.599999999999995,0.15119106696549925,0.23828125,0
3.649999999999995,0.15811992843922767,0.25390625,0
3.699999999999995,0.1659792795461262,0.15234375,0
3.7499999999999947,0.12779126343050382,0.19921875,0
3.7999999999999945,0.1459641590566928,0.2109375,0
3.8499999999999943,0.17275179672124358,0.39453125,0
3.899999999999994,0.1770582756634132,0.28125,0
3.949999999999994,0.15463395668878338,0.0703125,0
3.999999999999994,0.14991334887957478,0.25,0
4.049999999999994,0.13926073383145768,0.2109375,0
4.099999999999993,0.13503474726396342,0.265625,0
4.149999999999993,0.13173797662076783,0.453125,0
4.199999999999993,0.14393437346807603,0.26171875,0
4.249999999999993,0.16103057927645972,0.2578125,0
4.299999999999993,0.16343968886449686,0.27734375,0
4.3499999999999925,0.18518802415641356,0.21875,0
4.399999999999992,0.17597755075642627,0.3125,0
4.449999999999992,0.1465339449402258,0.33984375,0
4.499999999999992,0.1643262739702856,0.28125,0
4.549999999999992,0.16567498210428389,0.26171875,0
4.599999999999992,0.17205010089131303,0.21875,0
4.6499999999999915,0.1731577957574519,0.26953125,0
4.699999999999991,0.18266439021990127,0.21875,0
4.749999999999991,0.1927698097442209,0.1953125,0
4.799999999999991,0.16312731104645856,0.23828125,0
4.849999999999991,0.16469496017615573,0.28515625,0
4.899999999999991,0.1558806603414642,0.26953125,0
4.94999999999999,0.1481894279398333,0.13671875,0
4.99999999999999,0.15722618524552318,0.21484375,0
5.04999999999999,0.1704143288623089,0.34375,0
5.09999999999999,0.18720140786430348,0.26171875,0
5.14999999999999,0.23233874933291795,0.11328125,0
5.1999999999999895,0.22548843387445888,0.2109375,0
5.249999999999989,0.22400774997071135,0.16796875,0
5.299999999999989,0.21335464576786084,0.1328125,0
5.349999999999989,0.20521053988832502,0.20703125,0
5.399999999999989,0.17052230144057073,0.38671875,0
5.449999999999989,0.14522350778243284,0.30078125,0
5.4999999999999885,0.12814714617801737,0.16015625,0
5.549999999999988,0.13877431788944125,0.10546875,0
5.599999999999988,0.14443963908484153,0.2265625,0
5.649999999999988,0.15331654501932157,0.109375,0
5.699999999999988,0.130584603093038,0.234375,0
5.749999999999988,0.11462811397927443,0.078125,0
5.799999999999987,0.11838409859864023,0.13671875,0
5.849999999999987,0.12330721479785973,0.34375,0
5.899999999999987,0.1462979156565593,0.26953125,0
5.949999999999987,0.14323600958206453,0.16796875,0
5.999999999999987,0.15958438736590105,0.21875,0
6.0499999999999865,0.4706155396345258,0.2265625,0
6.099999999999986,0.4687728107101455,0.2734375,0
6.149999999999986,0.4562324999136036,0.3125,0
6.199999999999986,0.4385295564676966,0.5078125,0
6.249999999999986,0.4327262520204245,0.2265625,0
6.299999999999986,0.4388592049353184,0.23828125,0
6.349999999999985,0.4438470262609097,0.13671875,0
6.399999999999985,0.4310691608246193,0.31640625,0
6.449999999999985,0.4217776487869035,0.1953125,0
6.499999999999985,0.42084891806771707,0.1953125,0
6.549999999999985,0.41082321725929294,0.19140625,0
6.5999999999999845,0.39210916903823556,0.26953125,0
6.649999999999984,0.3872522564348412,0.19140625,0
6.699999999999984,0.384716832650223,0.2734375,0
6.749999999999984,0.37041516541045205,0.27734375,0
6.799999999999984,0.3603141758258283,0.1875,0
6.849999999999984,0.3330569520467875,0.3203125,0
6.8999999999999835,0.3269471855445336,0.1796875,0
6.949999999999983,0.3268439441032271,0.2734375,0
6.999999999999983,0.3470783630520597,0.26171875,0
7.049999999999983,0.3604425472355644,0.27734375,0
7.099999999999983,0.3417995961809159,0.2265625,0
7.149999999999983,0.3138153209824816,0.0703125,0
7.199999999999982,0.2896042245928444,0.18359375,0
7.249999999999982,0.24269366504342335,0.0703125,0
7.299999999999982,0.2517010733185413,0.28515625,0
7.349999999999982,0.21944255821957145,0.3984375,0
7.399999999999982,0.18223627591792133,0.203125,0
7.4499999999999815,0.16572534608783446,0.16796875,0
7.499999999999981,0.15147081893112269,0.14453125,0
7.549999999999981,0.14305670265940948,0.2109375,0
7.599999999999981,0.13351998395765827,0.265625,0
7.649999999999981,0.1412903667871168,0.11328125,0
7.699999999999981,0.1801184261169298,0.18359375,0
7.7499999999999805,0.20790785149314966,0.27734375,0
7.79999999999998,0.20422023442193046,0.296875,0
7.84999999999998,0.20651389493354627,0.29296875,0
7.89999999999998,0.2036280427432172,0.21875,0
7.94999999999998,0.17312188333353848,0.1640625,0
7.99999999999998,0.1645344329354136,0.32421875,0
8.04999999999998,0.1637972572054007,0.21484375,0
8.09999999999998,0.16281768116352502,0.3046875,0
8.14999999999998,0.17921212455672253,0.26171875,0
8.199999999999982,0.1810235194935009,0.26953125,0
8.249999999999982,0.20153927414304987,0.2890625,0
8.299999999999983,0.18479131915217012,0.2421875,0
8.349999999999984,0.202784592551111,0.23046875,0
8.399999999999984,0.200582396352556,0.1953125,0
8.449999999999985,0.19779149965502196,0.17578125,0
8.499999999999986,0.18766879297086142,0.31640625,0
8.549999999999986,0.18995309418435322,0.2265625,0
8.599999999999987,0.17974248420870692,0.33203125,0
8.649999999999988,0.16617812475356963,0.1875,0
8.699999999999989,0.18835026178879913,0.1328125,0
8.74999999999999,0.18196079430212395,0.21875,0
8.79999999999999,0.1955665817539608,0.19140625,0
8.84999999999999,0.19057899284599253,0.24609375,0
8.899999999999991,0.16753474879068336,0.2265625,0
8.949999999999992,0.14187675672893402,0.23046875,0
8.999999999999993,0.13383040025035464,0.234375,0
9.049999999999994,0.37293630421924717,0.34765625,0
9.099999999999994,0.3536280584625269,0.26953125,0
9.149999999999995,0.37349328247979746,0.35546875,0
9.199999999999996,0.3561015361279094,0.265625,0
9.249999999999996,0.3422523115884402,0.140625,0
9.299999999999997,0.3372410300168974,0.29296875,0
9.349999999999998,0.3113316692747957,0.20703125,0
9.399999999999999,0.28921993368211674,0.18359375,0
9.45,0.27769235670179365,0.234375,0
9.5,0.27382648174703045,0.2109375,0
9.55,0.2535146389844458,0.16796875,0
9.600000000000001,0.22574882936371335,0.15234375,0
9.650000000000002,0.22167415889061617,0.125,0
9.700000000000003,0.18040320431442194,0.2734375,0
9.750000000000004,0.15655522033331204,0.1953125,0
9.800000000000004,0.15651508141466924,0.265625,0
9.850000000000005,0.16648208556453623,0.26953125,0
9.900000000000006,0.18651722735480328,0.26171875,0
9.950000000000006,0.18455669634091013,0.28125,0
10.000000000000007,0.17460791679214177,0.3671875,0
10.050000000000008,0.16362647903553632,0.33203125,0
10.100000000000009,0.155254335171726,0.171875,0
10.15000000000001,0.1600925053618345,0.46875,0
10.20000000000001,0.20431028720746397,0.25,0
10.25000000000001,0.19814494579482922,0.16015625,0
10.300000000000011,0.16849126893082622,0.37109375,0
10.350000000000012,0.14900967042703742,0.12109375,0
10.400000000000013,0.1671349084714642,0.15625,0
10.450000000000014,0.15760652147036708,0.4140625,0
10.500000000000014,0.18675601149083126,0.1953125,0
10.550000000000015,0.20981944000923813,0.18359375,0
10.600000000000016,0.20054894730320022,0.33984375,0
10.650000000000016,0.19642810891917933,0.2109375,0
10.700000000000017,0.17276132502982175,0.25,0
10.750000000000018,0.1763749915662282,0.1796875,0
10.800000000000018,0.16913365602596178,0.234375,0
10.85000000000002,0.15088437322285372,0.23046875,0
10.90000000000002,0.14377377657347262,0.36328125,0
10.95000000000002,0.11251284848347902,0.3125,0
11.000000000000021,0.46125014568618483,0.3984375,0
11.050000000000022,0.46238884470926084,0.296875,0
11.100000000000023,0.4518748892711946,0.3359375,0
11.150000000000023,0.4378179479091293,0.40625,0
11.200000000000024,0.4223583568694013,0.5234375,0
11.250000000000025,0.408684120887164,0.4140625,0
11.300000000000026,0.37805719591585135,0.203125,0
11.350000000000026,0.3492474313878722,0.18359375,0
11.400000000000027,0.329430446547223,0.1796875,0
11.450000000000028,0.3131410330150552,0.13671875,0
11.500000000000028,0.3052077939352074,0.1328125,0
11.55000000000003,0.28765184967293833,0.234375,0
11.60000000000003,0.2794906241984474,0.23046875,0
11.65000000000003,0.27240811592500896,0.20703125,0
11.700000000000031,0.250573988615114,0.17578125,0
11.750000000000032,0.23986381630799652,0.25,0
11.800000000000033,0.1919886071116345,0.48046875,0
11.850000000000033,0.1828882612949442,0.3125,0
11.900000000000034,0.18843708800400943,0.3671875,0
11.950000000000035,0.21311025226109967,0.1484375,0
12.000000000000036,0.21910720094042158,0.15234375,0
12.050000000000036,0.22128806582754687,0.19921875,0
12.100000000000037,0.19407566369512502,0.32421875,0
12.150000000000038,0.17800907189080128,0.3984375,0
12.200000000000038,0.14297281536747344,0.07421875,0
12.250000000000039,0.1534309324247548,0.1484375,0
12.30000000000004,0.1636169349318672,0.12890625,0
12.35000000000004,0.14645793581489439,0.35546875,0
12.400000000000041,0.13191467773120671,0.30859375,0
12.450000000000042,0.1607727568208237,0.30078125,0
12.500000000000043,0.16480522073201945,0.25390625,0
12.550000000000043,0.14387453562322747,0.37109375,0
12.600000000000044,0.1497517233904778,0.37890625,0
12.650000000000045,0.5691408179287559,0.296875,0
12.700000000000045,0.5592458994930576,0.40234375,0
12.750000000000046,0.5379987725387101,0.1875,0
12.800000000000047,0.5073253522752825,0.140625,0
12.850000000000048,0.4715908117488963,0.23046875,0
12.900000000000048,0.43981305013780086,0.24609375,0
12.950000000000049,0.4282705364068554,0.125,0
13.00000000000005,0.4215337680645128,0.3046875,0
13.05000000000005,0.4247511635669697,0.26953125,0
13.100000000000051,0.4434191504051101,0.31640625,0
13.150000000000052,0.4738540250764498,0.3203125,0
13.200000000000053,0.43915094231494806,0.34765625,0
13.250000000000053,0.4424914336479684,0.3515625,0
13.300000000000054,0.44554533256508944,0.13671875,0
13.350000000000055,0.4534330480543899,0.13671875,0
13.400000000000055,0.4847129757521179,0.16015625,0
13.450000000000056,0.46861225793616607,0.375,0
13.500000000000057,0.4834276302705242,0.140625,0
13.550000000000058,0.4417796604925406,0.203125,0
13.600000000000058,0.4130761218873978,0.1484375,0
13.650000000000059,0.4183679860497877,0.32421875,0
13.70000000000006,0.4327210964421976,0.20703125,0
13.75000000000006,0.4298656299110928,0.2265625,0
13.800000000000061,0.471954051649091,0.17578125,0
13.850000000000062,0.3762549558452827,0.2265625,0
13.900000000000063,0.3800201348952796,0.2890625,0
13.950000000000063,0.36761936038205606,0.23828125,0
14.000000000000064,0.36368938178741234,0.2890625,0
14.050000000000065,0.3307202114674684,0.26171875,0
14.100000000000065,0.2993953987040777,0.3046875,0
14.150000000000066,0.34007473743655176,0.140625,0
14.200000000000067,0.32217606155420586,0.3359375,0
14.250000000000068,0.35865735495439244,0.328125,0
14.300000000000068,0.3267597953108282,0.22265625,0
14.350000000000069,0.29492552453708004,0.23828125,0
14.40000000000007,0.2916554963683025,0.15234375,0
14.45000000000007,0.2503235116821158,0.16796875,0
14.500000000000071,0.2196262902055902,0.25,0
14.550000000000072,0.2665573635097577,0.30859375,0
14.600000000000072,0.2849371522032402,0.265625,0
14.650000000000073,0.22265148369798995,0.234375,0
14.700000000000074,0.24351947417256675,0.3046875,0
14.750000000000075,0.24632612019079203,0.15625,0
14.800000000000075,0.2216101585870402,0.203125,0
14.850000000000076,0.21611658062422304,0.25,0
14.900000000000077,0.9999999614880173,0.35546875,0
14.950000000000077,0.3677542190222171,0.1328125,0
15.000000000000078,0.29517284811916333,0.28125,0
15.050000000000079,0.19513933397143876,0.24609375,0
15.10000000000008,0.18485109018306972,0.328125,0
15.15000000000008,0.1517965170500066,0.13671875,0
15.200000000000081,0.11782387431165543,0.30078125,0
15.250000000000082,0.1597457373203919,0.21484375,0
15.300000000000082,0.17110915033200758,0.2734375,0
15.350000000000083,0.2234827076105934,0.23828125,0
15.400000000000084,0.24125822136157202,0.08203125,0
15.450000000000085,0.18742473236814658,0.30859375,0
15.500000000000085,0.1577350760264939,0.04296875,0
15.550000000000086,0.12630650621832515,0.24609375,0
15.600000000000087,0.9999999379963964,0.14453125,0
15.650000000000087,0.24516231272259642,0.19140625,0
15.700000000000088,0.16632501554910456,0.30078125,0
15.750000000000089,0.18944379791535193,0.16015625,0
15.80000000000009,0.16545253134220608,0.31640625,0
15.85000000000009,0.16811553151926337,0.27734375,0
15.900000000000091,0.17126943176157508,0.18359375,0
15.950000000000092,0.28258097642633034,0.27734375,0
16.000000000000092,0.3226017625120599,0.3125,0
16.050000000000093,0.23804995674161705,0.4375,0
16.100000000000094,0.38314985043651956,0.37890625,0
16.150000000000095,0.44486202363306543,0.3203125,0
16.200000000000095,0.42582702360555025,0.23828125,0
16.250000000000096,0.28710436735720135,0.3046875,0
16.300000000000097,0.24062307560696605,0.234375,0
16.350000000000097,0.2248782424441043,0.3203125,0
16.400000000000098,0.19822663825322398,0.24609375,0
16.4500000000001,0.30102375980846474,0.28515625,0
16.5000000000001,0.26358208069616484,0.3359375,0
16.5500000000001,0.20657729742396858,0.15234375,0
16.6000000000001,0.9999999338691312,0.1875,0
16.6500000000001,0.9999998578331929,0.14453125,0
16.700000000000102,0.25609089479438885,0.0625,0
16.750000000000103,0.26904986263341146,0.296875,0
16.800000000000104,0.2757068445507375,0.1484375,0
16.850000000000104,0.21679405345995736,0.296875,0
16.900000000000105,0.18552511156970974,0.30078125,0
16.950000000000106,0.12246743695530524,0.19921875,0
17.000000000000107,0.20425492557996558,0.23828125,0
17.050000000000107,0.15817847719132586,0.3046875,0
17.100000000000108,0.9999998975178339,0.2109375,0
17.15000000000011,0.9999998657522192,0.25390625,0
17.20000000000011,0.999999882752573,0.16796875,0
17.25000000000011,0.1605573884888702,0.34375,0
17.30000000000011,0.123163207818261,0.2890625,0
17.35000000000011,0.16067248718036806,0.15234375,0
17.400000000000112,0.16644530972298513,0.234375,0
17.450000000000113,0.17273213077840757,0.1953125,0
17.500000000000114,0.2104409498462019,0.15625,0
17.550000000000114,0.20098966950847125,0.1171875,0
17.600000000000115,0.1976816254338695,0.203125,0
17.650000000000116,0.2155856641107387,0.2421875,0
17.700000000000117,0.18120190166232122,0.1953125,0
17.750000000000117,0.2201964394425009,0.2109375,0
17.800000000000118,0.2562403426415236,0.19921875,0
17.85000000000012,0.2729291322989278,0.203125,0
17.90000000000012,0.2900603114645876,0.11328125,0
17.95000000000012,0.23495047881096087,0.203125,0
18.00000000000012,0.6709210367317405,0.19921875,0
18.05000000000012,0.6628193503362741,0.27734375,0
18.100000000000122,0.672428934374555,0.3515625,0
18.150000000000123,0.7187270294571299,0.35546875,0
18.200000000000124,0.6842090849680379,0.24609375,0
18.250000000000124,0.6795780211332378,0.28125,0
18.300000000000125,0.6657553764679826,0.3203125,1
18.350000000000126,0.6512976131563668,0.2578125,1
18.400000000000126,0.6493168355612341,0.4140625,1
18.450000000000127,0.9999999884855131,0.33984375,1
18.500000000000128,0.9999999999999947,0.26953125,1
18.55000000000013,0.9999999999999946,0.31640625,1
18.60000000000013,0.9999999999999942,0.2890625,1
18.65000000000013,0.8265932900178837,0.2578125,1
18.70000000000013,0.6627315764944121,0.21875,1
18.75000000000013,0.6695074013921654,0.25390625,1
18.800000000000132,0.6890924136393389,0.16796875,1
18.850000000000133,0.5839990019163096,0.29296875,1
18.900000000000134,0.9999999999999927,0.29296875,1
18.950000000000134,0.7753475120680527,0.29296875,1
19.000000000000135,0.6055107475949957,0.42578125,1
19.050000000000136,0.6457589219337184,0.42578125,1
19.100000000000136,0.6630000354117269,0.42578125,1
19.150000000000137,0.5404539651825638,0.42578125,1
19.200000000000138,0.5292154902510237,0.42578125,1
19.25000000000014,0.5161758833862478,0.4140625,0
19.30000000000014,0.5041487119440737,0.43359375,0
19.35000000000014,0.46865190929563655,0.34765625,0
19.40000000000014,0.45119459925563077,0.51171875,0
19.45000000000014,0.46466236527245397,0.51171875,0
19.500000000000142,0.49560529333379777,0.48828125,0
19.550000000000143,0.4291873737587121,0.48046875,0
19.600000000000144,0.37106767025314086,0.26953125,0
19.650000000000144,0.3183409558835881,0.20703125,0
19.700000000000145,0.2813906338272914,0.3046875,0
19.750000000000146,0.24312261534284255,0.2421875,0
19.800000000000146,0.1952251323817253,0.3046875,0
19.850000000000147,0.21430898065902756,0.265625,0
19.900000000000148,0.2578311067435444,0.1796875,0
19.95000000000015,0.24921425548088907,0.2421875,0
20.00000000000015,0.24271700798615856,0.23046875,0
20.05000000000015,0.204532637882114,0.27734375,0
20.10000000000015,0.2149679508977194,0.2265625,0
20.15000000000015,0.1854486502928232,0.23828125,0
20.200000000000152,0.17757980668284026,0.2109375,0
20.250000000000153,0.25557063515476913,0.23828125,0
20.300000000000153,0.2980208605616951,0.27734375,0
20.350000000000154,0.34797036684303606,0.24609375,0
20.400000000000155,0.4327813521775462,0.23828125,0
20.450000000000156,0.227809949686297,0.24609375,0
20.500000000000156,0.29312045067647363,0.24609375,0
20.550000000000157,0.19875187677048808,0.296875,0
20.600000000000158,0.149945874754741,0.27734375,0
20.65000000000016,0.15848428352214,0.25,0
20.70000000000016,0.16975659087814518,0.20703125,0
20.75000000000016,0.16027752304902232,0.33984375,0
20.80000000000016,0.11733284905598763,0.3203125,0
20.85000000000016,0.1929459091423037,0.2265625,0
20.900000000000162,0.18696130483010664,0.2734375,0
20.950000000000163,0.14701886449519921,0.2578125,0
21.000000000000163,0.18642785339408538,0.20703125,0
21.050000000000164,0.1777623506965878,0.2734375,0
21.100000000000165,0.1982589898967585,0.28125,0
21.150000000000166,0.18756843494039607,0.26953125,0
21.200000000000166,0.1297421541924376,0.28515625,0
21.250000000000167,0.14654672855724804,0.2578125,0
21.300000000000168,0.9999999999997622,0.19140625,0
21.35000000000017,0.999999999999737,0.203125,0
21.40000000000017,0.25703381020911714,0.19921875,0
21.45000000000017,0.16240747197590275,0.22265625,0
21.50000000000017,0.1430581006618155,0.19140625,0
21.55000000000017,0.19596744680660255,0.2265625,0
21.600000000000172,0.1568636224384422,0.1640625,0
21.650000000000173,0.20432615767664097,0.2265625,0
21.700000000000173,0.25973365010215355,0.16796875,0
21.750000000000174,0.26843318619189166,0.22265625,0
21.800000000000175,0.24810107768211748,0.1953125,0
21.850000000000176,0.2365671829659659,0.19140625,0
21.900000000000176,0.1890979504147078,0.1953125,0
21.950000000000177,0.14325886175428654,0.19921875,0
22.000000000000178,0.6036535830510986,0.28125,0
22.05000000000018,0.621018556280875,0.2890625,0
22.10000000000018,0.5892668332599637,0.33203125,0
22.15000000000018,0.5772841728594796,0.26953125,0
22.20000000000018,0.5686453916978144,0.28125,0
22.25000000000018,0.6082195886312761,0.203125,0
22.300000000000182,0.5516207343502474,0.30859375,0
22.350000000000183,0.5259649743163486,0.26953125,0
22.400000000000183,0.5150806191244972,0.2265625,0
22.450000000000184,0.5026956692877231,0.2578125,0
22.500000000000185,0.4553279024442048,0.19921875,0
22.550000000000185,0.4439546405273415,0.25390625,0
22.600000000000186,0.4211120899149311,0.22265625,0
22.650000000000187,0.3942411818627662,0.19140625,0
22.700000000000188,0.3369456892961579,0.22265625,0
22.75000000000019,0.3245203453979061,0.28515625,0
22.80000000000019,0.2599377236483287,0.1953125,0
22.85000000000019,0.23137132192858664,0.2265625,0
22.90000000000019,0.20092674071357802,0.23046875,0
22.95000000000019,0.20630400235570387,0.1796875,0
23.000000000000192,0.55574105222984,0.3203125,0
23.050000000000193,0.5432421745600128,0.19140625,0
23.100000000000193,0.5545085789014474,0.33984375,0
23.150000000000194,0.5250232786655487,0.28515625,0
23.200000000000195,0.5024754530360481,0.2109375,0
23.250000000000195,0.4897642683134222,0.21484375,0
23.300000000000196,0.47404168068335195,0.2578125,0
23.350000000000197,0.44434274490505543,0.19140625,0
23.400000000000198,0.4345755394607193,0.26171875,0
23.4500000000002,0.4134741756589858,0.22265625,0
23.5000000000002,0.3738894031794583,0.23046875,0
23.5500000000002,0.3234577735675042,0.21484375,0
23.6000000000002,0.27396231425062356,0.2265625,0
23.6500000000002,0.2498309523971252,0.2578125,0
23.700000000000202,0.218968192267056,0.2265625,0
23.750000000000203,0.12091199551414424,0.3046875,0
23.800000000000203,0.10547398128143214,0.2421875,0
23.850000000000204,0.1309907735583542,0.26171875,0
23.900000000000205,0.14384391327842952,0.2265625,0
23.950000000000205,0.14209654499321847,0.30078125,0
24.000000000000206,0.6405594133481216,0.30859375,0
24.050000000000207,0.6536929012414471,0.43359375,0
24.100000000000207,0.6186950420433264,0.34375,0
24.150000000000208,0.5829993715761154,0.36328125,0
24.20000000000021,0.5490033050534465,0.328125,0
24.25000000000021,0.5015068105790117,0.18359375,0
24.30000000000021,0.4785951535752569,0.046875,0
24.35000000000021,0.5044850166617397,0.20703125,0
24.40000000000021,0.4018064464158236,0.13671875,0
24.450000000000212,0.3791337937055326,0.16015625,0
24.500000000000213,0.3715210014470758,0.3046875,0
24.550000000000214,0.3144192346686223,0.3203125,0
24.600000000000215,0.2617749619784391,0.26171875,0
24.650000000000215,0.5126817475000326,0.453125,0
24.700000000000216,0.999999999999905,0.27734375,0
24.750000000000217,0.9999999999999771,0.39453125,0
24.800000000000217,0.9999999999999698,0.1875,0
24.850000000000218,0.9999999999999101,0.1640625,0
24.90000000000022,0.9999999999998119,0.3125,0
24.95000000000022,0.37202410989294743,0.25,0
25.00000000000022,0.32868679053239214,0.20703125,0
25.05000000000022,0.3489998743133077,0.09375,0
25.10000000000022,0.30288471870423966,0.2109375,0
25.150000000000222,0.31111482542267305,0.109375,0
25.200000000000223,0.40294731718109145,0.2578125,0
25.250000000000224,0.4030683790748509,0.265625,0
25.300000000000225,0.39827643980011385,0.2109375,0
25.350000000000225,0.3854815426199698,0.26953125,0
25.400000000000226,0.36458846765805464,0.19921875,0
25.450000000000227,0.3407667607541165,0.19921875,0
25.500000000000227,0.3178687546420764,0.1640625,0
25.550000000000228,0.2955090614312193,0.15625,0
25.60000000000023,0.2677526103517657,0.2421875,0
25.65000000000023,0.2355685799015655,0.3203125,0
25.70000000000023,0.21267586744586872,0.1640625,0
25.75000000000023,0.17992562821813182,0.30078125,0
25.80000000000023,0.1755362048818235,0.21484375,0
25.850000000000232,0.19142576945240575,0.19921875,0
25.900000000000233,0.18425541422600045,0.234375,0
25.950000000000234,0.18090623959546065,0.16015625,0
26.000000000000234,0.23819868515682957,0.375,0
26.050000000000235,0.25394334813065966,0.3671875,0
26.100000000000236,0.2627510137320007,0.25390625,0
26.150000000000237,0.2612011192930756,0.28125,0
26.200000000000237,0.2799338693692527,0.2265625,0
26.250000000000238,0.2810066202604847,0.14453125,0
26.30000000000024,0.272453952602367,0.2890625,0
26.35000000000024,0.2573429144127099,0.13671875,0
26.40000000000024,0.23275276258253827,0.08203125,0
26.45000000000024,0.2094857571313705,0.29296875,0
26.50000000000024,0.18760080983554928,0.1875,0
26.550000000000242,0.17692034444658708,0.1484375,0
26.600000000000243,0.17559224969939835,0.19140625,0
26.650000000000244,0.20194285857459238,0.3203125,0
26.700000000000244,0.20268970517635126,0.22265625,0
26.750000000000245,0.19983611443249985,0.30859375,0
26.800000000000246,0.20566596158674225,0.35546875,0
26.850000000000247,0.20939864170370628,0.32421875,0
26.900000000000247,0.21416210463347815,0.3671875,0
26.950000000000248,0.2063129021814978,0.34375,0
27.00000000000025,0.1992865684674074,0.33984375,0
27.05000000000025,0.23699739867038763,0.5,0
27.10000000000025,0.25868914222497963,0.16796875,0
27.15000000000025,0.23858403001911957,0.26953125,0
27.20000000000025,0.2001095971224612,0.3046875,0
27.250000000000252,0.1983936610628848,0.16015625,0
27.300000000000253,0.2161241118186522,0.21875,0
27.350000000000254,0.21710766472481047,0.203125,0
27.400000000000254,0.1981610887631112,0.203125,0
27.450000000000255,0.17666461515276188,0.140625,0
27.500000000000256,0.16530323578788292,0.16015625,0
27.550000000000257,0.1577747740110435,0.359375,0
27.600000000000257,0.15996632992329843,0.2578125,0
27.650000000000258,0.17054530934672377,0.26171875,0
27.70000000000026,0.17273810262909695,0.203125,0
27.75000000000026,0.1478559189634744,0.25390625,0
27.80000000000026,0.1565837717931586,0.26171875,0
27.85000000000026,0.16333157633206288,0.16015625,0
27.90000000000026,0.15899556940110476,0.3046875,0
27.950000000000262,0.15712269116290767,0.29296875,0
28.000000000000263,0.14698595963429625,0.2890625,0
28.050000000000264,0.14729668149246597,0.16796875,0
28.100000000000264,0.1487266284631301,0.16015625,0
28.150000000000265,0.1486200060277487,0.19921875,0
28.200000000000266,0.1487934349407275,0.2578125,0
28.250000000000266,0.16712969945105158,0.2265625,0
28.300000000000267,0.18401584486462588,0.265625,0
28.350000000000268,0.1767394911757204,0.36328125,0
28.40000000000027,0.18763891317533793,0.2265625,0
28.45000000000027,0.19903858151681172,0.234375,0
28.50000000000027,0.15451553669449294,0.30859375,0
28.55000000000027,0.14818720563980697,0.1015625,0
28.60000000000027,0.14495127147273926,0.25390625,0
28.650000000000272,0.11996520077563963,0.171875,0
28.700000000000273,0.12674377887998306,0.1640625,0
28.750000000000274,0.13625661364470673,0.19921875,0
28.800000000000274,0.14477560302794099,0.28515625,0
28.850000000000275,0.13378216597290013,0.37109375,0
28.900000000000276,0.1634988501997708,0.203125,0
28.950000000000276,0.1793415606846075,0.1640625,0
29.000000000000277,0.20663490202676985,0.46875,0
29.050000000000278,0.21542380514334533,0.31640625,0
29.10000000000028,0.219027394453488,0.3125,0
29.15000000000028,0.21347634592749046,0.15234375,0
29.20000000000028,0.17199090522423824,0.30859375,0
29.25000000000028,0.17553427057187218,0.20703125,0
29.30000000000028,0.2023939918048236,0.19140625,0
29.350000000000282,0.21808849785215134,0.2265625,0
29.400000000000283,0.2240442268417202,0.2265625,0
29.450000000000284,0.2250844591473692,0.19921875,0
29.500000000000284,0.2084938266489937,0.19140625,0
29.550000000000285,0.21406222292493654,0.23046875,0
29.600000000000286,0.18310741586233728,0.27734375,0
29.650000000000286,0.19455613627619645,0.23046875,0
29.700000000000287,0.22310934934314275,0.19140625,0
29.750000000000288,0.20568217501325572,0.26171875,0
29.80000000000029,0.1906017250888686,0.33203125,0
29.85000000000029,0.21090053028105812,0.15234375,0
29.90000000000029,0.15757904907600884,0.15234375,0
29.95000000000029,0.152680277535709,0.37109375,0
30.00000000000029,0.17881692671561358,0.2578125,0
30.050000000000292,0.1857138845003569,0.32421875,0
30.100000000000293,0.2057595837962814,0.265625,0
30.150000000000293,0.18619974371786077,0.24609375,0
30.200000000000294,0.13362012832260944,0.25390625,0
30.250000000000295,0.1286241927638536,0.25,0
30.300000000000296,0.17737275836447552,0.28125,0
30.350000000000296,0.1875320551381283,0.28125,0
30.400000000000297,0.19874042621330615,0.1953125,0
30.450000000000298,0.19554073974914105,0.20703125,0
30.5000000000003,0.1628052939901174,0.19140625,0
30.5500000000003,0.13861392664359648,0.29296875,0
30.6000000000003,0.1437992760488732,0.19140625,0
30.6500000000003,0.12782441642251915,0.2890625,0
30.7000000000003,0.1404052325711004,0.32421875,0
30.750000000000302,0.16816126618354774,0.2265625,0
30.800000000000303,0.18098209502048085,0.23046875,0
30.850000000000303,0.17022599144285736,0.15234375,0
30.900000000000304,0.1580519482144124,0.30078125,0
30.950000000000305,0.17383692956661145,0.16796875,0
31.000000000000306,0.4881595240238682,0.3046875,0
31.050000000000306,0.4842984780298177,0.23046875,0
31.100000000000307,0.4788799498652335,0.28515625,0
31.150000000000308,0.48231008737558395,0.328125,0
31.20000000000031,0.479738882257562,0.2890625,0
31.25000000000031,0.477742385088805,0.23828125,0
31.30000000000031,0.46552033662779146,0.2734375,0
31.35000000000031,0.4765364972969838,0.1796875,0
31.40000000000031,0.4865297104617218,0.19140625,0
31.450000000000312,0.4848664208366638,0.33984375,0
31.500000000000313,0.47329225965787053,0.1875,0
31.550000000000313,0.4616126654643234,0.265625,0
31.600000000000314,0.45920231479131185,0.296875,0
31.650000000000315,0.45584153814732264,0.171875,0
31.700000000000315,0.44233241177884225,0.3359375,0
31.750000000000316,0.4231216057895417,0.1953125,0
31.800000000000317,0.4231368592629127,0.2421875,0
31.850000000000318,0.4177625858807311,0.26171875,0
31.90000000000032,0.4147928351726671,0.28515625,0
31.95000000000032,0.4037177525597713,0.1328125,0
32.00000000000032,0.5779872506515242,0.33203125,0
32.05000000000032,0.565859062654022,0.36328125,0
32.100000000000314,0.5523764009183073,0.359375,0
32.15000000000031,0.5427813058373261,0.2421875,0
32.20000000000031,0.5321913629216405,0.31640625,0
32.250000000000306,0.5206862012489135,0.21875,0
32.3000000000003,0.5148596983445031,0.19921875,0
32.3500000000003,0.5067882088311165,0.38671875,0
32.4000000000003,0.5001110981605575,0.25,0
32.450000000000294,0.48884934475049713,0.1875,0
32.50000000000029,0.4797187686911396,0.42578125,0
32.55000000000029,0.46531759726337757,0.2890625,0
32.600000000000286,0.4568498872306032,0.3203125,0
32.65000000000028,0.4455699748891129,0.140625,0
32.70000000000028,0.42297405191808163,0.2734375,0
32.75000000000028,0.4112444859419032,0.328125,0
32.800000000000274,0.4106780279541323,0.34375,0
32.85000000000027,0.41354841903269957,0.2734375,0
32.90000000000027,0.4026303275640819,0.28125,0
32.950000000000266,0.37787110221794,0.1328125,0
33.00000000000026,0.3674487240623008,0.3046875,0
33.05000000000026,0.34845055029204486,0.15234375,0
33.10000000000026,0.3219391325817143,0.1875,0
33.150000000000254,0.27954631568609994,0.29296875,0
33.20000000000025,0.23926200903225125,0.37890625,0
33.25000000000025,0.2146321682047427,0.27734375,0
33.300000000000246,0.2097260240006939,0.37890625,0
33.35000000000024,0.21733960374758465,0.3515625,0
33.40000000000024,0.22223550649937032,0.32421875,0
33.45000000000024,0.19521925174262306,0.4921875,0
33.500000000000234,0.2163629645507566,0.23046875,0
33.55000000000023,0.22161358498395672,0.265625,0
33.60000000000023,0.21740296554788,0.25,0
33.650000000000226,0.19359323353552452,0.29296875,0
33.70000000000022,0.18618569551779152,0.2734375,0
33.75000000000022,0.15829988345807397,0.1796875,0
33.80000000000022,0.15867318383890153,0.23828125,0
33.850000000000215,0.16869040688095976,0.2421875,0
33.90000000000021,0.1697400395583744,0.2109375,0
33.95000000000021,0.1885414967252904,0.19140625,0
34.000000000000206,0.4751418765454668,0.296875,0
34.0500000000002,0.47105544383867176,0.3828125,0
34.1000000000002,0.4665677950806567,0.42578125,0
34.1500000000002,0.4610397868078539,0.28125,0
34.200000000000195,0.47173912482744473,0.32421875,0
34.25000000000019,0.4839092755488388,0.1171875,0
34.30000000000019,0.47629977653201205,0.3203125,0
34.350000000000186,0.4582203614607217,0.296875,0
34.40000000000018,0.45273360716185895,0.2734375,0
34.45000000000018,0.4360964635199914,0.32421875,0
34.50000000000018,0.4309415057728696,0.17578125,0
34.550000000000175,0.4136774750953786,0.2109375,0
34.60000000000017,0.3994030389255188,0.39453125,0
34.65000000000017,0.3887037879158321,0.1640625,0
34.700000000000166,0.38082583609421355,0.4140625,0
34.75000000000016,0.3689951161671155,0.23828125,0
34.80000000000016,0.3615868327673183,0.1171875,0
34.85000000000016,0.3551719374108946,0.42578125,0
34.900000000000155,0.33474719363430416,0.09375,0
34.95000000000015,0.3171645469912902,0.390625,0
35.00000000000015,0.45359217422374676,0.2421875,0
35.050000000000146,0.44976292138304375,0.328125,0
35.10000000000014,0.44455661047650696,0.20703125,0
35.15000000000014,0.44266806575807593,0.34375,0
35.20000000000014,0.429737876992112,0.18359375,0
35.250000000000135,0.411382505861313,0.22265625,0
35.30000000000013,0.38464009436356283,0.23828125,0
35.35000000000013,0.3655769940482713,0.1875,0
35.40000000000013,0.35697666379089166,0.17578125,0
35.450000000000124,0.3338799471349633,0.2265625,0
35.50000000000012,0.30723757547153874,0.4375,0
35.55000000000012,0.28872227912483195,0.21484375,0
35.600000000000115,0.25048239329524247,0.3203125,0
35.65000000000011,0.21375736301831352,0.1796875,0
35.70000000000011,0.19993142536628955,0.19140625,0
35.75000000000011,0.20363226737537055,0.14453125,0
35.800000000000104,0.20509742837816194,0.2578125,0
35.8500000000001,0.18842703649623105,0.23046875,0
35.9000000000001,0.18868450934934092,0.0625,0
35.950000000000095,0.16596316177014311,0.10546875,0
36.00000000000009,0.18340471290906135,0.2890625,0
36.05000000000009,0.18473670031659403,0.26171875,0
36.10000000000009,0.16451568639701605,0.24609375,0
36.150000000000084,0.18543468841064442,0.24609375,0
36.20000000000008,0.21171869181067124,0.24609375,0
36.25000000000008,0.20686179364218757,0.24609375,0
36.300000000000075,0.1989497941204937,0.24609375,1
36.35000000000007,0.21904834838625017,0.24609375,1
36.40000000000007,0.2165496683492923,0.24609375,1
36.45000000000007,0.21405153496655369,0.24609375,1
36.500000000000064,0.21212299646365784,0.24609375,1
36.55000000000006,0.21025630374676751,0.24609375,1
36.60000000000006,0.21228082541922136,0.24609375,1
36.650000000000055,0.21300364467748067,0.24609375,1
36.70000000000005,0.21407166608087558,0.24609375,1
36.75000000000005,0.2122692662239324,0.24609375,1
36.80000000000005,0.2149325746749739,0.24609375,1
36.850000000000044,0.21802409530642644,0.24609375,1
36.90000000000004,0.2170793362181993,0.24609375,1
36.95000000000004,0.22055266214125704,0.24609375,1
37.000000000000036,0.22520861410401968,0.24609375,1
37.05000000000003,0.2267421160168526,0.24609375,1
37.10000000000003,0.2267421160168526,0.24609375,1
37.15000000000003,0.2267421160168526,0.24609375,1
37.200000000000024,0.2267421160168526,0.24609375,1
37.25000000000002,0.2267421160168526,0.24609375,1
37.30000000000002,0.2267421160168526,0.24609375,1
37.350000000000016,0.22674211601685265,0.24609375,1
37.40000000000001,0.22674211601685265,0.24609375,1
37.45000000000001,0.2267421160168526,0.24609375,1
37.50000000000001,0.2267421160168526,0.24609375,1
37.550000000000004,0.2267421160168526,0.24609375,1
37.6,0.2267421160168526,0.24609375,1
37.65,0.2267421160168526,0.24609375,1
37.699999999999996,0.2267421160168526,0.24609375,1
37.74999999999999,0.6647166171659677,0.24609375,1
37.79999999999999,0.6441420301451135,0.24609375,1
37.84999999999999,0.6268999248169074,0.24609375,1
37.899999999999984,0.6116724130304594,0.24609375,1
37.94999999999998,0.6003159654934196,0.24609375,1
37.99999999999998,0.5960637717480983,0.24609375,1
38.049999999999976,0.5923499139764701,0.24609375,1
38.09999999999997,0.5887607187170774,0.24609375,1
38.14999999999997,0.5907241049135821,0.24609375,1
38.19999999999997,0.5964722037084762,0.24609375,1
38.249999999999964,0.599806562853485,0.24609375,1
38.29999999999996,0.6046107395233338,0.24609375,1
38.34999999999996,0.6038331557169,0.24609375,1
38.399999999999956,0.601589684095893,0.24609375,1
38.44999999999995,0.6187369979334825,0.24609375,1
38.49999999999995,0.6255111450951182,0.24609375,1
38.54999999999995,0.616954726393979,0.24609375,1
38.599999999999945,0.6062708070951873,0.24609375,1
38.64999999999994,0.6032811289156155,0.24609375,1
38.69999999999994,0.6167129614268255,0.24609375,1
38.749999999999936,0.7476154651105422,0.24609375,1
38.79999999999993,0.6295722893044267,0.24609375,1
38.84999999999993,0.5875519492465001,0.24609375,1
38.89999999999993,0.5672057111391647,0.24609375,1
38.949999999999925,0.5558405115820344,0.24609375,1
38.99999999999992,0.5493254431116665,0.24609375,1
39.04999999999992,0.5444195388456539,0.24609375,1
39.099999999999916,0.5337241506169935,0.24609375,1
39.14999999999991,0.5213345270309339,0.24609375,1
39.19999999999991,0.5093017810757433,0.24609375,1
39.24999999999991,0.5025714957121336,0.24609375,1
39.299999999999905,0.49728632446165927,0.24609375,1
39.3499999999999,0.4957720399559967,0.24609375,1
39.3999999999999,0.49702974585044934,0.24609375,1
39.449999999999896,0.49506206119258034,0.24609375,1
39.49999999999989,0.4894525259316221,0.24609375,1
39.54999999999989,0.48210182044412314,0.24609375,1
39.59999999999989,0.4786507013400344,0.24609375,1
39.649999999999885,0.4780088200257169,0.24609375,1
39.69999999999988,0.47800882002571676,0.24609375,1
39.74999999999988,0.47800882002571676,0.24609375,1
39.799999999999876,0.47800882002571676,0.24609375,1
39.84999999999987,0.4780088200257169,0.24609375,1
39.89999999999987,0.4780088200257169,0.24609375,1
39.94999999999987,0.478008820025717,0.24609375,1
39.999999999999865,0.47800882002571693,0.24609375,1
40.04999999999986,0.5932095631190482,0.30859375,1
40.09999999999986,0.589135213605648,0.30859375,1
40.14999999999986,0.581308614980353,0.30859375,1
40.199999999999854,0.580879054533601,0.30859375,1
40.24999999999985,0.5767531615574237,0.30859375,1
40.29999999999985,0.572632561306892,0.30859375,1
40.349999999999845,0.5685038797848364,0.30859375,1
40.39999999999984,0.5643545205286139,0.30859375,1
40.44999999999984,0.5601728208805811,0.30859375,1
40.49999999999984,0.5524493628286674,0.30859375,1
40.549999999999834,0.5513607775434743,0.30859375,1
40.59999999999983,0.5467770023535938,0.30859375,1
40.64999999999983,0.542123823759764,0.30859375,1
40.699999999999825,0.5373927640446596,0.30859375,1
40.74999999999982,0.5325751462602757,0.30859375,1
40.79999999999982,0.527661882937595,0.30859375,1
40.84999999999982,0.518430070549669,0.30859375,1
40.899999999999814,0.5169095506371018,0.30859375,1
40.94999999999981,0.5113888007435664,0.30859375,1
40.99999999999981,0.5058320215186616,0.30859375,1
41.049999999999805,0.7175046275427532,0.30859375,1
41.0999999999998,0.7146877526899335,0.30859375,1
41.1499999999998,0.711949620389329,0.30859375,1
41.1999999999998,0.7084896023154635,0.30859375,1
41.249999999999794,0.7066834812066831,0.30859375,1
41.29999999999979,0.7041418418879244,0.30859375,1
41.34999999999979,0.7027716854734577,0.30859375,1
41.399999999999785,0.7019673927704262,0.30859375,1
41.44999999999978,0.7000045769033884,0.30859375,1
41.49999999999978,0.6965265808617364,0.30859375,1
41.54999999999978,0.6915823381476808,0.30859375,1
41.599999999999774,0.6885613908955808,0.30859375,1
41.64999999999977,0.6843143187988198,0.30859375,1
41.69999999999977,0.6800194516916873,0.30859375,1
41.749999999999766,0.6756537706086791,0.30859375,1
41.79999999999976,0.6712169170964712,0.30859375,1
41.84999999999976,0.6667252120331694,0.30859375,1
41.89999999999976,0.6607755632578918,0.30859375,1
41.949999999999754,0.6570364621347811,0.30859375,1
41.99999999999975,0.6518408158568364,0.30859375,1
42.04999999999975,0.6472826942808172,0.37109375,1
42.099999999999746,0.6422480469361661,0.37109375,1
42.14999999999974,0.6371379107695083,0.37109375,1
42.19999999999974,0.6319528373153597,0.37109375,1
42.24999999999974,0.6248251537974002,0.37109375,1
42.299999999999734,0.6207549723973784,0.37109375,1
42.34999999999973,0.6147783307771186,0.37109375,1
42.39999999999973,0.6088265683925638,0.37109375,1
42.449999999999726,0.602830633275459,0.37109375,1
42.49999999999972,0.5968261995537948,0.37109375,1
42.54999999999972,0.5908255169237603,0.37109375,1
42.59999999999972,0.5823089290399173,0.37109375,1
42.649999999999714,0.57811147001854,0.37109375,1
42.69999999999971,0.5713448048567151,0.37109375,1
42.74999999999971,0.5645164908427038,0.37109375,1
42.799999999999706,0.5576361432052457,0.37109375,1
42.8499999999997,0.550714390925912,0.37109375,1
42.8999999999997,0.5437628360806536,0.37109375,1
42.9499999999997,0.533118043276458,0.37109375,1
42.999999999999694,0.5290993103561299,0.37109375,1
43.04999999999969,0.4750878594492593,0.31640625,1
43.09999999999969,0.4659298175725508,0.31640625,1
43.149999999999686,0.4569500288128768,0.31640625,1
43.19999999999968,0.448277468294757,0.31640625,1
43.24999999999968,0.44018108995270394,0.31640625,1
43.29999999999968,0.4321161879434633,0.31640625,1
43.349999999999675,0.4341540848560205,0.31640625,1
43.39999999999967,0.4276614523135547,0.31640625,1
43.44999999999967,0.424748136142523,0.31640625,1
43.499999999999666,0.4247481361425231,0.31640625,1
43.54999999999966,0.424748136142523,0.31640625,1
43.59999999999966,0.424748136142523,0.31640625,1
43.64999999999966,0.424748136142523,0.31640625,1
43.699999999999655,0.424748136142523,0.31640625,1
43.74999999999965,0.424748136142523,0.31640625,1
43.79999999999965,0.424748136142523,0.31640625,1
43.849999999999646,0.424748136142523,0.31640625,1
43.89999999999964,0.424748136142523,0.31640625,1
43.94999999999964,0.424748136142523,0.31640625,1
43.99999999999964,0.424748136142523,0.31640625,1
44.049999999999635,0.424748136142523,0.31640625,1
44.09999999999963,0.424748136142523,0.31640625,1
44.14999999999963,0.424748136142523,0.31640625,1
44.199999999999626,0.424748136142523,0.31640625,1
44.24999999999962,0.42474813614252294,0.31640625,1
44.29999999999962,0.42474813614252294,0.31640625,1
44.34999999999962,0.42474813614252294,0.31640625,1
44.399999999999615,0.424748136142523,0.31640625,1
44.44999999999961,0.42474813614252316,0.31640625,1
44.49999999999961,0.42474813614252316,0.31640625,1
44.549999999999606,0.424748136142523,0.31640625,1
44.5999999999996,0.424748136142523,0.31640625,1
44.6499999999996,0.424748136142523,0.31640625,1
44.6999999999996,0.424748136142523,0.31640625,1
44.749999999999595,0.424748136142523,0.31640625,1
44.79999999999959,0.424748136142523,0.31640625,1
44.84999999999959,0.424748136142523,0.31640625,1
44.89999999999959,0.424748136142523,0.31640625,1
44.949999999999584,0.424748136142523,0.31640625,1
44.99999999999958,0.424748136142523,0.31640625,1
45.04999999999958,0.4146409596563026,0.31640625,1
45.099999999999575,0.41464095965630265,0.31640625,1
45.14999999999957,0.41464095965630265,0.31640625,1
45.19999999999957,0.41464095965630254,0.31640625,1
45.24999999999957,0.41464095965630265,0.31640625,1
45.299999999999564,0.41464095965630277,0.31640625,1
45.34999999999956,0.4146409596563024,0.31640625,1
45.39999999999956,0.4146409596563024,0.31640625,1
45.449999999999555,0.41464095965630265,0.31640625,1
45.49999999999955,0.41464095965630277,0.31640625,1
45.54999999999955,0.4146409596563028,0.31640625,1
45.59999999999955,0.4146409596563027,0.31640625,1
45.649999999999544,0.41464095965630254,0.31640625,1
45.69999999999954,0.4146409596563022,0.31640625,1
45.74999999999954,0.4146409596563022,0.31640625,1
45.799999999999535,0.41464095965630254,0.31640625,1
45.84999999999953,0.41464095965630254,0.31640625,1
45.89999999999953,0.4146409596563026,0.31640625,1
45.94999999999953,0.41464095965630254,0.31640625,1
45.999999999999524,0.41464095965630254,0.31640625,1
46.04999999999952,0.7010448206532074,0.25390625,1
46.09999999999952,0.7010448206532074,0.25390625,1
46.149999999999515,0.6930224105734532,0.25390625,1
46.19999999999951,0.6859863166419081,0.25390625,1
46.24999999999951,0.678636705408921,0.25390625,1
46.29999999999951,0.6709533951821839,0.25390625,1
46.349999999999504,0.6629146360631156,0.25390625,1
46.3999999999995,0.654497006158127,0.25390625,1
46.4499999999995,0.6478397260974668,0.25390625,1
46.499999999999496,0.6360151177532403,0.25390625,1
46.54999999999949,0.625786758494,0.25390625,1
46.59999999999949,0.615002349517417,0.25390625,1
46.64999999999949,0.6036217792828154,0.25390625,1
46.699999999999484,0.5916032036570594,0.25390625,1
46.74999999999948,0.5789041996981831,0.25390625,1
46.79999999999948,0.5692173036479877,0.25390625,1
46.849999999999476,0.5507846526959884,0.25390625,1
46.89999999999947,0.5351824082666402,0.25390625,1
46.94999999999947,0.5187486158491915,0.25390625,1
46.99999999999947,0.5015797823792658,0.25390625,1
47.049999999999464,0.7315276873807727,0.19140625,1
47.09999999999946,0.7216913986079426,0.19140625,1
47.14999999999946,0.7144630544652718,0.19140625,1
47.199999999999456,0.7015819636331666,0.19140625,1
47.24999999999945,0.6919030590074302,0.19140625,1
47.29999999999945,0.6875057171064481,0.19140625,1
47.34999999999945,0.6806357652178727,0.19140625,1
47.399999999999444,0.6729142514105594,0.19140625,1
47.44999999999944,0.6650852065918805,0.19140625,1
47.49999999999944,0.658770779951812,0.19140625,1
47.549999999999436,0.6479450924283567,0.19140625,1
47.59999999999943,0.6384866694064968,0.19140625,1
47.64999999999943,0.6285558731799329,0.19140625,1
47.69999999999943,0.6181286541403564,0.19140625,1
47.749999999999424,0.6071832366733197,0.19140625,1
47.79999999999942,0.5957024592317958,0.19140625,1
47.84999999999942,0.5866296295309533,0.19140625,1
47.899999999999416,0.5705657080611474,0.19140625,1
47.94999999999941,0.5567901169832034,0.19140625,1
47.99999999999941,0.5425131929942956,0.19140625,1
48.04999999999941,0.6327116428195915,0.37109375,1
48.099999999999405,0.6160775247258968,0.37109375,1
48.1499999999994,0.5948286607268726,0.37109375,1
48.1999999999994,0.5757594441107177,0.37109375,1
48.249999999999396,0.5397431593476221,0.37109375,1
48.29999999999939,0.5206133441468359,0.37109375,1
48.34999999999939,0.49343807813354323,0.37109375,1
48.39999999999939,0.46190846514742373,0.37109375,1
48.449999999999385,0.4426928918909912,0.37109375,1
48.49999999999938,0.42775009775887235,0.37109375,1
48.54999999999938,0.4207928965686222,0.37109375,1
48.599999999999376,0.40979469155009357,0.37109375,1
48.64999999999937,0.4051637379212445,0.37109375,1
48.69999999999937,0.40184143573104897,0.37109375,1
48.74999999999937,0.41646183440215445,0.37109375,1
48.799999999999365,0.41646183440215445,0.37109375,1
48.84999999999936,0.41646183440215445,0.37109375,1
48.89999999999936,0.41646183440215445,0.37109375,1
48.949999999999356,0.41646183440215445,0.37109375,1
48.99999999999935,0.41646183440215445,0.37109375,1
49.04999999999935,0.34375017119798934,0.31640625,1
49.09999999999935,0.34375017119798934,0.31640625,1
49.149999999999345,0.34375017119798934,0.31640625,1
49.19999999999934,0.34375017119798934,0.31640625,1
49.24999999999934,0.34375017119798934,0.31640625,1
49.299999999999336,0.3437501711979895,0.31640625,1
49.34999999999933,0.34375017119798945,0.31640625,1
49.39999999999933,0.34375017119798934,0.31640625,1
49.44999999999933,0.34375017119798934,0.31640625,1
49.499999999999325,0.3437501711979894,0.31640625,1
49.54999999999932,0.34375017119798934,0.31640625,1
49.59999999999932,0.34375017119798934,0.31640625,1
49.64999999999932,0.34375017119798945,0.31640625,1
49.699999999999314,0.3437501711979894,0.31640625,1
49.74999999999931,0.3437501711979894,0.31640625,1
49.79999999999931,0.34375017119798945,0.31640625,1
49.849999999999305,0.3437501711979894,0.31640625,1
49.8999999999993,0.3437501711979894,0.31640625,1
49.9499999999993,0.3437501711979894,0.31640625,1
49.9999999999993,0.3437501711979894,0.31640625,1
50.049999999999294,0.7093969247572666,0.31640625,1
50.09999999999929,0.5803142605969394,0.31640625,1
50.14999999999929,0.6390994785249734,0.31640625,1
50.199999999999285,0.9266296105616608,0.31640625,1
50.24999999999928,0.5162776439495099,0.31640625,1
50.29999999999928,0.3528254922271273,0.31640625,1
50.34999999999928,0.3589252650671264,0.31640625,1
50.399999999999274,0.360713144921246,0.31640625,1
50.44999999999927,0.35759483294698635,0.31640625,1
50.49999999999927,0.34417580401323644,0.31640625,1
50.549999999999265,0.3258790694511379,0.31640625,1
50.59999999999926,0.30664438134300054,0.31640625,1
50.64999999999926,0.2798973936196819,0.31640625,1
50.69999999999926,0.2597627020841,0.31640625,1
50.749999999999254,0.22960605429444253,0.31640625,1
50.79999999999925,0.2099865070406485,0.31640625,1
50.84999999999925,0.19916139634922883,0.31640625,1
50.899999999999245,0.18903497809401865,0.31640625,1
50.94999999999924,0.18313854049066802,0.31640625,1
50.99999999999924,0.18477776335721488,0.31640625,1
51.04999999999924,0.18409093840785928,0.31640625,1
51.099999999999234,0.18213009624637172,0.31640625,1
51.14999999999923,0.17982639414174603,0.31640625,1
51.19999999999923,0.17832986884318588,0.31640625,1
51.249999999999226,0.17452471838696584,0.31640625,1
51.29999999999922,0.17497864944953598,0.31640625,1
51.34999999999922,0.17497864944953595,0.31640625,1
51.39999999999922,0.1749786494495359,0.31640625,1
51.449999999999214,0.17497864944953598,0.31640625,1
51.49999999999921,0.1749786494495359,0.31640625,1
51.54999999999921,0.17497864944953603,0.31640625,1
51.599999999999206,0.17497864944953595,0.31640625,1
51.6499999999992,0.17497864944953595,0.31640625,1
51.6999999999992,0.17497864944953592,0.31640625,1
51.7499999999992,0.17497864944953598,0.31640625,1
51.799999999999194,0.17497864944953592,0.31640625,1
51.84999999999919,0.17497864944953598,0.31640625,1
51.89999999999919,0.1749786494495359,0.31640625,1
51.949999999999186,0.17497864944953592,0.31640625,1
51.99999999999918,0.17497864944953592,0.31640625,1
52.04999999999918,0.203143256519678,0.31640625,1
52.09999999999918,0.2031432565196779,0.31640625,1
52.149999999999174,0.20314325651967793,0.31640625,1
52.19999999999917,0.20314325651967785,0.31640625,1
52.24999999999917,0.2031432565196779,0.31640625,1
52.299999999999166,0.2031432565196779,0.31640625,1
52.34999999999916,0.2031432565196779,0.31640625,1
52.39999999999916,0.20314325651967785,0.31640625,1
52.44999999999916,0.20314325651967785,0.31640625,1
52.499999999999154,0.2031432565196779,0.31640625,1
52.54999999999915,0.20314325651967793,0.31640625,1
52.59999999999915,0.203143256519678,0.31640625,1
52.649999999999146,0.20314325651967793,0.31640625,1
52.69999999999914,0.20314325651967793,0.31640625,1
52.74999999999914,0.2031432565196779,0.31640625,1
52.79999999999914,0.2031432565196779,0.31640625,1
52.849999999999135,0.2031432565196779,0.31640625,1
52.89999999999913,0.203143256519678,0.31640625,1
52.94999999999913,0.2031432565196779,0.31640625,1
52.999999999999126,0.2031432565196779,0.31640625,1
53.04999999999912,0.43744572803495824,0.19921875,1
53.09999999999912,0.43498340730881596,0.19921875,1
53.14999999999912,0.42917712499648625,0.19921875,1
53.199999999999115,0.42327377119247794,0.19921875,1
53.24999999999911,0.41727173303654996,0.19921875,1
53.29999999999911,0.4111693954109338,0.19921875,1
53.349999999999106,0.4049651427196212,0.19921875,1
53.3999999999991,0.3948741422335244,0.19921875,0
53.4499999999991,0.39154279755086674,0.2265625,0
53.4999999999991,0.38352036831535125,0.2265625,0
53.549999999999095,0.37532197892772057,0.47265625,0
53.59999999999909,0.36695402860668086,0.5,0
53.64999999999909,0.358418597881656,0.46875,0
53.699999999999086,0.3511577381436103,0.46875,0
53.74999999999908,0.339705703105652,0.25,0
53.79999999999908,0.3350341461802501,0.15625,0
53.84999999999908,0.33273313250555103,0.16015625,0
53.899999999999075,0.3080226910760203,0.15625,0
53.94999999999907,0.30462139612981126,0.27734375,0
53.99999999999907,0.3100513206108238,0.2265625,0
54.049999999999066,0.4489385528502225,0.2265625,0
54.09999999999906,0.4688711561046811,0.2890625,0
54.14999999999906,0.4647740265436653,0.2109375,0
54.19999999999906,0.4522524229683528,0.25,0
54.249999999999055,0.4333138133166457,0.29296875,0
54.29999999999905,0.42955172720164353,0.203125,0
54.34999999999905,0.4224326288051876,0.12109375,0
54.39999999999905,0.40990879332713337,0.2109375,0
54.449999999999044,0.3996095323667011,0.21875,0
54.49999999999904,0.39019121182767624,0.25,0
54.54999999999904,0.37909425213414316,0.33203125,0
54.599999999999035,0.37252052534687274,0.22265625,0
54.64999999999903,0.37166305929317883,0.24609375,0
54.69999999999903,0.3602723542517446,0.2265625,0
54.74999999999903,0.34793664457463785,0.12109375,0
54.799999999999024,0.3372170310216838,0.19921875,0
54.84999999999902,0.32977776300582096,0.26953125,0
54.89999999999902,0.32758213467974473,0.1328125,0
54.949999999999015,0.3328621575994268,0.1328125,0
54.99999999999901,0.33497911165221195,0.1640625,0
55.04999999999901,0.31749343944255615,0.3046875,0
55.09999999999901,0.3043091547040141,0.28125,0
55.149999999999004,0.29514427241020147,0.28125,0
55.199999999999,0.2951060924204184,0.28125,0
55.249999999999,0.29542295954885234,0.28125,0
55.299999999998995,0.2956206681147862,0.28125,1
55.34999999999899,0.2947547017404083,0.28125,1
55.39999999999899,0.293821502499283,0.28125,1
55.44999999999899,0.2901747203597126,0.28125,1
55.499999999998984,0.2859582779303345,0.28125,1
55.54999999999898,0.28243233847387406,0.28125,1
55.59999999999898,0.2807287217442752,0.28125,0
55.649999999998975,0.27619637676481107,0.30078125,0
55.69999999999897,0.26963248631267817,0.30078125,0
55.74999999999897,0.26215413844660607,0.45703125,0
55.79999999999897,0.2537581807125539,0.4765625,0
55.849999999998964,0.2423057290953075,0.4609375,0
55.89999999999896,0.23624878446958367,0.453125,0
55.94999999999896,0.22752985168881193,0.33984375,0
55.999999999998956,0.21775076778390434,0.234375,0
56.04999999999895,0.2208883965374529,0.2578125,0
56.09999999999895,0.2303949549591834,0.25,0
56.14999999999895,0.2253903070995827,0.2734375,0
56.199999999998944,0.2200963403866957,0.2265625,0
56.24999999999894,0.2182783867049914,0.22265625,0
56.29999999999894,0.1985995031357053,0.21875,0
56.349999999998936,0.21412872813557884,0.25,0
56.39999999999893,0.20828394951898843,0.21484375,0
56.44999999999893,0.2277559010233706,0.2109375,0
56.49999999999893,0.22587318750549312,0.18359375,0
56.549999999998924,0.22867957892307672,0.23046875,0
56.59999999999892,0.21691639454587397,0.1875,0
56.64999999999892,0.21421487601239306,0.24609375,0
56.699999999998916,0.20062921400805997,0.21484375,0
56.74999999999891,0.20045244965900907,0.19140625,0
56.79999999999891,0.17659626679235385,0.21484375,0
56.84999999999891,0.15809177533573698,0.21484375,0
56.899999999998904,0.1484483122604902,0.19921875,0
56.9499999999989,0.14637788365775545,0.21875,0
56.9999999999989,0.15882952399087405,0.2421875,0
57.049999999998896,0.6256973276742358,0.28125,0
57.09999999999889,0.6210278452902749,0.26953125,0
57.14999999999889,0.6111825748797135,0.3359375,0
57.19999999999889,0.6070334582920478,0.25390625,0
57.249999999998884,0.6033385873184124,0.28515625,0
57.29999999999888,0.5899292174645111,0.24609375,0
57.34999999999888,0.5857381205536053,0.28515625,0
57.399999999998876,0.5809254844888847,0.2109375,0
57.44999999999887,0.5773051309528808,0.203125,0
57.49999999999887,0.5709773159815964,0.2109375,0
57.54999999999887,0.5681793871778713,0.16015625,0
57.599999999998865,0.5636046845688515,0.25390625,0
57.64999999999886,0.5582753103237844,0.203125,0
57.69999999999886,0.5449814760032442,0.171875,0
57.749999999998856,0.5329772186666872,0.22265625,0
57.79999999999885,0.513566505587303,0.21484375,0
57.84999999999885,0.5024523170332262,0.265625,0
57.89999999999885,0.49207508999371935,0.22265625,0
57.949999999998845,0.4868343732930474,0.1328125,0
57.99999999999884,0.47577312119786386,0.1640625,0
58.04999999999884,0.6023356358186404,0.3671875,0
58.099999999998836,0.5922845176671014,0.4375,0
58.14999999999883,0.5809164613403854,0.34375,0
58.19999999999883,0.563499144355849,0.28125,0
58.24999999999883,0.5522676212584912,0.42578125,0
58.299999999998825,0.5449519317494854,0.296875,1
58.34999999999882,0.5316920846960089,0.29296875,1
58.39999999999882,0.5187184082428028,0.30078125,1
58.449999999998816,0.5106699939598824,0.25,1
58.49999999999881,0.49858551420235975,0.234375,1
58.54999999999881,0.47822439901291586,0.2421875,1
58.59999999999881,0.4560222568146885,0.2421875,1
58.649999999998805,0.43775704612057376,0.24609375,1
58.6999999999988,0.4192258186347976,0.23046875,1
58.7499999999988,0.395346768487497,0.1953125,1
58.799999999998796,0.37342352613433144,0.24609375,1
58.84999999999879,0.3572389110099987,0.29296875,1
58.89999999999879,0.3307447676188352,0.23828125,1
58.94999999999879,0.306891276127388,0.2265625,1
58.999999999998785,0.2770146211752175,0.32421875,1
59.04999999999878,0.20851695303805207,0.234375,1
59.09999999999878,0.1815351137394505,0.25,1
59.149999999998776,0.19136567876058427,0.21875,1
59.199999999998774,0.17881385197235897,0.3359375,1
59.24999999999877,0.175854976395021,0.33203125,1
59.29999999999877,0.1954442367806074,0.2421875,1
59.349999999998765,0.22074153670665553,0.2734375,1
59.39999999999876,0.22500514858002282,0.3203125,1
59.44999999999876,0.22435420326976044,0.21484375,1
59.49999999999876,0.20500299231524946,0.2890625,1
59.549999999998754,0.19360864199182096,0.23046875,1
59.59999999999875,0.2001692204168898,0.30078125,1
59.64999999999875,0.216016267278075,0.3203125,1
59.699999999998745,0.2213753604026469,0.15625,1
59.74999999999874,0.22813984889626088,0.26953125,1
59.79999999999874,0.20979171532295862,0.1953125,1
59.84999999999874,0.20973736445885002,0.19921875,1
59.899999999998734,0.18979211863159243,0.15625,1
59.94999999999873,0.16736809164941358,0.25,1
59.99999999999873,0.18692228837871475,0.30078125,1
60.049999999998725,0.502589803956824,0.44140625,1
60.09999999999872,0.4825496469502513,0.296875,1
60.14999999999872,0.4600998985202936,0.30859375,1
60.19999999999872,0.4521155030834699,0.31640625,1
60.249999999998714,0.43227750258329917,0.39453125,1
60.29999999999871,0.4115586165082852,0.29296875,1
60.34999999999871,0.3856217603857948,0.203125,1
60.399999999998705,0.36167112719503514,0.29296875,1
60.4499999999987,0.34485092577787657,0.26171875,1
60.4999999999987,0.32928733177643815,0.25,1
60.5499999999987,0.30202132616800786,0.25,1
60.599999999998694,0.28121436398409755,0.29296875,1
60.64999999999869,0.2658546106946478,0.265625,1
60.69999999999869,0.2519187174373121,0.296875,1
60.749999999998685,0.24461466009593003,0.34375,1
60.79999999999868,0.23789451224661654,0.24609375,1
60.84999999999868,0.2163022385667821,0.28125,1
60.89999999999868,0.20156180997502426,0.25390625,1
60.949999999998674,0.2079585365564606,0.203125,1
60.99999999999867,0.2216592402727528,0.25,1
61.04999999999867,0.3806282332091944,0.34375,1
61.099999999998666,0.3796656477771531,0.3359375,1
61.14999999999866,0.3541654356884944,0.3046875,1
61.19999999999866,0.33968267681242004,0.41015625,1
61.24999999999866,0.3325245287856352,0.390625,1
61.299999999998654,0.32954372773483614,0.2265625,1
61.34999999999865,0.30883372642963475,0.234375,1
61.39999999999865,0.2852939803564996,0.29296875,1
61.449999999998646,0.2644294293722367,0.29296875,1
61.49999999999864,0.22620889211472753,0.2734375,1
61.54999999999864,0.23696920080692568,0.2421875,1
61.59999999999864,0.23854800999827352,0.27734375,1
61.649999999998634,0.24373573008030866,0.328125,1
61.69999999999863,0.2216089377192736,0.2109375,1
61.74999999999863,0.19666145344071453,0.3125,1
61.799999999998626,0.223731546539438,0.203125,1
61.84999999999862,0.22942164286570865,0.23046875,1
61.89999999999862,0.2095221350028137,0.375,1
61.94999999999862,0.19315928414748565,0.28125,1
61.999999999998614,0.17354165016696654,0.28125,1
62.04999999999861,0.14691926008336578,0.16796875,1
62.09999999999861,0.1664817339373877,0.23828125,1
62.149999999998606,0.17732533498884853,0.2578125,1
62.1999999999986,0.15928744745119533,0.27734375,1
62.2499999999986,0.16370390141960003,0.125,1
62.2999999999986,0.17169039302963254,0.23046875,1
62.349999999998595,0.18627514412612567,0.22265625,1
62.39999999999859,0.1831395527833723,0.19140625,1
62.44999999999859,0.1645423887211417,0.27734375,1
62.499999999998586,0.16872081559491284,0.15625,1
62.54999999999858,0.15608750360898757,0.19921875,1
62.59999999999858,0.12600293422820352,0.26953125,1
62.64999999999858,0.139305065569799,0.18359375,1
62.699999999998575,0.15886200450029458,0.1796875,1
62.74999999999857,0.14871331523167536,0.26953125,1
62.79999999999857,0.13799250388047338,0.16015625,1
62.849999999998566,0.5500648841584412,0.10546875,1
62.89999999999856,0.5308894481114355,0.23828125,1
62.94999999999856,0.5018046642453675,0.140625,1
62.99999999999856,0.4709455283444369,0.2265625,1
63.049999999998555,0.4511189777985682,0.28125,1
63.09999999999855,0.4234650509111764,0.26171875,1
63.14999999999855,0.425253905530914,0.1953125,1
63.199999999998546,0.42155288468552393,0.3671875,1
63.24999999999854,0.41119030321626077,0.23828125,1
63.29999999999854,0.3949348775704478,0.2421875,1
63.34999999999854,0.40054500386725483,0.2734375,1
63.399999999998535,0.42163075446744264,0.30859375,1
63.44999999999853,0.4395534124362616,0.25,1
63.49999999999853,0.44545365551904864,0.15625,1
63.549999999998526,0.44832237727912005,0.26171875,1
63.59999999999852,0.4504340851074765,0.16015625,1
63.64999999999852,0.4174807257149774,0.2578125,1
63.69999999999852,0.45617476098236154,0.2109375,1
63.749999999998515,0.46518604303494737,0.2734375,1
63.79999999999851,0.41261611570570417,0.23828125,1
63.84999999999851,0.7530125635960895,0.203125,1
63.899999999998506,0.7673339286872034,0.19921875,1
63.949999999998504,0.7117133336682917,0.1796875,1
63.9999999999985,0.6405206054887573,0.19140625,1
64.0499999999985,0.46295736692424616,0.33984375,1
64.0999999999985,0.4207163561306587,0.234375,1
64.1499999999985,0.4270178643393309,0.26953125,1
64.1999999999985,0.4440794182145929,0.2734375,1
64.2499999999985,0.429736635189619,0.27734375,1
64.29999999999849,0.38601017268757837,0.1875,1
64.34999999999849,0.34199053529132384,0.2265625,1
64.39999999999849,0.33775066656251024,0.26953125,1
64.44999999999848,0.29086071774178884,0.26953125,1
64.49999999999848,0.25058392865147144,0.2265625,1
64.54999999999848,0.2448411862771856,0.19140625,1
64.59999999999847,0.20887451788375092,0.203125,1
64.64999999999847,0.2060796982272536,0.27734375,1
64.69999999999847,0.2733817221185346,0.3125,1
64.74999999999847,0.23522384752507697,0.3203125,1
64.79999999999846,0.9999995693543089,0.10546875,1
64.84999999999846,0.232532501059855,0.27734375,1
64.89999999999846,0.999999911864375,0.2421875,1
64.94999999999845,0.1670123855261912,0.1875,1
64.99999999999845,0.16552157106123958,0.23046875,1
65.04999999999845,0.47827488892668396,0.3125,1
65.09999999999845,0.5398413645988923,0.18359375,1
65.14999999999844,0.47751858446499973,0.265625,1
65.19999999999844,0.46234082421841366,0.12109375,1
65.24999999999844,0.4454686755849501,0.2109375,1
65.29999999999843,0.616916451322676,0.3046875,1
65.34999999999843,0.4523492321109247,0.21875,1
65.39999999999843,0.9999999812243984,0.30078125,1
65.44999999999843,0.9999999887600106,0.2578125,1
65.49999999999842,0.3906821313863734,0.28515625,1
65.54999999999842,0.3651275469442677,0.1796875,1
65.59999999999842,0.9999999472098621,0.2109375,1
65.64999999999841,0.33052482674706696,0.19140625,1
65.69999999999841,0.3322038308004796,0.32421875,1
65.74999999999841,0.33559142403613756,0.32421875,1
65.7999999999984,0.44477091620822373,0.1796875,1
65.8499999999984,0.3220281322251457,0.2578125,1
65.8999999999984,0.3286396075340133,0.3125,1
65.9499999999984,0.3465462668993494,0.234375,1
65.9999999999984,0.34879445685038946,0.1796875,1
66.04999999999839,0.6093691754007006,0.359375,1
66.09999999999839,0.5958633728010155,0.31640625,1
66.14999999999839,0.7101112314748854,0.2421875,1
66.19999999999838,0.5728949562170836,0.3203125,1
66.24999999999838,0.5765585006357296,0.4921875,1
66.29999999999838,0.5551546294293735,0.21875,1
66.34999999999837,0.5572208913745117,0.25,1
66.39999999999837,0.5486492299322915,0.16015625,0
66.44999999999837,0.516351523015686,0.29296875,1
66.49999999999837,0.5351962544934811,0.30078125,1
66.54999999999836,0.9999999853641874,0.80078125,1
66.59999999999836,0.9999999837720474,0.84765625,1
66.64999999999836,0.9999999820460761,0.84765625,1
66.69999999999835,0.9999999815383138,0.84765625,0
66.74999999999835,0.9999999811263524,0.84765625,1
66.79999999999835,0.999999980740121,0.84765625,1
66.84999999999835,0.9999999805176134,0.84765625,1
66.89999999999834,0.9999999809324586,0.84765625,1
66.94999999999834,0.9999999799135358,0.84765625,1
66.99999999999834,0.9999999781109709,0.84765625,1
67.04999999999833,0.999999984477044,0.74609375,1
67.09999999999833,0.9999999919135126,0.83984375,1
67.14999999999833,0.9999999915799005,0.83984375,1
67.19999999999833,0.9999999912245787,0.83984375,0
67.24999999999832,0.9999999999999678,0.83984375,0
67.29999999999832,0.9999999999999665,0.83984375,0
67.34999999999832,0.9999999999999648,0.83203125,1
67.39999999999831,0.999999999999961,0.83203125,1
67.44999999999831,0.9999999999999785,0.73828125,1
67.49999999999831,0.9999999870440562,0.73828125,1
67.5499999999983,0.9999999861946284,0.73828125,0
67.5999999999983,0.45371010482256025,0.73828125,0
67.6499999999983,0.388821451379054,0.73828125,0
67.6999999999983,0.3767362620368536,0.73828125,0
67.7499999999983,0.37711668779584845,0.69921875,0
67.79999999999829,0.39006817316665693,0.7109375,0
67.84999999999829,0.34342150686787226,0.3515625,0
67.89999999999829,0.33440829633996766,0.35546875,0
67.94999999999828,0.26962366820328293,0.2734375,0
67.99999999999828,0.25436698289957366,0.22265625,0
68.04999999999828,0.6637362547269179,0.35546875,0
68.09999999999827,0.6572120845101667,0.40625,0
68.14999999999827,0.6610116626956499,0.2578125,0
68.19999999999827,0.6759199421832156,0.3671875,0
68.24999999999827,0.7007499489338481,0.34375,1
68.29999999999826,0.64755501123131,0.27734375,1
68.34999999999826,0.6374767382537619,0.40625,1
68.39999999999826,0.6305066595817734,0.36328125,1
68.44999999999825,0.6242964738679544,0.23828125,1
68.49999999999825,0.6182205800526432,0.25390625,1
68.54999999999825,0.9999999893277961,0.25390625,1
68.59999999999825,0.5971029185826832,0.40625,1
68.64999999999824,0.5825841383686438,0.33203125,1
68.69999999999824,0.5766892222575443,0.23046875,1
68.74999999999824,0.5767046932653656,0.296875,1
68.79999999999824,0.5817796453525265,0.38671875,1
68.84999999999823,0.5756236043279133,0.328125,1
68.89999999999823,0.6510009688060769,0.296875,1
68.94999999999823,0.6131235513257317,0.34375,1
68.99999999999822,0.5383141602219854,0.15625,1
69.04999999999822,0.6998708357242851,0.23828125,1
69.09999999999822,0.5833165891232256,0.3203125,1
69.14999999999822,0.7835822644988787,0.1796875,1
69.19999999999821,0.7525828605712152,0.2734375,1
69.24999999999821,0.6921542718403255,0.23828125,1
69.2999999999982,0.5447204811448,0.3125,1
69.3499999999982,0.4813255823629354,0.36328125,1
69.3999999999982,0.4898051151591418,0.2578125,1
69.4499999999982,0.48495352397881386,0.234375,1
69.4999999999982,0.47689010888884503,0.1796875,1
69.54999999999819,0.46737874040108396,0.171875,1
69.59999999999819,0.4178943326486529,0.15234375,1
69.64999999999819,0.40957805531770214,0.171875,1
69.69999999999818,0.3918915064075242,0.40625,1
69.74999999999818,0.4151587918593745,0.19921875,1
69.79999999999818,0.3405249861323829,0.21484375,1
69.84999999999818,0.3186331724523452,0.234375,1
69.89999999999817,0.30811948983992804,0.26171875,1
69.94999999999817,0.9999999999999266,0.22265625,1
69.99999999999817,0.25613875040483836,0.31640625,1
70.04999999999816,0.22172981527646737,0.22265625,1
70.09999999999816,0.23562785022559601,0.3046875,1
70.14999999999816,0.22406440215167345,0.30859375,1
70.19999999999816,0.14394306346290753,0.265625,1
70.24999999999815,0.19371283448855417,0.1796875,1
70.29999999999815,0.20427055613778147,0.26953125,1
70.34999999999815,0.17338049474221093,0.3203125,1
70.39999999999814,0.20776633699001837,0.26171875,1
70.44999999999814,0.2269728217257442,0.30859375,1
70.49999999999814,0.2058659583424847,0.26171875,1
70.54999999999814,0.20094988315789783,0.26171875,1
70.59999999999813,0.20482791611490672,0.18359375,1
70.64999999999813,0.16889708603763734,0.26953125,1
70.69999999999813,0.19545769481072006,0.2734375,1
70.74999999999812,0.15815512058797865,0.28515625,1
70.79999999999812,0.16549927672597964,0.2734375,1
70.84999999999812,0.1921877242466905,0.296875,1
70.89999999999812,0.13853313277685217,0.3125,1
70.94999999999811,0.16940299161420577,0.2109375,1
70.99999999999811,0.19026213789391067,0.3359375,1
71.04999999999811,0.20687069012244338,0.328125,1
71.0999999999981,0.2250870448179009,0.203125,1
71.1499999999981,0.21379348526878125,0.37890625,1
71.1999999999981,0.2820002348265125,0.23046875,1
71.2499999999981,0.23309556693711472,0.1953125,1
71.2999999999981,0.17303552834280442,0.23046875,1
71.34999999999809,0.2130818160400584,0.33203125,1
71.39999999999809,0.20737215418190752,0.24609375,1
71.44999999999808,0.25053724524221943,0.26171875,1
71.49999999999808,0.13154289760857682,0.3515625,1
71.54999999999808,0.16373061373707898,0.234375,1
71.59999999999808,0.17943884601714707,0.203125,1
71.64999999999807,0.18012798455663195,0.2265625,1
71.69999999999807,0.20193876533877075,0.26953125,1
71.74999999999807,0.23489832730344914,0.26953125,1
71.79999999999806,0.20347093416699494,0.1953125,1
71.84999999999806,0.18083944239743446,0.2734375,1
71.89999999999806,0.18533147947135045,0.14453125,1
71.94999999999806,0.15927334130531765,0.2578125,1
71.99999999999805,0.15115508758131768,0.2421875,1
72.04999999999805,0.7683094582235962,0.3515625,1
72.09999999999805,0.7397016472204517,0.25,1
72.14999999999804,0.7366162966120368,0.23046875,1
72.19999999999804,0.7073272634114522,0.3671875,1
72.24999999999804,0.701376711180837,0.2734375,1
72.29999999999804,0.6895990786050425,0.2734375,1
72.34999999999803,0.6665367004813986,0.26171875,1
72.39999999999803,0.6397948657414605,0.17578125,1
72.44999999999803,0.6346407249502072,0.375,1
72.49999999999802,0.7017937384101025,0.36328125,1
72.54999999999802,0.9999999999998938,0.171875,1
72.59999999999802,0.9999999999998793,0.18359375,1
72.64999999999802,0.9563070179711284,0.21484375,1
72.69999999999801,0.484012339758312,0.3046875,1
72.74999999999801,0.4480982518923095,0.1328125,1
72.79999999999801,0.4319556047735136,0.22265625,1
72.849999999998,0.4220417071513818,0.1953125,1
72.899999999998,0.3199786803007492,0.2421875,1
72.949999999998,0.25614515033285234,0.10546875,1
72.999999999998,0.21318742451059428,0.234375,1
73.049999999998,0.5529689243320123,0.33203125,1
73.09999999999799,0.5784817288228036,0.21484375,1
73.14999999999799,0.5263529035076469,0.21484375,1
73.19999999999798,0.5195033059199448,0.3359375,1
73.24999999999798,0.4962476317377299,0.26953125,1
73.29999999999798,0.4780061455903943,0.10546875,1
73.34999999999798,0.4576937676572858,0.14453125,1
73.39999999999797,0.4169244951610717,0.2578125,1
73.44999999999797,0.36091195108332735,0.29296875,1
73.49999999999797,0.3573364352333503,0.28515625,1
73.54999999999797,0.32740653313305335,0.13671875,1
73.59999999999796,0.37092068396888717,0.21484375,1
73.64999999999796,0.35838085374669093,0.33203125,1
73.69999999999796,0.30700832221463337,0.25390625,1
73.74999999999795,0.27342831759201625,0.41796875,1
73.79999999999795,0.2654564758815322,0.30078125,1
73.84999999999795,0.28551176837714515,0.25,1
73.89999999999795,0.21858313907542293,0.1328125,1
73.94999999999794,0.2265927946825266,0.23828125,1
73.99999999999794,0.25490994030384373,0.3671875,1
74.04999999999794,0.5557257988696939,0.15625,1
74.09999999999793,0.5491663907587335,0.28125,1
74.14999999999793,0.5248708454605444,0.28125,1
74.19999999999793,0.5287306897830503,0.3671875,1
74.24999999999793,0.5200318313974046,0.26171875,1
74.29999999999792,0.49247710595417005,0.3203125,1
74.34999999999792,0.4764727651012311,0.30078125,1
74.39999999999792,0.43790789606200986,0.26171875,1
74.44999999999791,0.4381709184556334,0.1328125,1
74.49999999999791,0.383421621997746,0.24609375,1
74.54999999999791,0.34502137720294673,0.2421875,1
74.5999999999979,0.34675129360022794,0.42578125,1
74.6499999999979,0.29313341675114335,0.23046875,1
74.6999999999979,0.29727438566155173,0.25390625,1
74.7499999999979,0.24457291875682502,0.30078125,1
74.7999999999979,0.2531073363674133,0.12890625,1
74.84999999999789,0.2902062094988922,0.328125,1
74.89999999999789,0.21708096280634198,0.359375,1
74.94999999999789,0.31243843769356106,0.24609375,1
74.99999999999788,0.2917947621745381,0.13671875,1
75.04999999999788,0.2519555662058487,0.2890625,1
75.09999999999788,0.254507418269997,0.23828125,1
75.14999999999787,0.28819702402764824,0.1875,1
75.19999999999787,0.9999999612108328,0.25390625,1
75.24999999999787,0.2798575894614925,0.19921875,1
75.29999999999787,0.2613405033701035,0.234375,1
75.34999999999786,0.23701306271306607,0.1015625,1
75.39999999999786,0.40771263370822436,0.16796875,1
75.44999999999786,0.4043188216764186,0.18359375,1
75.49999999999785,0.3978068819773711,0.125,1
75.54999999999785,0.3871730279244274,0.03125,1
75.59999999999785,0.3724858131163053,0.23828125,1
75.64999999999785,0.3549258127476107,0.2109375,1
75.69999999999784,0.32729899014063846,0.19140625,1
75.74999999999784,0.29895697583027686,0.3046875,1
75.79999999999784,0.2774468556772613,0.25390625,1
75.84999999999783,0.2690251739464989,0.2734375,1
75.89999999999783,0.25196722434204555,0.2109375,1
75.94999999999783,0.24524756079005317,0.2890625,1
75.99999999999783,0.2155355622319361,0.078125,1
76.04999999999782,0.19759628781490143,0.2578125,1
76.09999999999782,0.20674727826201206,0.109375,1
76.14999999999782,0.20044040549256198,0.2109375,1
76.19999999999781,0.2162589979767562,0.34375,1
76.24999999999781,0.2209194461834487,0.359375,1
76.29999999999781,0.23053220678432856,0.20703125,1
76.3499999999978,0.2096123440779087,0.13671875,1
76.3999999999978,0.19056081439356257,0.13671875,1
76.4499999999978,0.19562838063792876,0.2578125,1
76.4999999999978,0.19797380636626152,0.234375,1
76.5499999999978,0.21243663891846729,0.2734375,1
76.59999999999779,0.22967376471751802,0.09375,1
76.64999999999779,0.20280093034458332,0.14453125,1
76.69999999999779,0.1739257927263606,0.12890625,1
76.74999999999778,0.16344059093684518,0.18359375,1
76.79999999999778,0.1628236623282002,0.25,1
76.84999999999778,0.19640848047679837,0.4453125,1
76.89999999999777,0.22447680622080965,0.28125,1
76.94999999999777,0.22015394930751075,0.25,1
76.99999999999777,0.209357591013735,0.1328125,1
77.04999999999777,0.19259409807000222,0.23828125,1
77.09999999999776,0.15827611629363586,0.25390625,1
77.14999999999776,0.17338174339477708,0.23828125,1
77.19999999999776,0.1807316510092602,0.22265625,1
77.24999999999775,0.2093220346213507,0.17578125,1
77.29999999999775,0.1827727448104816,0.23828125,1
77.34999999999775,0.15119652801329883,0.2265625,1
77.39999999999775,0.1765011293437487,0.1953125,1
77.44999999999774,0.2035769515431009,0.19140625,1
77.49999999999774,0.19768688043346225,0.3515625,1
77.54999999999774,0.1802088968863812,0.09375,1
77.59999999999773,0.1954928128210212,0.2890625,1
77.64999999999773,0.18809118451216544,0.19140625,1
77.69999999999773,0.1812931243882022,0.19921875,1
77.74999999999773,0.16036989395009202,0.2265625,1
77.79999999999772,0.14882364613461238,0.23046875,1
77.84999999999772,0.14972781760798537,0.16015625,1
77.89999999999772,0.15601646130608995,0.12890625,1
77.94999999999771,0.16192072236711047,0.25,1
77.99999999999771,0.16062988585692692,0.19140625,1
78.04999999999771,0.1926697425875401,0.328125,1
78.0999999999977,0.20085103137110846,0.1875,1
78.1499999999977,0.20940847648689281,0.25390625,1
78.1999999999977,0.2163978080748118,0.3046875,1
78.2499999999977,0.21559699511091845,0.3046875,1
78.2999999999977,0.1869003959560192,0.32421875,1
78.34999999999769,0.18010967488303875,0.28125,1
78.39999999999769,0.1939123593303186,0.25,1
78.44999999999769,0.1835463898104371,0.13671875,1
78.49999999999768,0.18703050875114693,0.26953125,1
78.54999999999768,0.20090352311696455,0.30078125,1
78.59999999999768,0.22294940089247026,0.28125,1
78.64999999999768,0.2350748739129477,0.265625,1
78.69999999999767,0.21526921579723998,0.19921875,1
78.74999999999767,0.21167744915395792,0.21484375,1
78.79999999999767,0.20696264741066306,0.1328125,1
78.84999999999766,0.19814648607352414,0.13671875,1
78.89999999999766,0.19228732378511929,0.26171875,1
78.94999999999766,0.20371794340477695,0.36328125,1
78.99999999999766,0.21667054946300143,0.234375,1
79.04999999999765,0.21355463412708098,0.14453125,1
79.09999999999765,0.18996057286261045,0.26171875,1
79.14999999999765,0.14237045340861085,0.23046875,1
79.19999999999764,0.12008159164721564,0.1015625,1
79.24999999999764,0.11472485112475465,0.15234375,1
79.29999999999764,0.09639198850074288,0.16015625,1
79.34999999999764,0.12799955689739786,0.28515625,1
79.39999999999763,0.1493150232641697,0.203125,1
79.44999999999763,0.14238957684527478,0.18359375,1
79.49999999999763,0.15676066377556783,0.1953125,1
79.54999999999762,0.15478765100899725,0.140625,1
79.59999999999762,0.150028894033382,0.19921875,1
79.64999999999762,0.15329409845206823,0.28125,1
79.69999999999762,0.17036534185648478,0.28515625,1
79.74999999999761,0.19591804171260982,0.13671875,1
79.79999999999761,0.1978879542478372,0.14453125,1
79.8499999999976,0.17984841177387906,0.203125,1
79.8999999999976,0.16379512916543987,0.25,1
79.9499999999976,0.15611354163506402,0.16015625,1
79.9999999999976,0.14547351589045104,0.25,1
80.0499999999976,0.40091170816412935,0.2578125,1
80.09999999999759,0.3863464819641242,0.171875,1
80.14999999999759,0.3865838836254605,0.1953125,1
80.19999999999759,0.3862372631634097,0.25390625,1
80.24999999999758,0.3807354975994596,0.171875,1
80.29999999999758,0.3735501688730416,0.19140625,1
80.34999999999758,0.3556910788073981,0.2734375,1
80.39999999999758,0.3613970490164973,0.16015625,1
80.44999999999757,0.34492215892219164,0.21875,1
80.49999999999757,0.3507892763291365,0.3046875,1
80.54999999999757,0.3476614087881275,0.3125,1
80.59999999999756,0.34293892720721814,0.203125,1
80.64999999999756,0.33691947738084543,0.1796875,1
80.69999999999756,0.3096103418382878,0.43359375,1
80.74999999999756,0.2997135768665203,0.3046875,1
80.79999999999755,0.2935942072629923,0.1171875,1
80.84999999999755,0.2866974688071464,0.25390625,1
80.89999999999755,0.24447168276442208,0.15625,1
80.94999999999754,0.22875427246006913,0.29296875,1
80.99999999999754,0.22758506380640764,0.15234375,1
81.04999999999754,0.2076302737538703,0.32421875,1
81.09999999999754,0.218632922863794,0.24609375,1
81.14999999999753,0.21508195268463395,0.42578125,1
81.19999999999753,0.1910601338591904,0.19921875,1
81.24999999999753,0.17780479934158325,0.28515625,1
81.29999999999752,0.17041843734988335,0.12890625,1
81.34999999999752,0.1624816185849077,0.1640625,1
81.39999999999752,0.1677362044814402,0.21484375,1
81.44999999999752,0.16877334505838043,0.20703125,1
81.49999999999751,0.1681738154263239,0.26171875,1
81.54999999999751,0.16490199388073695,0.24609375,1
81.59999999999751,0.21050676540602417,0.30078125,1
81.6499999999975,0.23953788384641503,0.12109375,1
81.6999999999975,0.2327735641452913,0.34375,1
81.7499999999975,0.2190199346616269,0.21484375,1
81.7999999999975,0.21638753046652637,0.25,1
81.8499999999975,0.21661569077805276,0.24609375,1
81.89999999999749,0.21990094040413313,0.15234375,1
81.94999999999749,0.18715360383050447,0.12109375,1
81.99999999999748,0.1684185321441807,0.1328125,1
82.04999999999748,0.17253023429360437,0.203125,1
82.09999999999748,0.16812913077003894,0.1796875,1
82.14999999999748,0.1645263173869988,0.11328125,1
82.19999999999747,0.1933349201926996,0.19921875,1
82.24999999999747,0.16842721886907588,0.109375,1
82.29999999999747,0.14448090168932254,0.1640625,1
82.34999999999746,0.12551527405376992,0.12109375,1
82.39999999999746,0.11207817916149251,0.17578125,1
82.44999999999746,0.13585710939674248,0.1328125,1
82.49999999999746,0.13991923056110706,0.16796875,1
82.54999999999745,0.12568313133016984,0.25,1
82.59999999999745,0.15805323414645842,0.19140625,1
82.64999999999745,0.20827998194948785,0.16796875,1
82.69999999999744,0.24687667792383422,0.21484375,1
82.74999999999744,0.2380792204977442,0.203125,1
82.79999999999744,0.21275573927124894,0.33984375,1
82.84999999999744,0.1970258477857321,0.25,1
82.89999999999743,0.16498755068865614,0.2265625,1
82.94999999999743,0.16531289406067426,0.2109375,1
82.99999999999743,0.15482820757242877,0.15625,1
83.04999999999742,0.5044027212526421,0.3046875,1
83.09999999999742,0.49401158535382067,0.23046875,1
83.14999999999742,0.4850206975357753,0.3046875,1
83.19999999999742,0.47394171282915804,0.31640625,1
83.24999999999741,0.46437381089457275,0.125,1
83.29999999999741,0.45089745417083926,0.20703125,1
83.34999999999741,0.44015261644493875,0.25390625,1
83.3999999999974,0.4354823621203091,0.16796875,1
83.4499999999974,0.420493826350702,0.2109375,1
83.4999999999974,0.4101591222737942,0.3984375,1
83.5499999999974,0.40998059522751795,0.31640625,1
83.5999999999974,0.4185936611995546,0.31640625,1
83.64999999999739,0.40409513827687277,0.31640625,1
83.69999999999739,0.3882593185096972,0.31640625,0
83.74999999999739,0.3789739782382473,0.34765625,1
83.79999999999738,0.37027100666619933,0.34765625,1
83.84999999999738,0.3612976335461094,0.6875,1
83.89999999999738,0.3560569982441524,0.75,0
83.94999999999737,0.3517728306815214,0.75,0
83.99999999999737,0.34920375924395747,0.75,0
84.04999999999737,0.3463987126243065,0.75,0
84.09999999999737,0.34327886765640453,0.75,1
84.14999999999736,0.34637428441937207,0.75,1
84.19999999999736,0.3498263451741052,0.75,1
84.24999999999736,0.3537197499750761,0.75,0
84.29999999999735,0.35986340520500065,0.75,0
84.34999999999735,0.3630222265764447,0.75,0
84.39999999999735,0.3633142706835244,0.75,0
84.44999999999735,0.3575644219124899,0.75,0
84.49999999999734,0.3632936332277616,0.70703125,0
84.54999999999734,0.3571895550469537,0.7109375,0
84.59999999999734,0.35718758071862877,0.08984375,0
84.64999999999733,0.3311970196429232,0.21875,0
84.69999999999733,0.3035459761746062,0.296875,0
84.74999999999733,0.2687108004711142,0.3203125,0
84.79999999999733,0.2360066790577444,0.21484375,0
84.84999999999732,0.22591134427677298,0.2890625,0
84.89999999999732,0.21538469814302622,0.49609375,0
84.94999999999732,0.2334909766862313,0.1875,0
84.99999999999731,0.2449621999919589,0.1171875,0
85.04999999999731,0.23265148259684917,0.34765625,0
85.09999999999731,0.22746377953710062,0.28515625,0
85.1499999999973,0.2150743058663156,0.328125,0
85.1999999999973,0.21170665526627938,0.42578125,0
85.2499999999973,0.20424106194539876,0.19921875,0
85.2999999999973,0.21459223051762255,0.1171875,0
85.3499999999973,0.21994716092752556,0.2421875,0
85.39999999999729,0.1858095587555691,0.17578125,0
85.44999999999729,0.14172595746813269,0.15625,0
85.49999999999729,0.12717585678127366,0.1875,0
85.54999999999728,0.12229306464464641,0.15625,0
85.59999999999728,0.13035347390284938,0.2421875,0
85.64999999999728,0.10458640656903581,0.203125,0
85.69999999999727,0.10534230812738826,0.15625,0
85.74999999999727,0.10190240014965016,0.203125,0
85.79999999999727,0.10399239061078384,0.15625,0
85.84999999999727,0.10734028792898985,0.18359375,0
85.89999999999726,0.11853979750846612,0.203125,0
85.94999999999726,0.13900445353760393,0.1484375,0
85.99999999999726,0.15492057773469758,0.19921875,0
86.04999999999725,0.46455776841771185,0.34765625,0
86.09999999999725,0.46040687277460146,0.3046875,0
86.14999999999725,0.45170396522461326,0.30859375,0
86.19999999999725,0.4450662521909673,0.328125,0
86.24999999999724,0.42450445006633125,0.30859375,0
86.29999999999724,0.39358334873809214,0.1796875,0
86.34999999999724,0.3649745202599053,0.3984375,0
86.39999999999723,0.3348786084274229,0.1875,0
86.44999999999723,0.32659778311587034,0.18359375,0
86.49999999999723,0.31916562036422935,0.3046875,0
86.54999999999723,0.30300373170176165,0.25,0
86.59999999999722,0.28013993072808974,0.13671875,0
86.64999999999722,0.2553292511816988,0.2578125,0
86.69999999999722,0.2337767838479798,0.19921875,0
86.74999999999721,0.24082081345401427,0.35546875,0
86.79999999999721,0.22173091322925703,0.2890625,0
86.84999999999721,0.21886257515501073,0.24609375,0
86.8999999999972,0.22589472761775956,0.203125,0
86.9499999999972,0.22943966275652647,0.15234375,0
86.9999999999972,0.22427467645638424,0.2265625,0
87.0499999999972,0.19546832978089607,0.1328125,0
87.0999999999972,0.19665534377135582,0.11328125,0
87.14999999999719,0.16173303752276266,0.32421875,0
87.19999999999719,0.14785777985150883,0.140625,0
87.24999999999719,0.13306527917294017,0.14453125,0
87.29999999999718,0.13716416334171927,0.140625,0
87.34999999999718,0.12940940882278235,0.23046875,0
87.39999999999718,0.12977778656460212,0.265625,0
87.44999999999717,0.14835151952622003,0.265625,0
87.49999999999717,0.1787617485237645,0.28125,0
87.54999999999717,0.15740871906261458,0.2890625,0
87.59999999999717,0.16399018076663044,0.09765625,0
87.64999999999716,0.17286332400278231,0.23828125,0
87.69999999999716,0.15507626763803936,0.41015625,0
87.74999999999716,0.12604831097890629,0.28515625,0
87.79999999999715,0.1549827546851677,0.20703125,0
87.84999999999715,0.16754419143902452,0.13671875,0
87.89999999999715,0.18274249180613597,0.1328125,0
87.94999999999715,0.5710190611930146,0.1875,0
87.99999999999714,0.5566825585984828,0.1953125,0
88.04999999999714,0.5452120798236199,0.3515625,0
88.09999999999714,0.5233489841993332,0.12890625,0
88.14999999999714,0.4900494096409687,0.28125,0
88.19999999999713,0.4719395960506192,0.2109375,0
88.24999999999713,0.4549808824160271,0.25,0
88.29999999999713,0.4494347217878501,0.14453125,0
88.34999999999712,0.42576250107854324,0.20703125,0
88.39999999999712,0.4207344491657644,0.35546875,0
88.44999999999712,0.42464553623343765,0.05078125,0
88.49999999999712,0.40933665371700717,0.16796875,0
88.54999999999711,0.41260920828256786,0.30078125,0
88.59999999999711,0.4120930842549433,0.35546875,0
88.6499999999971,0.38673297877526847,0.25390625,0
88.6999999999971,0.39379854581517004,0.25,0
88.7499999999971,0.40375532654286395,0.2421875,0
88.7999999999971,0.467234869996297,0.1953125,0
88.8499999999971,0.47060467419390417,0.21484375,0
88.89999999999709,0.4650492657726997,0.35546875,0
88.94999999999709,0.5257951855386325,0.35546875,0
88.99999999999709,0.4902426740394878,0.3046875,0
89.04999999999708,0.41614281419979865,0.29296875,0
89.09999999999708,0.38337160804215603,0.40625,0
89.14999999999708,0.34922460876676265,0.37109375,0
89.19999999999708,0.2809201576437902,0.265625,0
89.24999999999707,0.29408696638652604,0.34375,0
89.29999999999707,0.29881219936369297,0.16015625,0
89.34999999999707,0.2861346311667692,0.3046875,0
89.39999999999706,0.2764404655351414,0.08984375,0
89.44999999999706,0.2595271880025703,0.12109375,0
89.49999999999706,0.28254973894245616,0.2265625,0
89.54999999999706,0.31411298940674304,0.234375,0
89.59999999999705,0.30625896566135263,0.17578125,0
89.64999999999705,0.32175707881226046,0.21875,0
89.69999999999705,0.287236334706926,0.2578125,0
89.74999999999704,0.23258696347879576,0.26171875,0
89.79999999999704,0.20139227743389057,0.171875,0
89.84999999999704,0.30337297749780057,0.26171875,0
89.89999999999704,0.9999999368983625,0.28515625,0
89.94999999999703,0.9999997263318581,0.21875,0
89.99999999999703,0.9999999529806354,0.1640625,0
90.04999999999703,0.5415983006804784,0.28125,0
90.09999999999702,0.5733949367440125,0.3984375,0
90.14999999999702,0.5382670836871885,0.2109375,0
90.19999999999702,0.5863307070801779,0.26953125,0
90.24999999999702,0.5182922368188275,0.0859375,0
90.29999999999701,0.4861617388540571,0.26171875,0
90.34999999999701,0.46427212067702106,0.125,0
90.39999999999701,0.4365159670667981,0.13671875,0
90.449999999997,0.45780699133414027,0.21484375,0
90.499999999997,0.5459996137266011,0.22265625,0
90.549999999997,0.4415066493671323,0.3359375,0
90.599999999997,0.5205022439791259,0.19921875,0
90.649999999997,0.4330721517523175,0.07421875,0
90.69999999999699,0.49093177374696567,0.21484375,0
90.74999999999699,0.4165151659530108,0.140625,0
90.79999999999698,0.41020732434795765,0.26953125,0
90.84999999999698,0.39833013555661595,0.3359375,0
90.89999999999698,0.39035538013848237,0.203125,0
90.94999999999698,0.34546251129586697,0.21875,0
90.99999999999697,0.33513311505047283,0.203125,0
91.04999999999697,0.37444873263031553,0.125,0
91.09999999999697,0.3287984200084372,0.140625,0
91.14999999999696,0.2950950219613538,0.23046875,0
91.19999999999696,0.3240630001187981,0.296875,0
91.24999999999696,0.29003397080783405,0.2421875,0
91.29999999999696,0.31118011997578654,0.234375,0
91.34999999999695,0.23825636335190292,0.25,0
91.39999999999695,0.2624043001960522,0.21875,0
91.44999999999695,0.25201349066744777,0.3984375,0
91.49999999999694,0.24838540169347575,0.27734375,0
91.54999999999694,0.2771001688751665,0.19921875,0
91.59999999999694,0.9999999539633185,0.17578125,0
91.64999999999694,0.9999999375542654,0.13671875,0
91.69999999999693,0.9999999302237967,0.18359375,0
91.74999999999693,0.9999999236159253,0.22265625,0
91.79999999999693,0.11930372663893762,0.3203125,0
91.84999999999692,0.17538052274696148,0.22265625,0
91.89999999999692,0.15716073916817522,0.2265625,0
91.94999999999692,0.11643206207032425,0.13671875,0
91.99999999999692,0.20160559306770595,0.234375,0
92.04999999999691,0.22659206344446378,0.21484375,0
92.09999999999691,0.2529261976752307,0.2265625,0
92.14999999999691,0.21869018826654346,0.09765625,0
92.1999999999969,0.1739370170537914,0.125,0
92.2499999999969,0.1790135081559392,0.21484375,0
92.2999999999969,0.25057635227589675,0.26953125,0
92.3499999999969,0.23953635799518858,0.13671875,0
92.3999999999969,0.31956696478564023,0.140625,0
92.44999999999689,0.9999999729536626,0.12890625,0
92.49999999999689,0.28812954819574327,0.2890625,0
92.54999999999688,0.26364211398002063,0.265625,0
92.59999999999688,0.22028540967917912,0.3046875,0
92.64999999999688,0.23618227489778243,0.21484375,0
92.69999999999688,0.9999999999996398,0.1328125,0
92.74999999999687,0.26230317490195826,0.1796875,0
92.79999999999687,0.26745082233853923,0.26171875,0
92.84999999999687,0.23341938395132752,0.28515625,0
92.89999999999687,0.2652635515715562,0.2265625,0
92.94999999999686,0.26523043955105113,0.1875,0
92.99999999999686,0.19516339496829915,0.25,0
93.04999999999686,0.3057157963783944,0.2421875,0
93.09999999999685,0.9999999999999291,0.1640625,0
93.14999999999685,0.9999999999999241,0.1875,0
93.19999999999685,0.21989437172382464,0.2734375,0
93.24999999999685,0.30971912194952883,0.21875,0
93.29999999999684,0.4826446936064686,0.15625,0
93.34999999999684,0.1744368230524059,0.2109375,0
93.39999999999684,0.26324834790773505,0.1328125,0
93.44999999999683,0.17346095038718742,0.13671875,0
93.49999999999683,0.2125603483040725,0.29296875,0
93.54999999999683,0.21785858668061384,0.25390625,0
93.59999999999683,0.20910960880451418,0.17578125,0
93.64999999999682,0.19244521104361761,0.2265625,0
93.69999999999682,0.26078663698358645,0.13671875,0
93.74999999999682,0.2585580690605876,0.33984375,0
93.79999999999681,0.23091670840989728,0.30078125,0
93.84999999999681,0.25095581665948413,0.29296875,0
93.89999999999681,0.24614400688306393,0.21875,0
93.9499999999968,0.23994651584029178,0.28125,0
93.9999999999968,0.9999999999999823,0.23046875,0
94.0499999999968,0.9999999999999981,0.36328125,0
94.0999999999968,0.73276170512258,0.3203125,0
94.1499999999968,0.755609122217263,0.39453125,0
94.19999999999679,0.7697051418642908,0.328125,1
94.24999999999679,0.7622336613384363,0.2421875,1
94.29999999999679,0.7562561729447799,0.36328125,1
94.34999999999678,0.7501734524182635,0.25,1
94.39999999999678,0.9999999999999996,0.3203125,1
94.44999999999678,0.6709135938456843,0.33203125,1
94.49999999999677,0.6766098189214022,0.30078125,1
94.54999999999677,0.6756091036489308,0.30859375,1
94.59999999999677,0.6659691908530736,0.45703125,1
94.64999999999677,0.6542886942966274,0.27734375,1
94.69999999999676,0.6556111709924717,0.328125,1
94.74999999999676,0.6208069017293069,0.23828125,1
94.79999999999676,0.5999165114256887,0.375,1
94.84999999999675,0.6073360672765705,0.375,1
94.89999999999675,0.8155055460283551,0.375,1
94.94999999999675,0.855000911704668,0.375,1
94.99999999999675,0.9004758923994755,0.375,1
95.04999999999674,0.9679715658547436,0.484375,1
95.09999999999674,0.9714710062258346,0.484375,1
95.14999999999674,0.9999999999999915,0.4609375,0
95.19999999999673,0.999999999999991,0.4609375,0
95.24999999999673,0.9999999999999906,0.2734375,0
95.29999999999673,0.7022551279487639,0.2734375,1
95.34999999999673,0.6627001889570562,0.2734375,1
95.39999999999672,0.6482856143761211,0.2734375,1
95.44999999999672,0.6647203630977546,0.2734375,1
95.49999999999672,0.9999999923050029,0.2734375,1
95.54999999999671,0.9999999917066656,0.2734375,1
95.59999999999671,0.9999999955420441,0.2734375,1
95.64999999999671,0.9999999950449578,0.2734375,1
95.6999999999967,0.9999999945017373,0.2734375,1
95.7499999999967,0.9999999999999891,0.2734375,1
95.7999999999967,0.9999999999999877,0.2734375,1
95.8499999999967,0.9999999921456486,0.2734375,1
95.8999999999967,0.9999999911275557,0.2734375,1
95.94999999999669,0.9999999902161855,0.2734375,1
95.99999999999669,0.9999999999999809,0.2734375,0
96.04999999999669,0.9999999884165107,0.3046875,0
96.09999999999668,0.99999998741654,0.328125,0
96.14999999999668,0.9999999862397273,0.703125,0
96.19999999999668,0.9999999712687823,0.703125,0
96.24999999999667,0.9999999700684801,0.66796875,0
96.29999999999667,0.9999999672058025,0.671875,0
96.34999999999667,0.9999999628190307,0.28515625,0
96.39999999999667,0.9999999582268967,0.28125,0
96.44999999999666,0.28522711718847893,0.296875,0
96.49999999999666,0.3417893984756777,0.28125,0
96.54999999999666,0.9999999192946183,0.29296875,0
96.59999999999665,0.204746899620919,0.2890625,0
96.64999999999665,0.22123231569337373,0.21875,0
96.69999999999665,0.1688813717776327,0.20703125,0
96.74999999999665,0.17437429352815592,0.19140625,0
96.79999999999664,0.4237279287260468,0.23046875,0
96.84999999999664,0.9999998310784066,0.1640625,0
96.89999999999664,0.22037104463720253,0.19140625,0
96.94999999999663,0.15567573451365024,0.203125,0
96.99999999999663,0.1607355483932762,0.19921875,0
97.04999999999663,0.24331230448886812,0.23828125,0
97.09999999999663,0.22443527153346632,0.23828125,0
97.14999999999662,0.524240569282096,0.26953125,0
97.19999999999662,0.2784627234281096,0.23828125,0
97.24999999999662,0.2634633180427748,0.3515625,0
97.29999999999661,0.3016438978801796,0.16015625,0
97.34999999999661,0.3188416576945498,0.19921875,0
97.39999999999661,0.25060038713424054,0.25,0
97.4499999999966,0.24745369763156103,0.3125,0
97.4999999999966,0.257167188763279,0.30859375,0
97.5499999999966,0.2660238135125155,0.16015625,0
97.5999999999966,0.999999947132835,0.19921875,0
97.6499999999966,0.28640225887301446,0.19140625,0
97.69999999999659,0.3321150472637659,0.1953125,0
97.74999999999659,0.30803891948626005,0.21484375,0
97.79999999999659,0.23709589200099995,0.16796875,0
97.84999999999658,0.22438344268976304,0.28125,0
97.89999999999658,0.21884271120381477,0.296875,0
97.94999999999658,0.10499766894867811,0.203125,0
97.99999999999658,0.23375577387749427,0.22265625,0
98.04999999999657,0.6560600557321383,0.28515625,0
98.09999999999657,0.6631766396711168,0.25390625,0
98.14999999999657,0.6425764511010033,0.3203125,0
98.19999999999656,0.5981718360218894,0.2265625,0
98.24999999999656,0.5913790996965212,0.3359375,0
98.29999999999656,0.5846401349629525,0.15234375,0
98.34999999999656,0.6220234782115758,0.28125,0
98.39999999999655,0.9999999681409604,0.234375,0
98.44999999999655,0.5552873604826357,0.37890625,0
98.49999999999655,0.5219249858513346,0.32421875,0
98.54999999999654,0.49622442779089443,0.2890625,0
98.59999999999654,0.4895747720851704,0.1796875,0
98.64999999999654,0.4837850699665715,0.3359375,0
98.69999999999654,0.4513431380562185,0.1875,0
98.74999999999653,0.4295130253330915,0.2265625,0
98.79999999999653,0.3874669062307853,0.1796875,0
98.84999999999653,0.37421162907925337,0.140625,0
98.89999999999652,0.9999999568362362,0.28515625,0
98.94999999999652,0.9999998491893666,0.21875,0
98.99999999999652,0.28696505902936825,0.22265625,0
99.04999999999652,0.5749976862899137,0.25390625,0
99.09999999999651,0.582766420344326,0.18359375,0
99.14999999999651,0.5588279295934905,0.3828125,0
99.1999999999965,0.5196430029459856,0.24609375,0
99.2499999999965,0.5007777453765243,0.23046875,0
99.2999999999965,0.6070510855707884,0.26171875,0
99.3499999999965,0.5007071576219821,0.26953125,0
99.3999999999965,0.4800442295691489,0.2578125,0
99.44999999999649,0.4993759906583301,0.13671875,0
99.49999999999649,0.43090067916264185,0.20703125,0
99.54999999999649,0.3848244675272104,0.29296875,0
99.59999999999648,0.3511990920875828,0.18359375,0
99.64999999999648,0.33406171634292947,0.1796875,0
99.69999999999648,0.29355350394563756,0.26953125,0
99.74999999999648,0.2645849199951188,0.35546875,0
99.79999999999647,0.27984506552776073,0.234375,0
99.84999999999647,0.27412637277710683,0.18359375,0
99.89999999999647,0.2537946365129448,0.125,0
99.94999999999646,0.2291451660923502,0.26953125,0
99.99999999999646,0.15951921441899336,0.20703125,0
100.04999999999646,0.20454184547640078,0.265625,0
100.09999999999646,0.23124753875315643,0.28125,0
100.14999999999645,0.2781560185815698,0.21484375,0
100.19999999999645,0.2747491330622114,0.28125,0
100.24999999999645,0.286639376590622,0.34375,0
100.29999999999644,0.1806879887975964,0.33984375,0
100.34999999999644,0.27909809954094233,0.24609375,0
100.39999999999644,0.9999998518529513,0.30078125,0
100.44999999999644,0.28894304901303836,0.40625,0
100.49999999999643,0.37968824632778314,0.32421875,0
100.54999999999643,0.3685275953251054,0.1953125,0
100.59999999999643,0.3679423045497219,0.1015625,0
100.64999999999642,0.3609606900095835,0.1484375,0
100.69999999999642,0.3549254738560464,0.15234375,0
100.74999999999642,0.33966851232741646,0.25390625,0
100.79999999999642,0.3196827914720705,0.2578125,0
100.84999999999641,0.29994005992472905,0.328125,0
100.89999999999641,0.27982211261862056,0.31640625,0
100.94999999999641,0.25993390119950294,0.25390625,0
100.9999999999964,0.24024734636483752,0.32421875,0
101.0499999999964,0.2203434427302526,0.3046875,0
101.0999999999964,0.22326583319922916,0.21875,0
101.1499999999964,0.2244579011886067,0.14453125,0
101.1999999999964,0.23924717426437903,0.2578125,0
101.24999999999639,0.21626431647620342,0.140625,0
101.29999999999639,0.20676657601208917,0.25,0
101.34999999999638,0.19119473314790641,0.17578125,0
101.39999999999638,0.19386588493618961,0.16015625,0
101.44999999999638,0.17598048207655248,0.1484375,0
101.49999999999638,0.16408677376327263,0.09375,0
101.54999999999637,0.1494341809283899,0.19140625,0
101.59999999999637,0.15881923324874764,0.24609375,0
101.64999999999637,0.18505283594392646,0.19921875,0
101.69999999999636,0.1643419623728077,0.20703125,0
101.74999999999636,0.18758489407499218,0.15625,0
101.79999999999636,0.174103112441582,0.296875,0
101.84999999999636,0.17289934959808034,0.23046875,0
101.89999999999635,0.18698124607687078,0.21484375,0
101.94999999999635,0.2119895408996482,0.30859375,0
101.99999999999635,0.21027407943422202,0.29296875,0
102.04999999999634,0.22704734314689917,0.25,0
102.09999999999634,0.20496630915412173,0.296875,0
102.14999999999634,0.2047666893269903,0.31640625,0
102.19999999999634,0.20623859128405797,0.140625,0
102.24999999999633,0.187457484722721,0.37890625,0
102.29999999999633,0.17535987619447077,0.33984375,0
102.34999999999633,0.17992878772616905,0.38671875,0
102.39999999999633,0.1883418858969756,0.08203125,0
102.44999999999632,0.1508321782498211,0.125,0
102.49999999999632,0.14181743658986418,0.1875,0
102.54999999999632,0.139056483519721,0.25,0
102.59999999999631,0.1340311512231195,0.18359375,0
102.64999999999631,0.156217275464969,0.26953125,0
102.69999999999631,0.17181233078696928,0.12890625,0
102.7499999999963,0.16592083892097098,0.08203125,0
102.7999999999963,0.14575054815173744,0.06640625,0
102.8499999999963,0.1369651287556146,0.046875,0
102.8999999999963,0.15118479910071028,0.38671875,0
102.9499999999963,0.1631847596203701,0.40625,0
102.99999999999629,0.16956286544956897,0.1484375,0
103.04999999999629,0.18184240407545982,0.21875,0
103.09999999999629,0.15779072579491724,0.18359375,0
103.14999999999628,0.17974590810484853,0.13671875,0
103.19999999999628,0.19707669135344744,0.15234375,0
103.24999999999628,0.20785729671428296,0.14453125,0
103.29999999999627,0.20244028668828845,0.25390625,0
103.34999999999627,0.19189372064781923,0.21484375,0
103.39999999999627,0.14830238224801107,0.390625,0
103.44999999999627,0.15729197624823998,0.203125,0
103.49999999999626,0.16388904995707265,0.23046875,0
103.54999999999626,0.14239981719884354,0.1796875,0
103.59999999999626,0.17355687503007322,0.29296875,0
103.64999999999625,0.19182272737218314,0.2265625,0
103.69999999999625,0.18908338379327388,0.19921875,0
103.74999999999625,0.1818412736340496,0.5234375,0
103.79999999999625,0.16724614001528176,0.1015625,0
103.84999999999624,0.16013850058547333,0.30859375,0
103.89999999999624,0.1999993102669081,0.18359375,0
103.94999999999624,0.2272486529366656,0.375,0
103.99999999999623,0.22722087835703528,0.12109375,0
104.04999999999623,0.2211434852236644,0.30859375,0
104.09999999999623,0.21306303526642792,0.23828125,0
104.14999999999623,0.177953828039432,0.1796875,0
104.19999999999622,0.17572828073177216,0.2265625,0
104.24999999999622,0.15928771445485634,0.26171875,0
104.29999999999622,0.15672490466969952,0.22265625,0
104.34999999999621,0.16284430658834745,0.28125,0
104.39999999999621,0.16047212374128703,0.24609375,0
104.44999999999621,0.15001921276114588,0.1015625,0
104.4999999999962,0.1544036157303396,0.28125,0
104.5499999999962,0.16098499161663943,0.26953125,0
104.5999999999962,0.16764400154585649,0.1328125,0
104.6499999999962,0.17647298585495025,0.18359375,0
104.6999999999962,0.1715812859842258,0.13671875,0
104.74999999999619,0.1554538396269165,0.2265625,0
104.79999999999619,0.16147958828528655,0.19140625,0
104.84999999999619,0.16163841807798807,0.08203125,0
104.89999999999618,0.16095186856791016,0.28125,0
104.94999999999618,0.14694239999156058,0.05859375,0
104.99999999999618,0.15100347624163485,0.1640625,0
105.04999999999617,0.14144951096778907,0.15234375,0
105.09999999999617,0.15429430247181944,0.1953125,0
105.14999999999617,0.17263534155757546,0.2265625,0
105.19999999999617,0.2056115268218796,0.19921875,0
105.24999999999616,0.21555095034734728,0.16796875,0
105.29999999999616,0.21594621339411965,0.28125,0
105.34999999999616,0.21847384702389633,0.19921875,0
105.39999999999615,0.22091105266927236,0.26953125,0
105.44999999999615,0.2191428523064485,0.1328125,0
105.49999999999615,0.20768061192637932,0.2890625,0
105.54999999999615,0.1953453664983599,0.19140625,0
105.59999999999614,0.18519845426313344,0.23046875,0
105.64999999999614,0.15732287305329734,0.20703125,0
105.69999999999614,0.16322819909123532,0.31640625,0
105.74999999999613,0.15673083176233893,0.1640625,0
105.79999999999613,0.14904710199358742,0.20703125,0
105.84999999999613,0.1529224490731787,0.19140625,0
105.89999999999613,0.17582044141766584,0.4140625,0
105.94999999999612,0.17548443732330984,0.28515625,0
105.99999999999612,0.18808624728781032,0.3359375,0
106.04999999999612,0.18984764774666008,0.1328125,0
106.09999999999611,0.17656743286260682,0.17578125,0
106.14999999999611,0.1713164757266231,0.09375,0
106.19999999999611,0.1411822015762801,0.109375,0
106.2499999999961,0.12833636992810418,0.1796875,0
106.2999999999961,0.13624555993545848,0.23046875,0
106.3499999999961,0.13760237515684776,0.23828125,0
106.3999999999961,0.1593705159762627,0.1328125,0
106.4499999999961,0.1627866636226821,0.2265625,0
106.49999999999609,0.1637586795678256,0.1015625,0
106.54999999999609,0.14596986228895215,0.19921875,0
106.59999999999609,0.13296158698984045,0.22265625,0
106.64999999999608,0.10430672834339619,0.1796875,0
106.69999999999608,0.1093035830853656,0.23828125,0
106.74999999999608,0.13557031672729383,0.24609375,0
106.79999999999607,0.14928177900166506,0.08203125,0
106.84999999999607,0.14452081014813886,0.30859375,0
106.89999999999607,0.13855888395369204,0.1796875,0
106.94999999999607,0.12230428906789059,0.19921875,0
106.99999999999606,0.13997328807331516,0.1328125,0
107.04999999999606,0.18345403633721066,0.22265625,0
107.09999999999606,0.21008514176980989,0.3046875,0
107.14999999999606,0.22318618310587862,0.203125,0
107.19999999999605,0.21294684563467256,0.2109375,0
107.24999999999605,0.21598714583251902,0.16015625,0
107.29999999999605,0.20199344720749918,0.19921875,0
107.34999999999604,0.21391736879281645,0.16796875,0
107.39999999999604,0.21254473064837953,0.2578125,0
107.44999999999604,0.22532661780640859,0.1328125,0
107.49999999999604,0.241318444565154,0.29296875,0
107.54999999999603,0.2275587279396944,0.20703125,0
107.59999999999603,0.2508876032280201,0.1953125,0
107.64999999999603,0.24416569297625407,0.19921875,0
107.69999999999602,0.22686905091712734,0.16015625,0
107.74999999999602,0.20251992129592866,0.12890625,0
107.79999999999602,0.17558333684665792,0.1953125,0
107.84999999999602,0.17435166801208724,0.19140625,0
107.89999999999601,0.15460725154120492,0.16015625,0
107.94999999999601,0.14374216547836627,0.23828125,0
107.999999999996,0.1489266180187813,0.15625,0
108.049999999996,0.1306645569818559,0.265625,0
108.099999999996,0.11932104301192109,0.24609375,0
108.149999999996,0.0958959108953128,0.1875,0
108.199999999996,0.11194111233409651,0.20703125,0
108.24999999999599,0.14392175683260688,0.28125,0
108.29999999999599,0.1581062125727708,0.2265625,0
108.34999999999599,0.1775746661100657,0.1953125,0
108.39999999999598,0.15328749026902672,0.17578125,0
108.44999999999598,0.14707202158772817,0.1875,0
108.49999999999598,0.14952506057940548,0.2265625,0
108.54999999999598,0.17778328568863994,0.19140625,0
108.59999999999597,0.16947844954796745,0.2890625,0
108.64999999999597,0.1905213482682037,0.1640625,0
108.69999999999597,0.16894208280904324,0.17578125,0
108.74999999999596,0.17155635688687765,0.26171875,0
108.79999999999596,0.17560613765215527,0.23046875,0
108.84999999999596,0.18737321706360072,0.2890625,0
108.89999999999596,0.1759247062191889,0.234375,0
108.94999999999595,0.15048978451523778,0.15625,0
108.99999999999595,0.14949732697058185,0.18359375,0
109.04999999999595,0.6083608477685101,0.4296875,0
109.09999999999594,0.6008946247699097,0.296875,0
109.14999999999594,0.5947943662898583,0.3203125,0
109.19999999999594,0.5907569197397933,0.37109375,0
109.24999999999594,0.5746740922882104,0.3359375,0
109.29999999999593,0.5653549743633498,0.26953125,0
109.34999999999593,0.5582383673231759,0.2578125,0
109.39999999999593,0.5499394490199772,0.21484375,0
109.44999999999592,0.5331026354641366,0.1875,0
109.49999999999592,0.5248485190828428,0.19921875,0
109.54999999999592,0.5135506758464004,0.1875,0
109.59999999999592,0.5006999597095291,0.1953125,0
109.64999999999591,0.48510045354597914,0.203125,0
109.69999999999591,0.4741868457581692,0.2734375,0
109.74999999999591,0.4488700718023489,0.1640625,0
109.7999999999959,0.43773972730859356,0.2734375,0
109.8499999999959,0.4111045847805566,0.2421875,0
109.8999999999959,0.40016439690169747,0.3515625,0
109.9499999999959,0.3750679041271543,0.28515625,0
109.9999999999959,0.3653549426423008,0.2734375,0
110.04999999999589,0.37340973725695986,0.265625,0
110.09999999999589,0.3694609592477807,0.15234375,0
110.14999999999588,0.3491725246239685,0.15625,0
110.19999999999588,0.32899406261032266,0.234375,0
110.24999999999588,0.3053412575858951,0.19140625,0
110.29999999999588,0.2861285399171761,0.17578125,0
110.34999999999587,0.2585901248552047,0.16015625,0
110.39999999999587,0.23557492673222963,0.328125,0
110.44999999999587,0.18779353890855746,0.20703125,0
110.49999999999586,0.18271779024553533,0.328125,0
110.54999999999586,0.1593387609922283,0.36328125,0
110.59999999999586,0.14345213604782783,0.33203125,0
110.64999999999586,0.1179417296716299,0.2265625,0
110.69999999999585,0.11449234267755262,0.30859375,0
110.74999999999585,0.1258745363861666,0.203125,0
110.79999999999585,0.14292933079938822,0.21875,0
110.84999999999584,0.1462453779001011,0.15625,0
110.89999999999584,0.15765433668572698,0.2109375,0
110.94999999999584,0.17626406322647617,0.25,0
110.99999999999584,0.15204525616410267,0.19140625,0
111.04999999999583,0.13892440135317066,0.34375,0
111.09999999999583,0.15481704400211224,0.1953125,0
111.14999999999583,0.14956907309932901,0.1640625,0
111.19999999999582,0.1410440062012559,0.2265625,0
111.24999999999582,0.13939195327410153,0.1875,0
111.29999999999582,0.15610091028151635,0.203125,0
111.34999999999582,0.14810563463510254,0.15625,0
111.39999999999581,0.144920589450093,0.3125,0
111.44999999999581,0.14474449283837218,0.203125,0
111.49999999999581,0.17076472458588896,0.3359375,0
111.5499999999958,0.1748315790942254,0.21484375,0
111.5999999999958,0.18384417447429335,0.234375,0
111.6499999999958,0.1932211864562477,0.203125,0
111.6999999999958,0.1966883938538127,0.19921875,0
111.7499999999958,0.19106072137200897,0.15234375,0
111.79999999999579,0.17813935536584877,0.2421875,0
111.84999999999579,0.15680934496643997,0.234375,0
111.89999999999579,0.1729040292439068,0.17578125,0
111.94999999999578,0.18875522282481844,0.16015625,0
111.99999999999578,0.2050741378934431,0.19921875,0
112.04999999999578,0.41729910215895477,0.34375,0
112.09999999999577,0.400419153544228,0.359375,0
112.14999999999577,0.38356568010425446,0.38671875,0
112.19999999999577,0.34947868411160427,0.359375,0
112.24999999999577,0.34086962963208156,0.31640625,0
112.29999999999576,0.33369583483865883,0.26953125,0
112.34999999999576,0.33184816193857714,0.2109375,0
112.39999999999576,0.2990681453541199,0.2109375,0
112.44999999999575,0.2873416757837381,0.19921875,0
112.49999999999575,0.28545526870694593,0.265625,0
112.54999999999575,0.27801667803261637,0.14453125,0
112.59999999999575,0.24779165073834694,0.2265625,0
112.64999999999574,0.22940258605156938,0.23828125,0
112.69999999999574,0.23261750123272693,0.2578125,0
112.74999999999574,0.2227080980492129,0.13671875,0
112.79999999999573,0.21451724809186662,0.09375,0
112.84999999999573,0.18871144472924772,0.203125,0
112.89999999999573,0.14449442589888747,0.27734375,0
112.94999999999573,0.1363405964502015,0.17578125,0
112.99999999999572,0.12818294695837992,0.1640625,0
113.04999999999572,0.6000117806212873,0.265625,0
113.09999999999572,0.5691703594378439,0.16796875,0
113.14999999999571,0.5377085617452019,0.3515625,0
113.19999999999571,0.5019223235530214,0.2265625,0
113.24999999999571,0.46417698400624335,0.25390625,0
113.2999999999957,0.4264189825470111,0.234375,0
113.3499999999957,0.41189214577585803,0.11328125,0
113.3999999999957,0.3957719616912126,0.32421875,0
113.4499999999957,0.3976372162444243,0.3203125,0
113.4999999999957,0.3933087616157646,0.09375,0
113.54999999999569,0.3913064352378082,0.26953125,0
113.59999999999569,0.4311183163594739,0.25390625,0
113.64999999999569,0.4098822118635302,0.21875,0
113.69999999999568,0.412257938062669,0.17578125,0
113.74999999999568,0.422485274431688,0.21484375,0
113.79999999999568,0.45072876356439884,0.26171875,0
113.84999999999567,0.4822752369899407,0.375,0
113.89999999999567,0.530064882182036,0.2890625,0
113.94999999999567,0.47463444497912194,0.421875,0
113.99999999999567,0.4626667082951572,0.09765625,0
114.04999999999566,0.38256354234682255,0.2734375,0
114.09999999999566,0.3769822319331621,0.24609375,0
114.14999999999566,0.3572344993802065,0.27734375,0
114.19999999999565,0.3617567406351703,0.1484375,0
114.24999999999565,0.3978997207284211,0.171875,0
114.29999999999565,0.5860042022990924,0.21484375,0
114.34999999999565,0.3119086067621018,0.30078125,0
114.39999999999564,0.3345851050599383,0.22265625,0
114.44999999999564,0.31127224560833383,0.22265625,0
114.49999999999564,0.27792155820889636,0.1328125,0
114.54999999999563,0.2676092663932077,0.234375,0
114.59999999999563,0.26230677920137824,0.34375,0
114.64999999999563,0.3179884881934512,0.16796875,0
114.69999999999563,0.21667450524753726,0.16015625,0
114.74999999999562,0.15404723260702805,0.17578125,0
114.79999999999562,0.13991042805623208,0.3046875,0
114.84999999999562,0.24445485675672873,0.23046875,0
114.89999999999561,0.4061314434058358,0.1484375,0
114.94999999999561,0.18410949330204038,0.20703125,0
114.99999999999561,0.9999995640199475,0.4296875,0
115.0499999999956,0.9999998585883882,0.1796875,0
115.0999999999956,0.9999998831328051,0.21875,0
115.1499999999956,0.2880988208330104,0.17578125,0
115.1999999999956,0.2712485271383632,0.2265625,0
115.2499999999956,0.24321799007964512,0.2578125,0
115.29999999999559,0.25596765148007217,0.359375,0
115.34999999999559,0.4332696820819828,0.16796875,0
115.39999999999559,0.9999999546942764,0.2734375,0
115.44999999999558,0.9999999507243594,0.31640625,0
115.49999999999558,0.30937302552654633,0.125,0
115.54999999999558,0.27341618174184457,0.125,0
115.59999999999557,0.24921049046437296,0.359375,0
115.64999999999557,0.22555319864368714,0.2890625,0
115.69999999999557,0.3100397496888046,0.21875,0
115.74999999999557,0.25110701943978414,0.1953125,0
115.79999999999556,0.19749079207594566,0.265625,0
115.84999999999556,0.1519257562014273,0.171875,0
115.89999999999556,0.14149516576017448,0.359375,0
115.94999999999555,0.1586588173786596,0.265625,0
115.99999999999555,0.18258627564007981,0.26171875,0
116.04999999999555,0.13001222506273957,0.25,0
116.09999999999555,0.15732117160336567,0.1796875,0
116.14999999999554,0.1867928942255615,0.10546875,0
116.19999999999554,0.179799497534369,0.1171875,0
116.24999999999554,0.12396654959055617,0.16796875,0
116.29999999999553,0.12463855659904416,0.265625,0
116.34999999999553,0.19816094436618342,0.11328125,0
116.39999999999553,0.1836764261086371,0.2109375,0
116.44999999999553,0.21093703866973357,0.1640625,0
116.49999999999552,0.22576496311272862,0.375,0
116.54999999999552,0.21332925325139357,0.1875,0
116.59999999999552,0.17698057280345839,0.21484375,0
116.64999999999552,0.18928695405096568,0.23046875,0
116.69999999999551,0.22614150116455384,0.27734375,0
116.74999999999551,0.291090113977022,0.26953125,0
116.7999999999955,0.2553053303472041,0.15234375,0
116.8499999999955,0.24987009565412016,0.28515625,0
116.8999999999955,0.24526614522401075,0.265625,0
116.9499999999955,0.1712682359259745,0.36328125,0
116.9999999999955,0.22030333406409286,0.23828125,0
117.04999999999549,0.69017129201237,0.38671875,0
117.09999999999549,0.9999999866492257,0.2890625,0
117.14999999999549,0.6739568785331388,0.359375,0
117.19999999999548,0.6805949251168055,0.36328125,1
117.24999999999548,0.6722426028952115,0.328125,1
117.29999999999548,0.6686449904126407,0.2421875,1
117.34999999999548,0.6440221418652385,0.3359375,1
117.39999999999547,0.6450611471321535,0.3828125,0
117.44999999999547,0.6253629199490005,0.24609375,1
117.49999999999547,0.6204113417733182,0.3515625,1
117.54999999999546,0.6381725781703439,0.62890625,1
117.59999999999546,0.6312839400309537,0.71484375,1
117.64999999999546,0.6270819270483439,0.7578125,1
117.69999999999546,0.6241290235749086,0.7578125,1
117.74999999999545,0.9999999837481065,0.7578125,1
117.79999999999545,0.9999999827668041,0.7578125,1
117.84999999999545,0.9999999815240488,0.7578125,1
117.89999999999544,0.9999999933097548,0.7578125,1
117.94999999999544,0.999999999999988,0.7578125,0
117.99999999999544,0.9999999999999881,0.7578125,1
118.04999999999544,0.9999999999999901,0.7109375,1
118.09999999999543,0.9999999942984056,0.7109375,1
118.14999999999543,0.9999999941207647,0.7109375,1
118.19999999999543,0.9999999939145715,0.7109375,0
118.24999999999542,0.999999993644244,0.7109375,0
118.29999999999542,0.9999999999999882,0.7109375,1
118.34999999999542,0.9999999999999876,0.7109375,1
118.39999999999542,0.9999999999999811,0.7109375,1
118.44999999999541,0.99999999999998,0.7109375,1
118.49999999999541,0.999999988080663,0.7109375,0
118.5499999999954,0.9999999999999775,0.7109375,1
118.5999999999954,0.9999999999999765,0.7109375,1
118.6499999999954,0.9999999999999877,0.7109375,1
118.6999999999954,0.9999999921900005,0.7109375,1
118.7499999999954,0.9999999999999928,0.7109375,0
118.79999999999539,0.9999999916106335,0.7109375,1
118.84999999999539,0.9999999914224014,0.7109375,1
118.89999999999539,0.9999999999999923,0.7109375,1
118.94999999999538,0.9999999999999929,0.7109375,1
118.99999999999538,0.9999999999999925,0.7109375,1
119.04999999999538,0.9999999999999993,0.7109375,0
119.09999999999538,0.9999999999999992,0.7109375,1
119.14999999999537,0.9999999999999989,0.7109375,1
119.19999999999537,0.9999999999999988,0.7109375,1
119.24999999999537,0.9999999999999983,0.7109375,1
119.29999999999536,0.9999999999999983,0.7109375,0
119.34999999999536,0.9999999999999978,0.7109375,0
119.39999999999536,0.9999999999999991,0.7109375,0
119.44999999999536,0.9999999999999988,0.7109375,1
119.49999999999535,0.9999999999999983,0.7109375,1
119.54999999999535,0.9999999999999991,0.7109375,1
119.59999999999535,0.9999999980433271,0.7109375,1
119.64999999999534,0.9999999979736827,0.7109375,0
119.69999999999534,0.9999999999999991,0.7109375,1
119.74999999999534,0.6903777261797365,0.734375,1
119.79999999999534,0.6635478039908489,0.734375,1
119.84999999999533,0.6755293242023818,0.734375,1
119.89999999999533,0.6544998466309658,0.734375,0
119.94999999999533,0.6554527188624878,0.734375,0
119.99999999999532,0.6578091546470134,0.734375,0
120.04999999999532,0.6674049039105502,0.734375,0
120.09999999999532,0.660590975316567,0.734375,0
120.14999999999532,0.655001406015382,0.69921875,0
120.19999999999531,0.6463950219378204,0.70703125,0
120.24999999999531,0.6373060329229818,0.26171875,0
120.29999999999531,0.6305915532968149,0.34765625,0
120.3499999999953,0.6254468512578817,0.19921875,0
120.3999999999953,0.5949601577285778,0.18359375,0
120.4499999999953,0.5520966913854038,0.234375,0
120.4999999999953,0.5952371604368144,0.2109375,0
120.5499999999953,0.5522320222045766,0.3515625,0
120.59999999999529,0.5461760932166464,0.2734375,0
120.64999999999529,0.4791606075496039,0.28515625,0
120.69999999999528,0.4925376322774415,0.38671875,0
120.74999999999528,0.4611360975250053,0.375,0
120.79999999999528,0.372245116968829,0.29296875,0
120.84999999999528,0.32689368910246075,0.3046875,0
120.89999999999527,0.22477199331238903,0.27734375,0
120.94999999999527,0.2717217290182838,0.23046875,0
120.99999999999527,0.2630505661319992,0.24609375,0
121.04999999999526,0.2727732103913018,0.31640625,0
121.09999999999526,0.29503706339210656,0.3671875,0
121.14999999999526,0.28348873355036486,0.359375,0
121.19999999999526,0.25944424759077256,0.3359375,0
121.24999999999525,0.29054093034234485,0.3125,0
121.29999999999525,0.24217271742835583,0.19921875,0
121.34999999999525,0.17245176010060767,0.35546875,0
121.39999999999525,0.17941515207165384,0.2109375,0
121.44999999999524,0.20809221027230163,0.265625,0
121.49999999999524,0.21535062212218253,0.2734375,0
121.54999999999524,0.2300321726579203,0.21875,0
121.59999999999523,0.22719330847022293,0.2890625,0
121.64999999999523,0.16658766280337628,0.3125,0
121.69999999999523,0.1650387638136233,0.2734375,0
121.74999999999523,0.21089083313129264,0.234375,0
121.79999999999522,0.21356653822011,0.2109375,0
121.84999999999522,0.14695047958359395,0.26953125,0
121.89999999999522,0.130863239396529,0.2421875,0
121.94999999999521,0.1996701338905053,0.359375,0
121.99999999999521,0.21864163394704875,0.30859375,0
122.04999999999521,0.6714366236673681,0.30859375,0
122.0999999999952,0.6713224262192578,0.33203125,0
122.1499999999952,0.6585654252777436,0.3828125,0
122.1999999999952,0.6731617324068913,0.36328125,0
122.2499999999952,0.6461938159066246,0.30859375,1
122.2999999999952,0.6214013952620602,0.30078125,1
122.34999999999519,0.6122556966891503,0.27734375,1
122.39999999999519,0.6198931745775805,0.2421875,1
122.44999999999519,0.6100076358913414,0.2734375,1
122.49999999999518,0.6006910170651142,0.27734375,1
122.54999999999518,0.5829875090556249,0.23046875,1
122.59999999999518,0.6023021468280676,0.1953125,1
122.64999999999517,0.5550079723707337,0.2578125,1
122.69999999999517,0.5686528027657488,0.2578125,1
122.74999999999517,0.6084767400754469,0.2890625,1
122.79999999999517,0.6151900505798497,0.2890625,1
122.84999999999516,0.593816232566402,0.2265625,1
122.89999999999516,0.5555503103617824,0.2421875,1
122.94999999999516,0.9999999872534658,0.28515625,1
122.99999999999515,0.3936090352915809,0.25,1
123.04999999999515,0.46894582017785363,0.3125,1
123.09999999999515,0.43986104310502805,0.26953125,1
123.14999999999515,0.4289374367433835,0.27734375,1
123.19999999999514,0.4046999488232653,0.33203125,1
123.24999999999514,0.3630157336541526,0.19140625,1
123.29999999999514,0.35693050242750474,0.19921875,1
123.34999999999513,0.32034520084097895,0.19140625,1
123.39999999999513,0.3019957347206357,0.29296875,1
123.44999999999513,0.28363677538128945,0.22265625,1
123.49999999999513,0.2925942897623602,0.2421875,1
123.54999999999512,0.26833765348771066,0.2734375,1
123.59999999999512,0.25805190130692307,0.265625,1
123.64999999999512,0.9999999235661071,0.2265625,1
123.69999999999511,0.9999999173195658,0.19140625,1
123.74999999999511,0.15906945158372776,0.33984375,1
123.79999999999511,0.17302103578248,0.1875,1
123.8499999999951,0.17016790439539597,0.203125,1
123.8999999999951,0.15484588605214583,0.23046875,1
123.9499999999951,0.15142015053635693,0.29296875,1
123.9999999999951,0.13214042303350731,0.27734375,1
124.0499999999951,0.6132061373130493,0.42578125,1
124.09999999999509,0.5885539242220478,0.31640625,1
124.14999999999509,0.5980269437591565,0.28515625,1
124.19999999999509,0.5923744412500522,0.28515625,1
124.24999999999508,0.5671607868354921,0.28515625,1
124.29999999999508,0.5386681165000679,0.28515625,1
124.34999999999508,0.5060446156940346,0.28515625,1
124.39999999999507,0.46947537585769855,0.28515625,1
124.44999999999507,0.42428061102579134,0.28515625,1
124.49999999999507,0.9999999376491645,0.28515625,1
124.54999999999507,0.9999999376747151,0.28515625,1
124.59999999999506,0.9999998452670604,0.28515625,1
124.64999999999506,0.9999999999992042,0.30859375,0
124.69999999999506,0.9999998353176022,0.30859375,0
124.74999999999505,0.9999999513690443,0.44140625,0
124.79999999999505,0.9999999999999747,0.51171875,0
124.84999999999505,0.9999999798294422,0.48046875,0
124.89999999999505,0.9999999831642471,0.5,0
124.94999999999504,0.9999999999999856,0.2734375,0
124.99999999999504,0.3489245117602862,0.37109375,0
125.04999999999504,0.9999999999999786,0.3203125,0
125.09999999999503,0.9999999999999762,0.26171875,0
125.14999999999503,0.9999999999999762,0.25,0
125.19999999999503,0.30324053677761714,0.26171875,0
125.24999999999503,0.29093886336859404,0.23828125,0
125.29999999999502,0.3038553706924708,0.328125,0
125.34999999999502,0.33872127732391977,0.2109375,0
125.39999999999502,0.7334429879075307,0.20703125,0
125.44999999999501,0.9999999765938252,0.30859375,0
125.49999999999501,0.9999999643232025,0.3046875,0
125.54999999999501,0.1894592405198762,0.25,0
125.599999999995,0.36898169847679974,0.20703125,0
125.649999999995,0.3730235172243279,0.23046875,0
125.699999999995,0.3721133121117941,0.2109375,0
125.749999999995,0.3621043390606918,0.23046875,0
125.799999999995,0.3425051059398515,0.3203125,0
125.84999999999499,0.3238758048743433,0.1640625,0
125.89999999999499,0.2969737477105888,0.3359375,0
125.94999999999499,0.2664260855458259,0.26171875,0
125.99999999999498,0.26068168965919586,0.3828125,0
126.04999999999498,0.3167885698057725,0.35546875,0
126.09999999999498,0.320881464494731,0.3828125,0
126.14999999999498,0.30713740891593405,0.36328125,0
126.19999999999497,0.304691536316595,0.3515625,0
126.24999999999497,0.2966924114087501,0.3046875,0
126.29999999999497,0.29534302893125775,0.3046875,0
126.34999999999496,0.2854678463814209,0.23828125,0
126.39999999999496,0.2653881016794794,0.23046875,0
126.44999999999496,0.2651190706323224,0.26171875,0
126.49999999999496,0.24570115193219472,0.265625,0
126.54999999999495,0.2189172407629616,0.19140625,0
126.59999999999495,0.19598463424657078,0.22265625,0
126.64999999999495,0.19243265050163436,0.20703125,0
126.69999999999494,0.1895728047229039,0.2265625,0
126.74999999999494,0.1878587921984397,0.32421875,0
126.79999999999494,0.18360122079087754,0.28125,0
126.84999999999494,0.17135491068176065,0.3046875,0
126.89999999999493,0.17175584444000191,0.23046875,0
126.94999999999493,0.1636615279877277,0.2265625,0
126.99999999999493,0.15646864539826916,0.23828125,0
127.04999999999492,0.3577768076532673,0.3828125,0
127.09999999999492,0.3507540286495796,0.359375,0
127.14999999999492,0.34885966062677815,0.3203125,0
127.19999999999492,0.35386890169072616,0.3984375,0
127.24999999999491,0.3425968973036645,0.36328125,0
127.29999999999491,0.3365348388101473,0.26953125,0
127.3499999999949,0.3336135283959636,0.30078125,0
127.3999999999949,0.32018869770589153,0.38671875,0
127.4499999999949,0.3181009949776288,0.1875,0
127.4999999999949,0.3059430552950015,0.13671875,0
127.5499999999949,0.2920270780170877,0.32421875,0
127.59999999999489,0.26633574442539404,0.375,0
127.64999999999489,0.26377284734854356,0.203125,0
127.69999999999489,0.2689136943103392,0.20703125,0
127.74999999999488,0.26587449891952125,0.328125,0
127.79999999999488,0.2679272117671323,0.234375,0
127.84999999999488,0.2616179717717869,0.359375,0
127.89999999999488,0.2446345768460592,0.2578125,0
127.94999999999487,0.22117109834470633,0.234375,0
127.99999999999487,0.22547453016115665,0.30078125,0
128.04999999999487,0.3448915675471301,0.3359375,0
128.09999999999488,0.34153382478786626,0.40625,0
128.1499999999949,0.3528165727351609,0.2578125,0
128.1999999999949,0.32332176199858603,0.3359375,0
128.2499999999949,0.31045254258335747,0.21484375,0
128.29999999999492,0.30955838252462137,0.1875,0
128.34999999999494,0.31291307324250206,0.25390625,0
128.39999999999495,0.2907272626452081,0.27734375,0
128.44999999999496,0.2963578588363887,0.390625,0
128.49999999999497,0.3238567585046082,0.1796875,0
128.54999999999498,0.33559430435988874,0.25390625,0
128.599999999995,0.31993435987101965,0.20703125,0
128.649999999995,0.31410514166812953,0.29296875,0
128.69999999999501,0.2996363878926141,0.19921875,0
128.74999999999503,0.29288513331428323,0.1953125,0
128.79999999999504,0.29231764591213033,0.23828125,0
128.84999999999505,0.28562235431974764,0.171875,0
128.89999999999506,0.2789361899849353,0.203125,0
128.94999999999507,0.2635645684861267,0.3046875,0
128.99999999999508,0.26298478978516615,0.24609375,0
129.0499999999951,0.42359884041485135,0.28515625,0
129.0999999999951,0.4110036440655724,0.20703125,0
129.14999999999512,0.40278015964358743,0.28515625,0
129.19999999999513,0.39543226097081663,0.421875,0
129.24999999999514,0.3927273017950007,0.33203125,0
129.29999999999515,0.39515444137138656,0.2265625,0
129.34999999999516,0.3789792555278263,0.2265625,0
129.39999999999517,0.37786541529160494,0.13671875,0
129.44999999999519,0.3619314204620256,0.41015625,0
129.4999999999952,0.3763275413734083,0.22265625,0
129.5499999999952,0.38038096118289266,0.234375,0
129.59999999999522,0.3687505428116806,0.25390625,0
129.64999999999523,0.3648301912222767,0.1953125,0
129.69999999999524,0.3632278572025037,0.28125,0
129.74999999999525,0.36408645078011004,0.13671875,0
129.79999999999526,0.3466940465415743,0.21484375,0
129.84999999999528,0.33723002782092176,0.2890625,0
129.8999999999953,0.3366232507999822,0.2265625,0
129.9499999999953,0.3243117516436661,0.1796875,0
129.9999999999953,0.3012810361956744,0.1328125,0
130.04999999999532,0.28685947953931923,0.21484375,0
130.09999999999533,0.2860903648794189,0.41015625,0
130.14999999999534,0.2753371079528347,0.38671875,0
130.19999999999536,0.2853220222093704,0.3359375,0
130.24999999999537,0.2992491104702399,0.26953125,0
130.29999999999538,0.27147052911836267,0.3203125,0
130.3499999999954,0.24175750937544094,0.28125,0
130.3999999999954,0.25743682378213795,0.2265625,0
130.4499999999954,0.2828913570731909,0.20703125,0
130.49999999999542,0.31159670920055643,0.2265625,0
130.54999999999544,0.2946260565536048,0.23046875,0
130.59999999999545,0.269521939663957,0.32421875,0
130.64999999999546,0.27782237010605837,0.3046875,0
130.69999999999547,0.2853263839814689,0.3359375,0
130.74999999999548,0.2669141784907764,0.2890625,0
130.7999999999955,0.2640038415749621,0.37890625,0
130.8499999999955,0.2613703088166185,0.20703125,0
130.89999999999552,0.2696601523585038,0.33203125,0
130.94999999999553,0.2578165747960238,0.3515625,0
130.99999999999554,0.24925910113044905,0.15625,0
131.04999999999555,0.4511274351218371,0.21875,0
131.09999999999556,0.4360316308826372,0.36328125,0
131.14999999999557,0.4216112938248689,0.30859375,0
131.19999999999558,0.4170598044363406,0.3125,0
131.2499999999956,0.41000994470589897,0.2265625,0
131.2999999999956,0.3921173487619136,0.25,0
131.34999999999562,0.3849531993815116,0.140625,0
131.39999999999563,0.3566903149059929,0.29296875,0
131.44999999999564,0.33416784023778323,0.28125,0
131.49999999999565,0.3322270183221676,0.23828125,0
131.54999999999566,0.3199288456133974,0.14453125,0
131.59999999999567,0.3163492745925812,0.22265625,0
131.64999999999569,0.3210343854084556,0.24609375,0
131.6999999999957,0.32783583763986707,0.296875,0
131.7499999999957,0.3281470425570365,0.37109375,0
131.79999999999572,0.31848740464721803,0.19140625,0
131.84999999999573,0.30641439867776055,0.21484375,0
131.89999999999574,0.28987219919490853,0.2578125,0
131.94999999999575,0.2969099203330515,0.22265625,0
131.99999999999577,0.29376688803671425,0.1796875,0
132.04999999999578,0.2891322568918288,0.3046875,0
132.0999999999958,0.28241881993229895,0.2109375,0
132.1499999999958,0.2706030526121979,0.1171875,0
132.1999999999958,0.2588140401586271,0.23828125,0
132.24999999999582,0.25153293790716297,0.19140625,0
132.29999999999583,0.23364792718432312,0.15234375,0
132.34999999999584,0.22844969650854882,0.15625,0
132.39999999999586,0.2118149044945167,0.16796875,0
132.44999999999587,0.1763982761747026,0.27734375,0
132.49999999999588,0.16942189454082077,0.22265625,0
132.5499999999959,0.18363597807837045,0.28515625,0
132.5999999999959,0.170290006159384,0.4140625,0
132.6499999999959,0.18942964086738492,0.1796875,0
132.69999999999592,0.18277885435571709,0.15234375,0
132.74999999999594,0.14349317262598435,0.09765625,0
132.79999999999595,0.15286974581224214,0.23828125,0
132.84999999999596,0.1408902062046704,0.109375,0
132.89999999999597,0.13294634871188496,0.140625,0
132.94999999999598,0.13222528808022688,0.109375,0
132.999999999996,0.12115440081778454,0.20703125,0
133.049999999996,0.49488345233835307,0.36328125,0
133.09999999999602,0.4804570234583574,0.27734375,0
133.14999999999603,0.4776224178364746,0.265625,0
133.19999999999604,0.48660258640657605,0.22265625,0
133.24999999999605,0.4908848446848866,0.23828125,0
133.29999999999606,0.4804577358023487,0.26171875,0
133.34999999999607,0.4706508722911052,0.171875,0
133.39999999999608,0.46892211775757575,0.2265625,0
133.4499999999961,0.4453806211936953,0.1328125,0
133.4999999999961,0.4383925310169826,0.3046875,0
133.54999999999612,0.43012490198885917,0.20703125,0
133.59999999999613,0.42824073426391956,0.25390625,0
133.64999999999614,0.4109634563554966,0.3359375,0
133.69999999999615,0.3938569038458286,0.1328125,0
133.74999999999616,0.38784793051411426,0.1796875,0
133.79999999999617,0.3808302041335737,0.12109375,0
133.8499999999962,0.35954257206363527,0.21484375,0
133.8999999999962,0.34994042560892785,0.1484375,0
133.9499999999962,0.3647279024537397,0.26171875,0
133.99999999999622,0.3469311447897158,0.2265625,0
134.04999999999623,0.32796936381030484,0.27734375,0
134.09999999999624,0.3085885828531014,0.17578125,0
134.14999999999625,0.2994542633326154,0.30859375,0
134.19999999999627,0.30793204519855394,0.24609375,0
134.24999999999628,0.2844675613346109,0.1953125,0
134.2999999999963,0.2747203984734206,0.13671875,0
134.3499999999963,0.2672981776821422,0.328125,0
134.3999999999963,0.2646720634180165,0.18359375,0
134.44999999999632,0.25296194589643173,0.36328125,0
134.49999999999633,0.2322850143653496,0.28515625,0
134.54999999999634,0.22907316116673657,0.21875,0
134.59999999999636,0.2272166665466149,0.2578125,0
134.64999999999637,0.22820370722739544,0.14453125,0
134.69999999999638,0.24707582559865898,0.19921875,0
134.7499999999964,0.22108908989015796,0.26171875,0
134.7999999999964,0.2023154480536634,0.09375,0
134.8499999999964,0.18765670264183212,0.2109375,0
134.89999999999642,0.14316040038809402,0.1796875,0
134.94999999999644,0.13118577135942916,0.21875,0
134.99999999999645,0.14259547377946719,0.17578125,0
135.04999999999646,0.14262413985883093,0.34375,0
135.09999999999647,0.1441220874286438,0.203125,0
135.14999999999648,0.14580000105664068,0.26953125,0
135.1999999999965,0.13284562335790268,0.21875,0
135.2499999999965,0.14531563314887402,0.20703125,0
135.29999999999652,0.17479480592388266,0.171875,0
135.34999999999653,0.19909405278800474,0.19921875,0
135.39999999999654,0.1914406695808294,0.1640625,0
135.44999999999655,0.185015535986301,0.23828125,0
135.49999999999656,0.18981958507766544,0.1953125,0
135.54999999999657,0.15732458455147683,0.19921875,0
135.59999999999658,0.17630593514405507,0.19921875,0
135.6499999999966,0.1586962060078157,0.20703125,0
135.6999999999966,0.1631088326785903,0.21875,0
135.74999999999662,0.16829802897893362,0.26953125,0
135.79999999999663,0.17942662338357446,0.1796875,0
135.84999999999664,0.1810101479707636,0.23046875,0
135.89999999999665,0.16616355947987774,0.19140625,0
135.94999999999666,0.16023277038547867,0.19921875,0
135.99999999999667,0.1563469071438047,0.234375,0
136.0499999999967,0.1677696397871448,0.27734375,0
136.0999999999967,0.17734901000846515,0.203125,0
136.1499999999967,0.17572569577457883,0.24609375,0
136.19999999999672,0.1474464941673647,0.2109375,0
136.24999999999673,0.16602936202114468,0.2421875,0
136.29999999999674,0.15509726034695484,0.28125,0
136.34999999999675,0.15580927128166572,0.3125,0
136.39999999999677,0.1703990942804404,0.34765625,0
136.44999999999678,0.16981207978867016,0.22265625,0
136.4999999999968,0.1865807636743698,0.17578125,0
136.5499999999968,0.19629768225593175,0.234375,0
136.5999999999968,0.2272442099980943,0.234375,0
136.64999999999682,0.21524448774061375,0.16796875,0
136.69999999999683,0.19308332514732168,0.23828125,0
136.74999999999685,0.18524893481516141,0.24609375,0
136.79999999999686,0.17119298359060653,0.24609375,0
136.84999999999687,0.14868725457755064,0.30859375,0
136.89999999999688,0.1440352218884912,0.1640625,0
136.9499999999969,0.16816483743137117,0.21875,0
136.9999999999969,0.1815223185618939,0.18359375,0
137.0499999999969,0.327893073417661,0.40234375,0
137.09999999999692,0.3275510621000204,0.4765625,0
137.14999999999694,0.3036105469311472,0.484375,0
137.19999999999695,0.287327895670956,0.484375,0
137.24999999999696,0.27168115814936955,0.484375,0
137.29999999999697,0.2549863252961429,0.484375,1
137.34999999999698,0.240443606119083,0.484375,1
137.399999999997,0.22938233114301804,0.484375,1
137.449999999997,0.22031302171927813,0.484375,1
137.49999999999702,0.19730719932102075,0.484375,1
137.54999999999703,0.18037481312699125,0.484375,1
137.59999999999704,0.19416651264706486,0.484375,1
137.64999999999705,0.20783201434053356,0.484375,1
137.69999999999706,0.2189850678296637,0.484375,1
137.74999999999707,0.22385094165790156,0.484375,1
137.79999999999708,0.2236950584402716,0.484375,1
137.8499999999971,0.2236950584402716,0.484375,1
137.8999999999971,0.22369505844027157,0.484375,1
137.94999999999712,0.2236950584402716,0.484375,1
137.99999999999713,0.2236950584402716,0.484375,1
138.04999999999714,0.2764349913408635,0.5390625,1
138.09999999999715,0.2742378480467502,0.5390625,1
138.14999999999716,0.5981019117790006,0.5390625,1
138.19999999999717,0.5979329701099002,0.5390625,1
138.2499999999972,0.5883635964814252,0.5390625,1
138.2999999999972,0.5824698395699989,0.5390625,1
138.3499999999972,0.5811843412851095,0.5390625,1
138.39999999999722,0.5816212686123222,0.5390625,1
138.44999999999723,0.5878541275741496,0.5390625,1
138.49999999999724,0.5941586726176469,0.5390625,1
138.54999999999725,0.6024381999338067,0.5390625,1
138.59999999999727,0.6077325502540192,0.5390625,1
138.64999999999728,0.6117094367195562,0.5390625,1
138.6999999999973,0.6139679210321926,0.5390625,1
138.7499999999973,0.6142874547181116,0.5390625,1
138.7999999999973,0.6142874547181116,0.5390625,1
138.84999999999732,0.6142874547181116,0.5390625,1
138.89999999999733,0.6142874547181115,0.5390625,1
138.94999999999735,0.6142874547181116,0.5390625,1
138.99999999999736,0.6142874547181115,0.5390625,1
139.04999999999737,0.6009222641032861,0.5703125,1
139.09999999999738,0.6024154435973407,0.5703125,1
139.1499999999974,0.6059003055509354,0.5703125,1
139.1999999999974,0.6091855146625097,0.5703125,1
139.2499999999974,0.6093576302693561,0.5703125,1
139.29999999999742,0.6095033737767072,0.5703125,1
139.34999999999744,0.6095033737767072,0.5703125,1
139.39999999999745,0.6095033737767072,0.5703125,1
139.44999999999746,0.6095033737767072,0.5703125,1
139.49999999999747,0.6095033737767072,0.5703125,1
139.54999999999748,0.6095033737767072,0.5703125,1
139.5999999999975,0.6095033737767072,0.5703125,1
139.6499999999975,0.6095033737767072,0.5703125,1
139.69999999999752,0.6095033737767072,0.5703125,1
139.74999999999753,0.6095033737767072,0.5703125,1
139.79999999999754,0.6095033737767072,0.5703125,1
139.84999999999755,0.6095033737767072,0.5703125,1
139.89999999999756,0.6095033737767072,0.5703125,1
139.94999999999757,0.6095033737767072,0.5703125,1
139.99999999999758,0.6095033737767072,0.5703125,1
140.0499999999976,0.662505953453199,0.609375,1
140.0999999999976,0.6599909217984808,0.609375,1
140.14999999999762,0.657465545954002,0.609375,1
140.19999999999763,0.6529712724787486,0.609375,1
140.24999999999764,0.6521158540572397,0.609375,1
140.29999999999765,0.6493825963891353,0.609375,1
140.34999999999766,0.6466644563509982,0.609375,1
140.39999999999768,0.6439669512581827,0.609375,1
140.4499999999977,0.6412961766425517,0.609375,1
140.4999999999977,0.6386588178748611,0.609375,1
140.5499999999977,0.6342337099917638,0.609375,1
140.59999999999772,0.6331625614347031,0.609375,1
140.64999999999773,0.6304276017129349,0.609375,1
140.69999999999774,0.6277901540078136,0.609375,1
140.74999999999775,0.6252630687563219,0.609375,1
140.79999999999777,0.6228589794870568,0.609375,1
140.84999999999778,0.6205897764431123,0.609375,1
140.8999999999978,0.6170928594561745,0.609375,1
140.9499999999978,0.6162025558649241,0.609375,1
140.9999999999978,0.6142571742726295,0.609375,1
141.04999999999782,0.7503268239028275,0.6484375,1
141.09999999999783,0.7478282975146305,0.6484375,1
141.14999999999785,0.7453655432035955,0.6484375,1
141.19999999999786,0.7429726206628804,0.6484375,1
141.24999999999787,0.7418486158284667,0.6484375,1
141.29999999999788,0.7406850821343542,0.6484375,1
141.3499999999979,0.7392714778107361,0.6484375,1
141.3999999999979,0.7372709209080494,0.6484375,1
141.4499999999979,0.7351159460242755,0.6484375,1
141.49999999999793,0.7329400959811906,0.6484375,1
141.54999999999794,0.7307433703407143,0.6484375,1
141.59999999999795,0.7274600971818408,0.6484375,1
141.64999999999796,0.7260132986217749,0.6484375,1
141.69999999999797,0.7235122032049575,0.6484375,1
141.74999999999798,0.7209873612806427,0.6484375,1
141.799999999998,0.7184391599505782,0.6484375,1
141.849999999998,0.7158680672454775,0.6484375,1
141.89999999999802,0.7132746481739002,0.6484375,1
141.94999999999803,0.7096183297366366,0.6484375,1
141.99999999999804,0.7076915174518906,0.6484375,1
142.04999999999805,0.8073736845624133,0.59375,1
142.09999999999806,0.8048591818312675,0.59375,1
142.14999999999807,0.8023057695340722,0.59375,1
142.19999999999808,0.799713354043887,0.59375,1
142.2499999999981,0.7970923864772729,0.59375,1
142.2999999999981,0.7932543630188355,0.59375,1
142.34999999999812,0.7914460720349419,0.59375,1
142.39999999999813,0.7884190233768208,0.59375,1
142.44999999999814,0.7853452607733664,0.59375,1
142.49999999999815,0.7822265540576474,0.59375,1
142.54999999999816,0.7790655924733002,0.59375,1
142.59999999999818,0.7758661839568491,0.59375,1
142.6499999999982,0.7713642474914462,0.59375,1
142.6999999999982,0.7689547772818912,0.59375,1
142.7499999999982,0.7652843651988707,0.59375,1
142.79999999999822,0.7615994527908895,0.59375,1
142.84999999999823,0.7579169255293673,0.59375,1
142.89999999999824,0.7542565650104973,0.59375,1
142.94999999999825,0.7506411824905224,0.59375,1
142.99999999999827,0.7459850215118004,0.59375,1
143.04999999999828,0.7432386496691605,0.59375,1
143.0999999999983,0.7395390902898571,0.59375,1
143.1499999999983,0.7359937719461634,0.59375,1
143.1999999999983,0.7319054361654557,0.59375,1
143.24999999999832,0.7277486313963699,0.59375,1
143.29999999999833,0.7235888994552381,0.59375,1
143.34999999999835,0.7176134865474603,0.59375,1
143.39999999999836,0.7147833663651675,0.59375,1
143.44999999999837,0.7101947324863224,0.59375,1
143.49999999999838,0.7057116728112212,0.59375,1
143.5499999999984,0.7018435821001305,0.59375,1
143.5999999999984,0.6996781715405189,0.59375,1
143.6499999999984,0.6963711315725132,0.59375,1
143.69999999999843,0.6928712821268533,0.59375,1
143.74999999999844,0.6933616676763493,0.59375,1
143.79999999999845,0.692262541924709,0.59375,1
143.84999999999846,0.6912247433159272,0.59375,1
143.89999999999847,0.6902002672955067,0.59375,1
143.94999999999848,0.6891522851781555,0.59375,1
143.9999999999985,0.6880509592970628,0.59375,1
144.0499999999985,0.7889024550877483,0.6171875,1
144.09999999999852,0.787689235937091,0.6171875,1
144.14999999999853,0.7860954597457143,0.6171875,1
144.19999999999854,0.7847183008589476,0.6171875,1
144.24999999999855,0.7826789310563421,0.6171875,1
144.29999999999856,0.780703073112221,0.6171875,1
144.34999999999857,0.7785954203073561,0.6171875,1
144.39999999999858,0.7753917497052483,0.6171875,1
144.4499999999986,0.7728545236301256,0.6171875,1
144.4999999999986,0.7702549143886213,0.6171875,1
144.54999999999862,0.7676144950237254,0.6171875,1
144.59999999999863,0.7649332307037688,0.6171875,1
144.64999999999864,0.762211181201304,0.6171875,1
144.69999999999865,0.759448513129151,0.6171875,1
144.74999999999866,0.7567232805037817,0.6171875,1
144.79999999999868,0.7535609658317685,0.6171875,1
144.8499999999987,0.750422789095165,0.6171875,1
144.8999999999987,0.7472337662415568,0.6171875,1
144.9499999999987,0.7439947662042886,0.6171875,1
144.99999999999872,0.7407069883792708,0.6171875,1
145.04999999999873,0.7373720212225914,0.6171875,1
145.09999999999874,0.734171733379664,0.6171875,1
145.14999999999876,0.7302878402020934,0.6171875,1
145.19999999999877,0.7265276161696954,0.6171875,1
145.24999999999878,0.7227185638925888,0.6171875,1
145.2999999999988,0.7188670124694567,0.6171875,1
145.3499999999988,0.7149813325894787,0.6171875,1
145.3999999999988,0.7110877384981344,0.6171875,1
145.44999999999882,0.7075024148802045,0.6171875,1
145.49999999999883,0.703006443122358,0.6171875,1
145.54999999999885,0.6988707150422666,0.6171875,1
145.59999999999886,0.6948352458538891,0.6171875,1
145.64999999999887,0.6909839264215587,0.6171875,1
145.69999999999888,0.6874416342891144,0.6171875,1
145.7499999999989,0.6843791365695157,0.6171875,1
145.7999999999989,0.6823224920550076,0.6171875,1
145.84999999999891,0.6801755380249456,0.6171875,1
145.89999999999893,0.6792713682041797,0.6171875,1
145.94999999999894,0.6788827607163125,0.6171875,1
145.99999999999895,0.6787419457429411,0.6171875,1
146.04999999999896,0.678674688129103,0.6171875,1
146.09999999999897,0.6786616606225254,0.6171875,1
146.14999999999898,0.6786616606225254,0.6171875,1
146.199999999999,0.6786616606225255,0.6171875,1
146.249999999999,0.6786616606225254,0.6171875,1
146.29999999999902,0.6786616606225254,0.6171875,1
146.34999999999903,0.6786616606225254,0.6171875,1
146.39999999999904,0.6786616606225255,0.6171875,1
146.44999999999905,0.6786616606225254,0.6171875,1
146.49999999999906,0.6786616606225254,0.6171875,1
146.54999999999907,0.6786616606225255,0.6171875,1
146.59999999999908,0.6786616606225255,0.6171875,1
146.6499999999991,0.6786616606225254,0.6171875,1
146.6999999999991,0.6786616606225254,0.6171875,1
146.74999999999912,0.6786616606225254,0.6171875,1
146.79999999999913,0.6786616606225255,0.6171875,1
146.84999999999914,0.6786616606225255,0.6171875,1
146.89999999999915,0.6786616606225254,0.6171875,1
146.94999999999916,0.6786616606225254,0.6171875,1
146.99999999999918,0.6786616606225254,0.6171875,1
147.0499999999992,0.671729525745134,0.6640625,1
147.0999999999992,0.671729525745134,0.6640625,1
147.1499999999992,0.6717295257451339,0.6640625,1
147.19999999999922,0.6717295257451339,0.6640625,1
147.24999999999923,0.6717295257451339,0.6640625,1
147.29999999999924,0.6717295257451339,0.6640625,1
147.34999999999926,0.671729525745134,0.6640625,1
147.39999999999927,0.671729525745134,0.6640625,1
147.44999999999928,0.6717295257451339,0.6640625,1
147.4999999999993,0.671729525745134,0.6640625,1
147.5499999999993,0.671729525745134,0.6640625,1
147.5999999999993,0.671729525745134,0.6640625,1
147.64999999999932,0.6717295257451339,0.6640625,1
147.69999999999933,0.6717295257451339,0.6640625,1
147.74999999999935,0.6717295257451339,0.6640625,1
147.79999999999936,0.671729525745134,0.6640625,1
147.84999999999937,0.6717295257451339,0.6640625,1
147.89999999999938,0.6717295257451339,0.6640625,1
147.9499999999994,0.671729525745134,0.6640625,1
147.9999999999994,0.671729525745134,0.6640625,1
148.04999999999941,0.6253116993619829,0.7265625,1
148.09999999999943,0.625311699361983,0.7265625,1
148.14999999999944,0.6253116993619829,0.7265625,1
148.19999999999945,0.6253116993619829,0.7265625,1
148.24999999999946,0.6253116993619829,0.7265625,1
148.29999999999947,0.625311699361983,0.7265625,1
148.34999999999948,0.625311699361983,0.7265625,1
148.3999999999995,0.6253116993619829,0.7265625,1
148.4499999999995,0.625311699361983,0.7265625,1
148.49999999999952,0.6253116993619829,0.7265625,1
148.54999999999953,0.625311699361983,0.7265625,1
148.59999999999954,0.625311699361983,0.7265625,1
148.64999999999955,0.6253116993619829,0.7265625,1
148.69999999999956,0.6253116993619829,0.7265625,1
148.74999999999957,0.625311699361983,0.7265625,1
148.79999999999959,0.6253116993619829,0.7265625,1
148.8499999999996,0.6253116993619829,0.7265625,1
148.8999999999996,0.6253116993619829,0.7265625,1
148.94999999999962,0.6253116993619829,0.7265625,1
148.99999999999963,0.6253116993619829,0.7265625,1
149.04999999999964,0.6253116993619829,0.7265625,1
149.09999999999965,0.6253116993619829,0.7265625,1
149.14999999999966,0.625311699361983,0.7265625,1
149.19999999999968,0.625311699361983,0.7265625,1
149.2499999999997,0.6253116993619829,0.7265625,1
149.2999999999997,0.6253116993619829,0.7265625,1
149.3499999999997,0.6253116993619829,0.7265625,1
149.39999999999972,0.625311699361983,0.7265625,1
149.44999999999973,0.6253116993619829,0.7265625,1
149.49999999999974,0.6253116993619829,0.7265625,1
149.54999999999976,0.625311699361983,0.7265625,1
149.59999999999977,0.6253116993619829,0.7265625,1
149.64999999999978,0.6253116993619829,0.7265625,1
149.6999999999998,0.6253116993619829,0.7265625,1
149.7499999999998,0.6253116993619829,0.7265625,1
149.7999999999998,0.6253116993619829,0.7265625,1
149.84999999999982,0.6253116993619829,0.7265625,1
149.89999999999984,0.625311699361983,0.7265625,1
149.94999999999985,0.6253116993619829,0.7265625,1
149.99999999999986,0.6253116993619829,0.7265625,1
150.04999999999987,0.6185835638574467,0.765625,1
150.09999999999988,0.618583563857447,0.765625,1
150.1499999999999,0.6185835638574467,0.765625,1
150.1999999999999,0.6185835638574467,0.765625,1
150.24999999999991,0.618583563857447,0.765625,1
150.29999999999993,0.6185835638574467,0.765625,1
150.34999999999994,0.6185835638574467,0.765625,1
150.39999999999995,0.6185835638574467,0.765625,1
150.44999999999996,0.618583563857447,0.765625,1
150.49999999999997,0.618583563857447,0.765625,1
150.54999999999998,0.6185835638574467,0.765625,1
150.6,0.618583563857447,0.765625,1
150.65,0.6185835638574467,0.765625,1
150.70000000000002,0.3207917811776681,0.765625,1
150.75000000000003,0.315266016228156,0.765625,1
150.80000000000004,0.30274296248763605,0.765625,1
150.85000000000005,0.2934371897960249,0.765625,1
150.90000000000006,0.2871749522996175,0.765625,1
150.95000000000007,0.28092489421203476,0.765625,1
151.00000000000009,0.27490017129065647,0.765625,1
151.0500000000001,0.26446980364979084,0.765625,1
151.1000000000001,0.2634879397158167,0.765625,1
151.15000000000012,0.26149277496302953,0.765625,1
151.20000000000013,0.2606039340293707,0.765625,1
151.25000000000014,0.25987735066912826,0.765625,1
151.30000000000015,0.25711655740299366,0.765625,1
151.35000000000016,0.25356278767230256,0.765625,1
151.40000000000018,0.24617425881328953,0.765625,1
151.4500000000002,0.24501321900793474,0.765625,1
151.5000000000002,0.24320216686856075,0.765625,1
151.5500000000002,0.2420219703510533,0.765625,1
151.60000000000022,0.24170369910975092,0.765625,1
151.65000000000023,0.24223099822132646,0.765625,1
151.70000000000024,0.24355680714115652,0.765625,1
151.75000000000026,0.2449078530631847,0.765625,1
151.80000000000027,0.2449078530631847,0.765625,1
151.85000000000028,0.24490785306318463,0.765625,1
151.9000000000003,0.2449078530631847,0.765625,1
151.9500000000003,0.2449078530631847,0.765625,1
152.0000000000003,0.38592994129084873,0.6640625,1
152.05000000000032,0.3922307765484374,0.6640625,1
152.10000000000034,0.3892927719947804,0.6640625,1
152.15000000000035,0.38290343493627516,0.6640625,1
152.20000000000036,0.3783348335271374,0.6640625,1
152.25000000000037,0.3737051572406408,0.6640625,1
152.30000000000038,0.3689589310174993,0.6640625,1
152.3500000000004,0.3639783799971204,0.6640625,1
152.4000000000004,0.356684684595033,0.6640625,0
152.45000000000041,0.3541956847574054,0.66015625,0
152.50000000000043,0.35368170296128437,0.71484375,0
152.55000000000044,0.35194913788948984,0.6953125,0
152.60000000000045,0.3494003368398982,0.6875,0
152.65000000000046,0.3464257318490579,0.6640625,0
152.70000000000047,0.3436010523135265,0.65625,0
152.75000000000048,0.33701399786655867,0.4765625,0
152.8000000000005,0.30858152201830763,0.2578125,0
152.8500000000005,0.2761610680445101,0.34375,0
152.90000000000052,0.24292738907638425,0.2890625,0
152.95000000000053,0.22242085718136925,0.32421875,0
153.00000000000054,0.5125111697046109,0.55078125,0
153.05000000000055,0.5193173109718321,0.453125,0
153.10000000000056,0.5224162968765913,0.4765625,0
153.15000000000057,0.5114122009296264,0.32421875,0
153.20000000000059,0.5043827470983349,0.28515625,0
153.2500000000006,0.49563815075162687,0.12109375,0
153.3000000000006,0.47986257887698214,0.171875,0
153.35000000000062,0.45959699763653,0.328125,0
153.40000000000063,0.4478855328204688,0.2421875,0
153.45000000000064,0.42951608863946156,0.2109375,0
153.50000000000065,0.4253028857960308,0.28125,0
153.55000000000067,0.4163756957938822,0.37109375,0
153.60000000000068,0.40553941188602505,0.265625,0
153.6500000000007,0.38473047308370323,0.38671875,0
153.7000000000007,0.3550697878903916,0.28515625,0
153.7500000000007,0.3365987146247557,0.17578125,0
153.80000000000072,0.32077620999730455,0.27734375,0
153.85000000000073,0.30183658760262677,0.16796875,0
153.90000000000074,0.2893905295815645,0.16015625,0
153.95000000000076,0.2913837567055281,0.25,0
154.00000000000077,0.28198631577751404,0.21875,0
154.05000000000078,0.2900111075970241,0.37890625,0
154.1000000000008,0.294007988803427,0.2734375,0
154.1500000000008,0.3040574878974444,0.296875,0
154.2000000000008,0.2933930008828421,0.3203125,0
154.25000000000082,0.2998212693231564,0.2890625,0
154.30000000000084,0.30604190825348043,0.203125,0
154.35000000000085,0.2976059876561898,0.2109375,0
154.40000000000086,0.29850248331581536,0.28125,0
154.45000000000087,0.2903054395678472,0.22265625,0
154.50000000000088,0.28545971861734426,0.23046875,0
154.5500000000009,0.2779061112065531,0.2109375,0
154.6000000000009,0.28196043708794655,0.2421875,0
154.65000000000092,0.26905126785339256,0.265625,0
154.70000000000093,0.245116560304937,0.20703125,0
154.75000000000094,0.21441596050897505,0.12109375,0
154.80000000000095,0.19023167258871823,0.3515625,0
154.85000000000096,0.17092172240680295,0.1875,0
154.90000000000097,0.15748048009796997,0.34375,0
154.95000000000098,0.17100030699016622,0.15234375,0
155.000000000001,0.47201449296782827,0.421875,0
155.050000000001,0.46171552005799726,0.31640625,0
155.10000000000102,0.44386415040214766,0.40234375,0
155.15000000000103,0.4452800321529682,0.3203125,0
155.20000000000104,0.4459009170790115,0.2578125,0
155.25000000000105,0.44010182457482977,0.16796875,0
155.30000000000106,0.41901745454970113,0.20703125,0
155.35000000000107,0.41132087018206387,0.16796875,0
155.40000000000109,0.40387307088883034,0.2109375,0
155.4500000000011,0.4010723955239964,0.15625,0
155.5000000000011,0.4072253127052737,0.4140625,0
155.55000000000112,0.4137752174071536,0.1953125,0
155.60000000000113,0.39270298623178923,0.24609375,0
155.65000000000114,0.38429005814586564,0.265625,0
155.70000000000115,0.3868260694612525,0.19140625,0
155.75000000000117,0.37279595152318834,0.296875,0
155.80000000000118,0.36590771105397957,0.3046875,0
155.8500000000012,0.35719356719565093,0.31640625,0
155.9000000000012,0.35167323059436834,0.203125,0
155.9500000000012,0.3394256267306285,0.2734375,0
156.00000000000122,0.3445527108402771,0.26953125,0
156.05000000000123,0.331757946743011,0.28515625,0
156.10000000000124,0.32418520879785395,0.33984375,0
156.15000000000126,0.3018866696419988,0.27734375,0
156.20000000000127,0.30312439485809817,0.27734375,0
156.25000000000128,0.30641683034065126,0.27734375,0
156.3000000000013,0.2999985986877702,0.27734375,1
156.3500000000013,0.29474636595969694,0.27734375,1
156.4000000000013,0.28926989274497605,0.27734375,1
156.45000000000132,0.28351102980525333,0.27734375,1
156.50000000000134,0.27893457366861774,0.27734375,1
156.55000000000135,0.27911781971821437,0.27734375,1
156.60000000000136,0.276583720440487,0.27734375,0
156.65000000000137,0.26984020345369225,0.30859375,0
156.70000000000138,0.2568651255250387,0.30859375,0
156.7500000000014,0.24526931392183743,0.6484375,0
156.8000000000014,0.23517887949254118,0.6796875,0
156.85000000000142,0.22429307528439182,0.64453125,0
156.90000000000143,0.21526775770373507,0.6484375,0
156.95000000000144,0.20556703449560776,0.21484375,0
157.00000000000145,0.16695442806320956,0.25390625,0
157.05000000000146,0.1372507913922338,0.21875,0
157.10000000000147,0.14388602390708163,0.2265625,0
157.15000000000148,0.13147981815692278,0.1796875,0
157.2000000000015,0.12549074206522412,0.37109375,0
157.2500000000015,0.14610723426786257,0.2265625,0
157.30000000000152,0.19311283987237501,0.4375,0
157.35000000000153,0.19455209597755624,0.18359375,0
157.40000000000154,0.1841347778923096,0.14453125,0
157.45000000000155,0.17416148002245596,0.1796875,0
157.50000000000156,0.14628256745843793,0.265625,0
157.55000000000157,0.12293267674124944,0.26171875,0
157.6000000000016,0.12249158988603903,0.28125,0
157.6500000000016,0.13820532023510163,0.21875,0
157.7000000000016,0.14569841755009047,0.2890625,0
157.75000000000162,0.14995197614833283,0.18359375,0
157.80000000000163,0.15360966341733565,0.1875,0
157.85000000000164,0.17375781057238782,0.13671875,0
157.90000000000165,0.17232579157303424,0.26953125,0
157.95000000000167,0.17163117231696648,0.1953125,0
158.00000000000168,0.1433691108342818,0.234375,0
158.0500000000017,0.13908256065004584,0.1953125,0
158.1000000000017,0.1472139095001302,0.16796875,0
158.1500000000017,0.13278105292825873,0.30078125,0
158.20000000000172,0.12236090105733766,0.1875,0
158.25000000000173,0.09558817558011942,0.2265625,0
158.30000000000175,0.13274776143156383,0.23046875,0
158.35000000000176,0.1718567897552198,0.2734375,0
158.40000000000177,0.16902444167330838,0.21875,0
158.45000000000178,0.15311308739191834,0.2578125,0
158.5000000000018,0.1609060200042536,0.14453125,0
158.5500000000018,0.15788756654899208,0.125,0
158.6000000000018,0.15764008472939703,0.21875,0
158.65000000000182,0.14887218357033294,0.15234375,0
158.70000000000184,0.1346048895574121,0.26953125,0
158.75000000000185,0.14580837308004752,0.1796875,0
158.80000000000186,0.14327654424929054,0.3671875,0
158.85000000000187,0.1584431667073459,0.0859375,0
158.90000000000188,0.14398499421951136,0.265625,0
158.9500000000019,0.15005361530751626,0.26953125,0
159.0000000000019,0.4741011726476846,0.19921875,0
159.05000000000192,0.4823961288935496,0.27734375,0
159.10000000000193,0.4589543032357128,0.375,0
159.15000000000194,0.43402160690684216,0.265625,0
159.20000000000195,0.4169417806379861,0.2734375,0
159.25000000000196,0.4225542845132396,0.34375,0
159.30000000000197,0.4250707780351939,0.22265625,1
159.35000000000198,0.3972438679926794,0.19140625,1
159.400000000002,0.3763578357810162,0.28125,1
159.450000000002,0.3588490868608438,0.328125,1
159.50000000000202,0.3472129210033559,0.2734375,1
159.55000000000203,0.34402619688950337,0.32421875,1
159.60000000000204,0.34258035993790703,0.23828125,1
159.65000000000205,0.34367523564386787,0.28125,1
159.70000000000206,0.34021218465414166,0.28515625,1
159.75000000000207,0.33325601014848494,0.1796875,1
159.8000000000021,0.3140455007177715,0.328125,1
159.8500000000021,0.29214547911401656,0.1796875,1
159.9000000000021,0.2654632634620376,0.1796875,1
159.95000000000212,0.25102745821605565,0.19921875,1
160.00000000000213,0.42129243633191865,0.30859375,1
160.05000000000214,0.4089029322853245,0.31640625,1
160.10000000000215,0.39902112185171534,0.2734375,1
160.15000000000217,0.3780710984506069,0.46484375,1
160.20000000000218,0.335895446367353,0.28515625,1
160.2500000000022,0.3344481096733385,0.265625,1
160.3000000000022,0.31190256321601934,0.28125,1
160.3500000000022,0.2911888254963274,0.19140625,1
160.40000000000222,0.2784984378092126,0.30859375,1
160.45000000000223,0.2931836359548464,0.36328125,1
160.50000000000225,0.27057137473107357,0.21875,1
160.55000000000226,0.24306459752855655,0.26171875,1
160.60000000000227,0.22392476223964913,0.16015625,1
160.65000000000228,0.21456493469713706,0.25390625,1
160.7000000000023,0.21614506542987047,0.1953125,1
160.7500000000023,0.2004678658569905,0.15625,1
160.8000000000023,0.18967293452806105,0.15234375,1
160.85000000000232,0.17544970994020134,0.25,1
160.90000000000234,0.15930631530655104,0.29296875,1
160.95000000000235,0.1904496786131803,0.3671875,1
161.00000000000236,0.36017222982799757,0.2890625,1
161.05000000000237,0.3680165253806167,0.453125,1
161.10000000000238,0.33266603026714375,0.3984375,1
161.1500000000024,0.304663836709545,0.3828125,1
161.2000000000024,0.27688225789151927,0.29296875,1
161.25000000000242,0.2795667304714251,0.31640625,1
161.30000000000243,0.2811112968392349,0.2109375,1
161.35000000000244,0.28052357531087313,0.41796875,1
161.40000000000245,0.2531945453024579,0.23046875,1
161.45000000000246,0.23453599116347074,0.42578125,1
161.50000000000247,0.25556446556900875,0.1640625,1
161.55000000000248,0.24098643040542025,0.26171875,1
161.6000000000025,0.22501212040307506,0.19140625,1
161.6500000000025,0.20201090431904106,0.28515625,1
161.70000000000252,0.1823728079659825,0.2578125,1
161.75000000000253,0.19164322461091007,0.25,1
161.80000000000254,0.19149492039727495,0.24609375,1
161.85000000000255,0.17327033129342095,0.296875,1
161.90000000000256,0.17650879351194954,0.1953125,1
161.95000000000258,0.1598804261775159,0.19140625,1
162.0000000000026,0.17073230612495835,0.3046875,1
162.0500000000026,0.14922490746295622,0.16015625,1
162.1000000000026,0.13360790972783806,0.14453125,1
162.15000000000262,0.1491628129099852,0.2578125,1
162.20000000000263,0.16156008652928383,0.26953125,1
162.25000000000264,0.12764103669622837,0.1875,1
162.30000000000265,0.14885608913576487,0.19140625,1
162.35000000000267,0.21018319661133503,0.1953125,1
162.40000000000268,0.1877281068071256,0.2578125,1
162.4500000000027,0.1853722233803805,0.3046875,1
162.5000000000027,0.16973455456853048,0.1953125,1
162.5500000000027,0.18111305444144468,0.1953125,1
162.60000000000272,0.1987754137592006,0.23828125,1
162.65000000000273,0.19724693044831693,0.31640625,1
162.70000000000275,0.18861565663819446,0.171875,1
162.75000000000276,0.2054310762490756,0.35546875,1
162.80000000000277,0.20987130525789754,0.328125,1
162.85000000000278,0.20336254716944768,0.203125,1
162.9000000000028,0.21814732109102652,0.3046875,1
162.9500000000028,0.18986617470988196,0.43359375,1
163.0000000000028,0.14779114668068008,0.26171875,1
163.05000000000283,0.15162698986840928,0.40234375,1
163.10000000000284,0.17090327287788357,0.37109375,1
163.15000000000285,0.2064512666253374,0.22265625,1
163.20000000000286,0.2034679095433072,0.29296875,1
163.25000000000287,0.5706018214098683,0.24609375,1
163.30000000000288,0.549766624060691,0.23828125,1
163.3500000000029,0.5349497102586142,0.19921875,1
163.4000000000029,0.5118037775008203,0.10546875,1
163.45000000000292,0.48222217741034146,0.12109375,1
163.50000000000293,0.4513897292175025,0.08203125,1
163.55000000000294,0.4197062455289203,0.25,1
163.60000000000295,0.3918832128627059,0.16796875,1
163.65000000000296,0.3840270641916903,0.22265625,1
163.70000000000297,0.3789303647274627,0.20703125,1
163.75000000000298,0.38423456697912733,0.203125,1
163.800000000003,0.381903550201153,0.23828125,1
163.850000000003,0.41101300192838913,0.25,1
163.90000000000302,0.4610656543001024,0.28125,1
163.95000000000303,0.4283124795346657,0.2421875,1
164.00000000000304,0.4594751235946604,0.1328125,1
164.05000000000305,0.44077236292917216,0.1640625,1
164.10000000000306,0.4594538846972483,0.23046875,1
164.15000000000308,0.4493203021718553,0.1171875,1
164.2000000000031,0.5116082322300036,0.203125,1
164.2500000000031,0.5487302395201596,0.1953125,1
164.3000000000031,0.3839953405547395,0.25390625,1
164.35000000000312,0.35691153018108773,0.28515625,1
164.40000000000313,0.35560560552507625,0.19921875,1
164.45000000000314,0.37280704606051024,0.1953125,1
164.50000000000315,0.3337473772498376,0.234375,1
164.55000000000317,0.3089431294694932,0.19140625,1
164.60000000000318,0.3646887614115887,0.140625,1
164.6500000000032,0.46424028779497345,0.1328125,1
164.7000000000032,0.43767249814925296,0.2109375,1
164.7500000000032,0.40058055626802563,0.09765625,1
164.80000000000322,0.3447753044898845,0.43359375,1
164.85000000000323,0.24010695711316998,0.17578125,1
164.90000000000325,0.321745387590048,0.203125,1
164.95000000000326,0.32885064373510553,0.30078125,1
165.00000000000327,0.30266567808430833,0.27734375,1
165.05000000000328,0.2987868955191712,0.23046875,1
165.1000000000033,0.25083456661665393,0.34375,1
165.1500000000033,0.2761489462347909,0.30859375,1
165.2000000000033,0.27119253577684094,0.20703125,1
165.25000000000333,0.1609763593153405,0.28515625,1
165.30000000000334,0.1621172941620201,0.23828125,1
165.35000000000335,0.17908574637370925,0.1484375,1
165.40000000000336,0.14863220487823642,0.1640625,1
165.45000000000337,0.16028424427759605,0.25390625,1
165.50000000000338,0.19001925838839628,0.3515625,1
165.5500000000034,0.20684454341180006,0.19921875,1
165.6000000000034,0.15508058361564192,0.26953125,1
165.65000000000342,0.16057576921592231,0.20703125,1
165.70000000000343,0.1670985805792131,0.52734375,1
165.75000000000344,0.21779845219631508,0.21484375,1
165.80000000000345,0.19497852943441235,0.1796875,1
165.85000000000346,0.1915582778712388,0.21875,1
165.90000000000347,0.2153333447835136,0.1640625,1
165.95000000000348,0.16917341817519163,0.14453125,1
166.0000000000035,0.24285259204357956,0.453125,1
166.0500000000035,0.2196063089406353,0.28515625,1
166.10000000000352,0.23227957572360722,0.2578125,1
166.15000000000353,0.2958965245068319,0.2265625,1
166.20000000000354,0.21795584278412308,0.30859375,1
166.25000000000355,0.23947794980667805,0.2265625,1
166.30000000000356,0.9999999507023161,0.2578125,1
166.35000000000358,0.9999999206520723,0.22265625,1
166.4000000000036,0.9999998704216784,0.15234375,1
166.4500000000036,0.17279529752173278,0.2109375,1
166.5000000000036,0.999999941253635,0.265625,1
166.55000000000362,0.23460411195059297,0.21875,1
166.60000000000363,0.9999990622350905,0.28125,1
166.65000000000364,0.21659836299882068,0.1484375,1
166.70000000000366,0.999999930067243,0.2421875,1
166.75000000000367,0.999999959757635,0.21875,1
166.80000000000368,0.27629693950131357,0.140625,1
166.8500000000037,0.36590077903059387,0.2109375,1
166.9000000000037,0.9999999229139265,0.18359375,1
166.9500000000037,0.2069130608179423,0.1484375,1
167.00000000000372,0.13002246716743227,0.234375,1
167.05000000000373,0.9999999505158345,0.21484375,1
167.10000000000375,0.12413344252100662,0.1796875,1
167.15000000000376,0.1427923516187937,0.14453125,1
167.20000000000377,0.16104803232872597,0.1796875,1
167.25000000000378,0.16401447400165994,0.23046875,1
167.3000000000038,0.1679408911587953,0.3125,1
167.3500000000038,0.2494600965285891,0.2265625,1
167.4000000000038,0.27886219998342116,0.30078125,1
167.45000000000383,0.26052818094404195,0.21484375,1
167.50000000000384,0.2174357118913392,0.2734375,1
167.55000000000385,0.20108005594188236,0.1640625,1
167.60000000000386,0.16487389392590635,0.28515625,1
167.65000000000387,0.2278008872658226,0.16796875,1
167.70000000000388,0.18676173048173003,0.1875,1
167.7500000000039,0.1878897654914966,0.13671875,1
167.8000000000039,0.16517965041562443,0.33984375,1
167.85000000000392,0.2100974511773487,0.1953125,1
167.90000000000393,0.1508162459513277,0.2265625,1
167.95000000000394,0.2168501517443229,0.2109375,1
168.00000000000395,0.99999999999999,0.2734375,1
168.05000000000396,0.8123920877347197,0.25,1
168.10000000000397,0.8093469058329,0.25,1
168.15000000000398,0.8044948979693891,0.3515625,1
168.200000000004,0.8100458600910536,0.359375,1
168.250000000004,0.9952640974053504,0.28515625,1
168.30000000000402,0.8008962869550582,0.3359375,1
168.35000000000403,0.7931133638715744,0.328125,1
168.40000000000404,0.9006363376844724,0.40234375,1
168.45000000000405,0.9999999999999886,0.39453125,1
168.50000000000406,0.9999999999999882,0.2890625,1
168.55000000000408,0.770493322387018,0.33203125,1
168.6000000000041,0.8120800191434012,0.27734375,1
168.6500000000041,0.7586842011245558,0.3359375,1
168.7000000000041,0.7559297668863802,0.3359375,1
168.75000000000412,0.7538872759597645,0.3359375,1
168.80000000000413,0.7483887425241783,0.3359375,1
168.85000000000414,0.7415261433644998,0.3671875,1
168.90000000000416,0.7394986846462445,0.3671875,1
168.95000000000417,0.7410877899453875,0.7109375,1
169.00000000000418,0.7829240438126694,0.7734375,1
169.0500000000042,0.7276033515011923,0.7734375,0
169.1000000000042,0.7309001884880995,0.7734375,0
169.1500000000042,0.7751025635714183,0.7734375,0
169.20000000000422,0.9999999944494539,0.7734375,0
169.25000000000423,0.9999999943501614,0.734375,0
169.30000000000425,0.9999999942955842,0.74609375,0
169.35000000000426,0.9999999999999948,0.33984375,0
169.40000000000427,0.9999999999999948,0.38671875,0
169.45000000000428,0.668783116699799,0.17578125,0
169.5000000000043,0.6564211804567764,0.3203125,0
169.5500000000043,0.642803248782384,0.2265625,0
169.60000000000431,0.999999993275647,0.16796875,0
169.65000000000433,0.6143369457052492,0.35546875,0
169.70000000000434,0.9999999917289156,0.22265625,0
169.75000000000435,0.5736401638073444,0.28515625,0
169.80000000000436,0.6591923359584396,0.23046875,0
169.85000000000437,0.5031702991238871,0.17578125,0
169.90000000000438,0.48137925361871015,0.32421875,0
169.9500000000044,0.4666310547519558,0.28125,0
170.0000000000044,0.3969768775388531,0.30859375,0
170.05000000000442,0.4139534524502313,0.3984375,0
170.10000000000443,0.3470424152541498,0.3984375,0
170.15000000000444,0.3311078184790515,0.3984375,0
170.20000000000445,0.28719431327604555,0.3984375,0
170.25000000000446,0.29130575957294,0.3984375,1
170.30000000000447,0.2897384243833736,0.3984375,1
170.35000000000448,0.281271256057294,0.3984375,1
170.4000000000045,0.268763433651492,0.3984375,1
170.4500000000045,0.26744180310478327,0.3984375,0
170.50000000000452,0.27055075219750047,0.3984375,0
170.55000000000453,0.2869122216851753,0.3984375,0
170.60000000000454,0.2852597382146027,0.3984375,0
170.65000000000455,0.999999999998809,0.3984375,0
170.70000000000456,0.9999994163987527,0.3984375,0
170.75000000000458,0.9999997611019142,0.3984375,0
170.8000000000046,0.9999998633979797,0.3984375,0
170.8500000000046,0.9999998704000215,0.3984375,0
170.9000000000046,0.9999998704000215,0.3984375,0
170.95000000000462,0.9999998704000215,0.3984375,0
171.00000000000463,0.7673406168374174,0.5,0
171.05000000000464,0.7666996381760368,0.5,0
171.10000000000466,0.7619865645700451,0.5,0
171.15000000000467,0.7570917008905566,0.5,0
171.20000000000468,0.7520041944378248,0.5,0
171.2500000000047,0.7473706598551715,0.5,1
171.3000000000047,0.7408232921051722,0.5,1
171.3500000000047,0.7346404563046482,0.5,1
171.40000000000472,0.7281615320812952,0.5,1
171.45000000000474,0.7213631931382227,0.5,1
171.50000000000475,0.7142192428663564,0.5,1
171.55000000000476,0.7067001069898754,0.5,1
171.60000000000477,0.6999985334979033,0.5,1
171.65000000000478,0.689864645779425,0.5,1
171.7000000000048,0.680347211369859,0.5,1
171.7500000000048,0.6701897644614292,0.5,1
171.80000000000481,0.6593166747695319,0.5,1
171.85000000000483,0.6476394603990439,0.5,1
171.90000000000484,0.6350546803877665,0.5,0
171.95000000000485,0.623936053487773,0.5234375,0
172.00000000000486,0.3709312407016714,0.52734375,0
172.05000000000487,0.3494608581894566,0.61328125,0
172.10000000000488,0.3260488161731353,0.61328125,0
172.1500000000049,0.3053263461174959,0.55859375,0
172.2000000000049,0.3007546059031193,0.54296875,0
172.25000000000492,0.29772644162123435,0.51953125,0
172.30000000000493,0.3253333595685354,0.515625,0
172.35000000000494,0.3047548957450959,0.30078125,0
172.40000000000495,0.32761284715897243,0.26953125,0
172.45000000000496,0.3395434095226585,0.34765625,0
172.50000000000497,0.269470211262728,0.234375,0
172.55000000000499,0.21165439588080398,0.2421875,0
172.600000000005,0.19286394659197534,0.24609375,0
172.650000000005,0.17612656596118573,0.234375,0
172.70000000000502,0.15109111155342683,0.28125,0
172.75000000000503,0.09365062539130074,0.234375,0
172.80000000000504,0.10219798269959467,0.3046875,0
172.85000000000505,0.2511421469457884,0.2734375,0
172.90000000000506,0.31131183158079206,0.33203125,0
172.95000000000508,0.25073186864319175,0.25,0
173.0000000000051,0.2820458337004884,0.20703125,0
173.0500000000051,0.25293983255050984,0.328125,0
173.1000000000051,0.1955346438476776,0.31640625,0
173.15000000000512,0.1256005835436074,0.2421875,0
173.20000000000513,0.18974681034539873,0.33203125,0
173.25000000000514,0.177396166416837,0.265625,0
173.30000000000516,0.23604757930215597,0.2734375,0
173.35000000000517,0.2818332571072925,0.29296875,0
173.40000000000518,0.24669283321903587,0.30078125,0
173.4500000000052,0.2140841849632904,0.20703125,0
173.5000000000052,0.17471944935476008,0.3046875,0
173.5500000000052,0.13431800521586004,0.31640625,0
173.60000000000522,0.21064962604877152,0.2421875,0
173.65000000000524,0.23832364247805302,0.33984375,0
173.70000000000525,0.306332108842053,0.24609375,0
173.75000000000526,0.2834448263610087,0.359375,0
173.80000000000527,0.23249357587732403,0.26171875,0
173.85000000000528,0.1747228140621498,0.26953125,0
173.9000000000053,0.2690938729918234,0.21484375,0
173.9500000000053,0.3146622466001307,0.25390625,0
174.00000000000531,0.2872832110326147,0.23046875,0
174.05000000000533,0.23468692937972527,0.3046875,0
174.10000000000534,0.2492749759760744,0.23828125,0
174.15000000000535,0.22338973559845296,0.2734375,0
174.20000000000536,0.21053052778925813,0.265625,0
174.25000000000537,0.2346791278829402,0.265625,0
174.30000000000538,0.26861971043955823,0.2578125,0
174.3500000000054,0.25607746341115584,0.23828125,0
174.4000000000054,0.24715212174836507,0.33203125,0
174.45000000000542,0.25894216251583574,0.23046875,0
174.50000000000543,0.29638142764290615,0.21484375,0
174.55000000000544,0.2837142655261053,0.23828125,0
174.60000000000545,0.2592441766162664,0.3671875,0
174.65000000000546,0.2344528337606448,0.2734375,0
174.70000000000547,0.29567403092864486,0.34375,0
174.75000000000549,0.33006124561485256,0.234375,0
174.8000000000055,0.347740095265587,0.29296875,0
174.8500000000055,0.3245076110942102,0.3359375,0
174.90000000000552,0.2901440484655588,0.3359375,0
174.95000000000553,0.33205474966029186,0.26953125,0
175.00000000000554,0.514080454020304,0.3046875,0
175.05000000000555,0.5034824764594891,0.328125,0
175.10000000000556,0.48467706380065406,0.3359375,0
175.15000000000558,0.45419503622880725,0.2578125,0
175.2000000000056,0.42750440855369604,0.328125,0
175.2500000000056,0.4173473015683169,0.29296875,0
175.3000000000056,0.34961738792529196,0.23046875,0
175.35000000000562,0.3881053263602939,0.32421875,0
175.40000000000563,0.32665091768997834,0.32421875,0
175.45000000000564,0.3027348313043285,0.2734375,0
175.50000000000566,0.288346179386688,0.2890625,0
175.55000000000567,0.3263913525261753,0.19921875,0
175.60000000000568,0.29895411088874735,0.24609375,0
175.6500000000057,0.2784226278730592,0.20703125,0
175.7000000000057,0.23380859074060312,0.20703125,0
175.7500000000057,0.23406270993107453,0.20703125,0
175.80000000000572,0.37517436227946105,0.20703125,0
175.85000000000574,0.3703133670343102,0.20703125,0
175.90000000000575,0.3695841833449894,0.2109375,0
175.95000000000576,0.36185698122031174,0.2109375,0
176.00000000000577,0.35048187977938605,0.29296875,0
176.05000000000578,0.34756086649552254,0.2890625,0
176.1000000000058,0.3214442338523126,0.2734375,0
176.1500000000058,0.2877903414485229,0.2109375,0
176.20000000000582,0.26365652162252706,0.26171875,0
176.25000000000583,0.24765942329402332,0.234375,0
176.30000000000584,0.2393194823219551,0.17578125,0
176.35000000000585,0.24306894813902913,0.18359375,0
176.40000000000586,0.24447701457220025,0.25390625,0
176.45000000000587,0.23175091466985182,0.25390625,0
176.50000000000588,0.21402209249685678,0.22265625,0
176.5500000000059,0.22185893958162628,0.22265625,0
176.6000000000059,0.20313532374114507,0.21875,0
176.65000000000592,0.18286539288904838,0.22265625,0
176.70000000000593,0.15631538917002183,0.22265625,0
176.75000000000594,0.15649849930267523,0.21875,0
176.80000000000595,0.17349110175484944,0.26171875,0
176.85000000000596,0.1783394064183087,0.1953125,0
176.90000000000597,0.165614873535909,0.2890625,0
176.95000000000599,0.16901604389348537,0.25,0
177.000000000006,0.38082253299148644,0.421875,0
177.050000000006,0.38435822026210714,0.33984375,0
177.10000000000602,0.39111332313439684,0.390625,0
177.15000000000603,0.39032448625192895,0.3359375,0
177.20000000000604,0.39976423217674084,0.421875,0
177.25000000000605,0.39486987155230113,0.29296875,0
177.30000000000607,0.3837196166693291,0.27734375,0
177.35000000000608,0.37502434882999935,0.16015625,0
177.4000000000061,0.3569395839343742,0.2734375,0
177.4500000000061,0.3453613389691155,0.1171875,0
177.5000000000061,0.3376293738042173,0.2265625,0
177.55000000000612,0.34138248521305037,0.3828125,0
177.60000000000613,0.3481218698812051,0.08984375,0
177.65000000000614,0.33349761524910093,0.3046875,0
177.70000000000616,0.3239540824651567,0.1015625,0
177.75000000000617,0.3075003471208414,0.28515625,0
177.80000000000618,0.3127527110891127,0.19140625,0
177.8500000000062,0.3154301324712979,0.1796875,0
177.9000000000062,0.3117927400007009,0.296875,0
177.9500000000062,0.3002512115251587,0.140625,0
178.00000000000622,0.28521971236481247,0.390625,0
178.05000000000624,0.27426811891583186,0.43359375,0
178.10000000000625,0.2408085751940376,0.4140625,0
178.15000000000626,0.24149537252665884,0.4140625,0
178.20000000000627,0.2457976564263911,0.4140625,0
178.25000000000628,0.2443845502764642,0.4140625,1
178.3000000000063,0.24267634833533602,0.4140625,1
178.3500000000063,0.24067637149185322,0.4140625,1
178.40000000000632,0.2385274820320413,0.4140625,1
178.45000000000633,0.24042949188162613,0.4140625,1
178.50000000000634,0.23560231927574302,0.4140625,1
178.55000000000635,0.22413597724440976,0.4140625,1
178.60000000000636,0.2225062863383433,0.43359375,0
178.65000000000637,0.21822439609127542,0.43359375,0
178.70000000000638,0.2155662414555686,0.421875,0
178.7500000000064,0.23505083669227467,0.63671875,0
178.8000000000064,0.25038860758320414,0.63671875,0
178.85000000000642,0.2551948335471023,0.6015625,0
178.90000000000643,0.25549794503463386,0.609375,0
178.95000000000644,0.25649157081264795,0.2578125,0
179.00000000000645,0.23400352616131886,0.27734375,0
179.05000000000646,0.21120456359566306,0.41015625,0
179.10000000000647,0.21357455406948747,0.24609375,0
179.1500000000065,0.20697334767743777,0.29296875,0
179.2000000000065,0.1893782173833509,0.32421875,0
179.2500000000065,0.18404540671801572,0.21875,0
179.30000000000652,0.21081599520025437,0.21875,0
179.35000000000653,0.18985081324954675,0.234375,0
179.40000000000654,0.1727512169607609,0.2578125,0
179.45000000000655,0.14362333133420946,0.3515625,0
179.50000000000657,0.1519595655176402,0.2734375,0
179.55000000000658,0.15884264594459718,0.20703125,0
179.6000000000066,0.15980372241819782,0.26171875,0
179.6500000000066,0.16157031259453028,0.1796875,0
179.7000000000066,0.15115913843183315,0.28515625,0
179.75000000000662,0.1697657166333818,0.29296875,0
179.80000000000663,0.184730326426599,0.30078125,0
179.85000000000664,0.2012476477199667,0.21875,0
179.90000000000666,0.18063857321900914,0.22265625,0
179.95000000000667,0.1817370184777028,0.3515625,0
180.00000000000668,0.40302625376015955,0.2265625,0
180.0500000000067,0.4078622380134471,0.30859375,0
180.1000000000067,0.40906721452044376,0.37890625,0
180.1500000000067,0.40158005092513177,0.28515625,0
180.20000000000672,0.3929896825930006,0.3828125,0
180.25000000000674,0.39819606545585756,0.234375,1
180.30000000000675,0.4034382894183397,0.30859375,1
180.35000000000676,0.3838342382434504,0.2109375,1
180.40000000000677,0.36846783721234383,0.265625,1
180.45000000000678,0.3601378264582281,0.25390625,1
180.5000000000068,0.3484544477704039,0.19921875,1
180.5500000000068,0.3417337653846682,0.15234375,1
180.60000000000682,0.3106983641351441,0.21484375,1
180.65000000000683,0.301836781840254,0.234375,1
180.70000000000684,0.3168429476261941,0.1484375,1
180.75000000000685,0.3173258965461527,0.234375,1
180.80000000000686,0.29986101558615713,0.171875,1
180.85000000000687,0.2955842115072033,0.23046875,1
180.90000000000688,0.3017366730537778,0.26171875,1
180.9500000000069,0.2877531756891107,0.19140625,1
181.0000000000069,0.4579211203916169,0.265625,1
181.05000000000692,0.4514453540883333,0.40234375,1
181.10000000000693,0.45658477818896914,0.30859375,1
181.15000000000694,0.4464638875179018,0.33203125,1
181.20000000000695,0.4373820470092939,0.20703125,1
181.25000000000696,0.41418823254248605,0.37109375,1
181.30000000000697,0.4112398352025632,0.23046875,1
181.350000000007,0.41369920294532264,0.26953125,1
181.400000000007,0.3995085490045345,0.23828125,1
181.450000000007,0.3946201519916912,0.2734375,1
181.50000000000702,0.38934138765954296,0.2734375,1
181.55000000000703,0.374856568005141,0.2421875,1
181.60000000000704,0.3728471022355871,0.23828125,1
181.65000000000705,0.36137825951879765,0.26171875,1
181.70000000000707,0.3622100929902672,0.16015625,1
181.75000000000708,0.34282992385073047,0.1484375,1
181.8000000000071,0.3232752939812652,0.25390625,1
181.8500000000071,0.30432164962863484,0.30859375,1
181.9000000000071,0.3018020642425696,0.16015625,1
181.95000000000712,0.3045982619227706,0.1953125,1
182.00000000000713,0.3091225099927357,0.30859375,1
182.05000000000715,0.3061030407794513,0.21875,1
182.10000000000716,0.27455749292875675,0.1640625,1
182.15000000000717,0.24710747427040808,0.2109375,1
182.20000000000718,0.2334505192568032,0.16796875,1
182.2500000000072,0.22755270849707482,0.28515625,1
182.3000000000072,0.23427881960124755,0.1171875,1
182.3500000000072,0.19504842131311612,0.1875,1
182.40000000000722,0.17354699166681117,0.36328125,1
182.45000000000724,0.17342270843870494,0.12109375,1
182.50000000000725,0.18566039244533417,0.2265625,1
182.55000000000726,0.2047336033373443,0.31640625,1
182.60000000000727,0.21133927187604679,0.19921875,1
182.65000000000728,0.22114619266054328,0.265625,1
182.7000000000073,0.2094359964019569,0.2421875,1
182.7500000000073,0.22283589558457753,0.1640625,1
182.80000000000732,0.20978871439329855,0.36328125,1
182.85000000000733,0.19355977676477482,0.2265625,1
182.90000000000734,0.18506945790913165,0.2734375,1
182.95000000000735,0.15927719097687693,0.18359375,1
183.00000000000736,0.566653743603251,0.37890625,1
183.05000000000737,0.5659531930763421,0.38671875,1
183.10000000000738,0.570944805939337,0.31640625,1
183.1500000000074,0.5618012264765626,0.31640625,1
183.2000000000074,0.5541063727395812,0.31640625,1
183.25000000000742,0.5445729093931392,0.31640625,1
183.30000000000743,0.5349187272662402,0.31640625,1
183.35000000000744,0.5254781117871165,0.31640625,1
183.40000000000745,0.5178633822766034,0.31640625,1
183.45000000000746,0.5135093401927222,0.31640625,1
183.50000000000747,0.50102420196136,0.31640625,1
183.5500000000075,0.4882785110302505,0.31640625,1
183.6000000000075,0.47707262523153066,0.31640625,1
183.6500000000075,0.46545962028927423,0.31640625,1
183.70000000000752,0.4535053753252516,0.31640625,1
183.75000000000753,0.4390074938825277,0.31640625,1
183.80000000000754,0.425984731383966,0.31640625,1
183.85000000000755,0.4069382071632833,0.31640625,1
183.90000000000757,0.38927902298429995,0.31640625,1
183.95000000000758,0.3714560079863552,0.31640625,1
184.0000000000076,0.35306048581663696,0.31640625,1
184.0500000000076,0.3340902828513068,0.31640625,1
184.1000000000076,0.31467503165798766,0.31640625,1
184.15000000000762,0.2990021058857592,0.31640625,1
184.20000000000763,0.28184464236770707,0.31640625,1
184.25000000000765,0.2713995317195992,0.31640625,1
184.30000000000766,0.26234564238255653,0.31640625,1
184.35000000000767,0.2588298102843357,0.31640625,1
184.40000000000768,0.25847017287020935,0.31640625,1
184.4500000000077,0.2593502288601913,0.31640625,1
184.5000000000077,0.26130425034870525,0.31640625,1
184.5500000000077,0.25948043480902977,0.31640625,1
184.60000000000773,0.25729589335805747,0.31640625,1
184.65000000000774,0.2530860767865122,0.31640625,1
184.70000000000775,0.25573943135447924,0.31640625,1
184.75000000000776,0.2575967321421263,0.31640625,1
184.80000000000777,0.25895545501695527,0.31640625,1
184.85000000000778,0.26134767697119343,0.31640625,1
184.9000000000078,0.26412290738728994,0.31640625,1
184.9500000000078,0.2649316859858446,0.31640625,1
185.00000000000782,0.4572214728958539,0.37890625,1
185.05000000000783,0.4556619907205418,0.37890625,1
185.10000000000784,0.4483249145937246,0.37890625,1
185.15000000000785,0.4408400995514441,0.37890625,1
185.20000000000786,0.43475796305992626,0.37890625,1
185.25000000000787,0.424994906351379,0.37890625,1
185.30000000000788,0.4165699114288025,0.37890625,1
185.3500000000079,0.40796303481395896,0.37890625,1
185.4000000000079,0.39917586875645356,0.37890625,1
185.45000000000792,0.3902117471907165,0.37890625,1
185.50000000000793,0.38107625510922144,0.37890625,1
185.55000000000794,0.37376991858679787,0.37890625,1
185.60000000000795,0.361824038777557,0.37890625,1
185.65000000000796,0.35165083408047604,0.37890625,1
185.70000000000798,0.34131830795191875,0.37890625,1
185.750000000008,0.3311487624159905,0.37890625,1
185.800000000008,0.32156559192296347,0.37890625,1
185.850000000008,0.315294781253308,0.37890625,1
185.90000000000802,0.30970094697077283,0.37890625,1
185.95000000000803,0.30337741793247097,0.37890625,1
186.00000000000804,0.4585426558213058,0.41015625,1
186.05000000000805,0.4523244754135746,0.41015625,1
186.10000000000807,0.44034859564115036,0.41015625,1
186.15000000000808,0.42832263652635605,0.41015625,1
186.2000000000081,0.4170408361881081,0.41015625,1
186.2500000000081,0.41272823918773033,0.41015625,1
186.3000000000081,0.4047724869444258,0.41015625,1
186.35000000000812,0.398082528208043,0.41015625,1
186.40000000000813,0.39009520307133916,0.41015625,1
186.45000000000815,0.38065454857539194,0.41015625,1
186.50000000000816,0.3710977125347454,0.41015625,1
186.55000000000817,0.36165340124953727,0.41015625,1
186.60000000000818,0.35687403265198947,0.41015625,1
186.6500000000082,0.3473507925673662,0.41015625,1
186.7000000000082,0.33987403331592597,0.41015625,1
186.7500000000082,0.3322023779241876,0.41015625,1
186.80000000000823,0.3243228126864655,0.41015625,1
186.85000000000824,0.316260272982305,0.41015625,1
186.90000000000825,0.30809779419249,0.41015625,1
186.95000000000826,0.302736367278617,0.41015625,1
187.00000000000827,0.32765735907054355,0.47265625,1
187.05000000000828,0.3316499419702877,0.47265625,1
187.1000000000083,0.3350662625814099,0.47265625,1
187.1500000000083,0.3350662625814099,0.47265625,1
187.20000000000832,0.3350662625814099,0.47265625,1
187.25000000000833,0.3350662625814099,0.47265625,1
187.30000000000834,0.3350662625814099,0.47265625,1
187.35000000000835,0.3350662625814099,0.47265625,1
187.40000000000836,0.3350662625814099,0.47265625,1
187.45000000000837,0.3350662625814099,0.47265625,1
187.50000000000838,0.3350662625814099,0.47265625,1
187.5500000000084,0.3350662625814099,0.47265625,1
187.6000000000084,0.3350662625814099,0.47265625,1
187.65000000000842,0.3350662625814099,0.47265625,1
187.70000000000843,0.3350662625814099,0.47265625,1
187.75000000000844,0.3350662625814099,0.47265625,1
187.80000000000845,0.3350662625814099,0.47265625,1
187.85000000000846,0.3350662625814099,0.47265625,1
187.90000000000848,0.3350662625814099,0.47265625,1
187.9500000000085,0.3350662625814099,0.47265625,1
188.0000000000085,0.32622007411866705,0.45703125,1
188.0500000000085,0.32887595592162827,0.45703125,1
188.10000000000852,0.32779683992785924,0.45703125,1
188.15000000000853,0.32674644582151585,0.45703125,1
188.20000000000854,0.3258009589136317,0.45703125,1
188.25000000000855,0.32497174632444903,0.45703125,1
188.30000000000857,0.32423212957923625,0.45703125,1
188.35000000000858,0.6153777319490651,0.45703125,1
188.4000000000086,0.5850653880406792,0.45703125,1
188.4500000000086,0.5579591736159648,0.45703125,1
188.5000000000086,0.5321241591773185,0.45703125,1
188.55000000000862,0.5050424188278572,0.45703125,1
188.60000000000863,0.4854838329819042,0.45703125,1
188.65000000000865,0.4706864371935954,0.45703125,1
188.70000000000866,0.4640978201747052,0.45703125,1
188.75000000000867,0.470770001501573,0.45703125,1
188.80000000000868,0.4835502501061269,0.45703125,1
188.8500000000087,0.4964098266597722,0.45703125,1
188.9000000000087,0.5111481562232825,0.45703125,1
188.9500000000087,0.5235796092008431,0.45703125,1
189.00000000000873,0.5066312965501873,0.49609375,1
189.05000000000874,0.5110127295353102,0.49609375,1
189.10000000000875,0.5375330502828177,0.49609375,1
189.15000000000876,0.533100321753895,0.49609375,1
189.20000000000877,0.5193864751807469,0.49609375,1
189.25000000000878,0.5071716290350654,0.49609375,1
189.3000000000088,0.5033820552953961,0.49609375,1
189.3500000000088,0.5206919585652137,0.49609375,1
189.40000000000882,0.6164734889189499,0.49609375,1
189.45000000000883,0.5346335515046214,0.49609375,1
189.50000000000884,0.5020294927725766,0.49609375,1
189.55000000000885,0.4863987487424254,0.49609375,1
189.60000000000886,0.4774113283359297,0.49609375,1
189.65000000000887,0.4707618359837541,0.49609375,1
189.70000000000888,0.46177539505798754,0.49609375,1
189.7500000000089,0.4440203668128538,0.49609375,1
189.8000000000089,0.4416661805724829,0.49609375,1
189.85000000000892,0.43452521686771955,0.49609375,1
189.90000000000893,0.4320638132856703,0.49609375,1
189.95000000000894,0.4290287964866533,0.49609375,1
190.00000000000895,0.42480278045898695,0.49609375,1
190.05000000000896,0.41944968770148106,0.49609375,1
190.10000000000898,0.41739701596536916,0.49609375,1
190.150000000009,0.41209345572623435,0.49609375,1
190.200000000009,0.41356721217694997,0.49609375,1
190.250000000009,0.41478339715681833,0.49609375,1
190.30000000000902,0.4147833971568184,0.49609375,1
190.35000000000903,0.41478339715681856,0.49609375,1
190.40000000000904,0.41478339715681856,0.49609375,1
190.45000000000906,0.41478339715681833,0.49609375,1
190.50000000000907,0.41478339715681833,0.49609375,1
190.55000000000908,0.4147833971568188,0.49609375,1
190.6000000000091,0.4147833971568188,0.49609375,1
190.6500000000091,0.41478339715681867,0.49609375,1
190.7000000000091,0.41478339715681856,0.49609375,1
190.75000000000912,0.41478339715681856,0.49609375,1
190.80000000000913,0.41478339715681856,0.49609375,1
190.85000000000915,0.4147833971568184,0.49609375,1
190.90000000000916,0.4147833971568184,0.49609375,1
190.95000000000917,0.41478339715681856,0.49609375,1
191.00000000000918,0.4147833971568184,0.49609375,1
191.0500000000092,0.41478339715681856,0.49609375,1
191.1000000000092,0.41478339715681856,0.49609375,1
191.15000000000921,0.41478339715681856,0.49609375,1
191.20000000000923,0.41478339715681856,0.49609375,1
191.25000000000924,0.41478339715681856,0.49609375,1
191.30000000000925,0.41478339715681856,0.49609375,1
191.35000000000926,0.41478339715681856,0.49609375,1
191.40000000000927,0.4147833971568184,0.49609375,1
191.45000000000928,0.4147833971568184,0.49609375,1
191.5000000000093,0.41478339715681856,0.49609375,1
191.5500000000093,0.41478339715681856,0.49609375,1
191.60000000000932,0.41478339715681856,0.49609375,1
191.65000000000933,0.41478339715681856,0.49609375,1
191.70000000000934,0.41478339715681856,0.49609375,1
191.75000000000935,0.41478339715681867,0.49609375,1
191.80000000000936,0.41478339715681867,0.49609375,1
191.85000000000937,0.4147833971568184,0.49609375,1
191.90000000000938,0.41478339715681856,0.49609375,1
191.9500000000094,0.41478339715681856,0.49609375,1
192.0000000000094,0.6528466710491986,0.45703125,1
192.05000000000942,0.6547847642114015,0.45703125,1
192.10000000000943,0.6509778935142224,0.45703125,1
192.15000000000944,0.6451770807777285,0.45703125,1
192.20000000000945,0.6430017682715736,0.45703125,1
192.25000000000946,0.6387508645835555,0.45703125,1
192.30000000000948,0.6344323161813983,0.45703125,1
192.3500000000095,0.6300450480419194,0.45703125,1
192.4000000000095,0.6255879642270537,0.45703125,1
192.4500000000095,0.6211885378367789,0.45703125,1
192.50000000000952,0.6145756294229089,0.45703125,0
192.55000000000953,0.6118084118626166,0.4765625,0
192.60000000000954,0.6068337993167091,0.4375,0
192.65000000000956,0.6005143670546538,0.609375,0
192.70000000000957,0.5936485952968807,0.62890625,0
192.75000000000958,0.5883980516173988,0.58984375,0
192.8000000000096,0.5830158439936429,0.6015625,0
192.8500000000096,0.5749463228253245,0.21875,0
192.9000000000096,0.5643398814485322,0.29296875,0
192.95000000000962,0.5391101748024308,0.23046875,0
193.00000000000963,0.9999999999999811,0.2421875,0
193.05000000000965,0.5210560580761451,0.2578125,0
193.10000000000966,0.4927712022281391,0.2734375,0
193.15000000000967,0.4711276785437789,0.2109375,0
193.20000000000968,0.440077663215108,0.23046875,0
193.2500000000097,0.4793732262730572,0.2578125,0
193.3000000000097,0.5277215824400848,0.30078125,0
193.35000000000971,0.39506424183808175,0.2265625,0
193.40000000000973,0.9999999789324109,0.203125,0
193.45000000000974,0.4050531859500784,0.2734375,0
193.50000000000975,0.39762083768918005,0.23828125,0
193.55000000000976,0.4300576586120464,0.26953125,0
193.60000000000977,0.3830547202608656,0.2265625,0
193.65000000000978,0.27486523366035487,0.171875,0
193.7000000000098,0.2848524046752567,0.1171875,0
193.7500000000098,0.22769376229226476,0.21875,0
193.80000000000982,0.19527086547310527,0.1796875,0
193.85000000000983,0.9999999999999021,0.1640625,0
193.90000000000984,0.9999999999998777,0.1953125,0
193.95000000000985,0.09300184052036688,0.1953125,0
194.00000000000986,0.7010927969828756,0.2265625,0
194.05000000000987,0.6845259221589504,0.2578125,0
194.10000000000989,0.6701905966817702,0.328125,0
194.1500000000099,0.6694944025023484,0.27734375,0
194.2000000000099,0.9999999999999943,0.31640625,1
194.25000000000992,0.9999999999999941,0.2578125,1
194.30000000000993,0.8022922450500047,0.21875,1
194.35000000000994,0.861518314980638,0.24609375,1
194.40000000000995,0.6456190054902011,0.28125,1
194.45000000000996,0.6706978965357291,0.25390625,1
194.50000000000998,0.9999999999999966,0.2421875,1
194.55000000001,0.9999999999999964,0.2265625,1
194.60000000001,0.9999999999999963,0.25,1
194.65000000001,0.7936985385321778,0.265625,1
194.70000000001002,0.6459933361696683,0.3359375,1
194.75000000001003,0.6177743500018674,0.203125,1
194.80000000001004,0.5958234888408127,0.26953125,1
194.85000000001006,0.5971408546532432,0.1953125,1
194.90000000001007,0.5828054412408579,0.17578125,1
194.95000000001008,0.595926721621356,0.21875,1
195.0000000000101,0.5762292278310038,0.23046875,1
195.0500000000101,0.5732256222486636,0.1796875,1
195.1000000000101,0.5647280766215732,0.2109375,1
195.15000000001012,0.5225059414150418,0.21875,1
195.20000000001014,0.4971400845722232,0.328125,1
195.25000000001015,0.49062863953695207,0.21875,1
195.30000000001016,0.47434767457915855,0.140625,1
195.35000000001017,0.46146643089657097,0.2109375,1
195.40000000001018,0.4430368714356151,0.24609375,1
195.4500000000102,0.4700195425720878,0.21484375,1
195.5000000000102,0.4323385541015135,0.24609375,1
195.55000000001021,0.41020095546816526,0.2421875,1
195.60000000001023,0.37397900212878044,0.21875,1
195.65000000001024,0.38455304877241697,0.17578125,1
195.70000000001025,0.3485078847731464,0.27734375,1
195.75000000001026,0.3435470823959244,0.21875,1
195.80000000001027,0.9999999797769016,0.203125,1
195.85000000001028,0.9999999663763786,0.171875,1
195.9000000000103,0.126895895460443,0.1484375,1
195.9500000000103,0.13755826149858777,0.171875,1
196.00000000001032,0.23111889792982265,0.234375,1
196.05000000001033,0.2116743700768001,0.14453125,1
196.10000000001034,0.16569997887725152,0.2421875,1
196.15000000001035,0.20334051301331563,0.20703125,1
196.20000000001036,0.15383323338341606,0.20703125,1
196.25000000001037,0.19714918322427802,0.31640625,1
196.30000000001039,0.19107064580253827,0.2265625,1
196.3500000000104,0.9999999088934552,0.16015625,1
196.4000000000104,0.20752673870167254,0.13671875,1
196.45000000001042,0.19197627050812466,0.234375,1
196.50000000001043,0.15505791120839157,0.1640625,1
196.55000000001044,0.09471014389171513,0.296875,1
196.60000000001045,0.13815911424013416,0.15234375,1
196.65000000001046,0.055934321127333694,0.14453125,1
196.70000000001048,0.1620997389662643,0.17578125,1
196.7500000000105,0.15556074844396775,0.2421875,1
196.8000000000105,0.12572059051939255,0.1953125,1
196.8500000000105,0.1740548860703441,0.19140625,1
196.90000000001052,0.17428731059460187,0.24609375,1
196.95000000001053,0.18236657680744994,0.27734375,1
197.00000000001054,0.6912504536675864,0.3671875,1
197.05000000001056,0.6953493908340598,0.359375,1
197.10000000001057,0.683884349257759,0.328125,1
197.15000000001058,0.6753185413994427,0.3203125,1
197.2000000000106,0.6664609883198166,0.32421875,1
197.2500000000106,0.6590806295360443,0.28515625,1
197.3000000000106,0.6582887206013973,0.375,1
197.35000000001062,0.652707000896235,0.21875,1
197.40000000001064,0.6472044036709662,0.33984375,1
197.45000000001065,0.6431639647719486,0.21484375,1
197.50000000001066,0.6334403593254286,0.25390625,1
197.55000000001067,0.6063719237813487,0.203125,1
197.60000000001068,0.5980350564025444,0.27734375,1
197.6500000000107,0.7302832630438156,0.16015625,1
197.7000000000107,0.9999999933698988,0.16015625,1
197.75000000001071,0.9999999934458856,0.1796875,1
197.80000000001073,0.6016687921077017,0.171875,1
197.85000000001074,0.5344071497357843,0.203125,1
197.90000000001075,0.4993575980231511,0.17578125,1
197.95000000001076,0.5907799220266555,0.1640625,1
198.00000000001077,0.6840813565586034,0.33984375,1
198.05000000001078,0.6759054604119213,0.33984375,1
198.1000000000108,0.6742410375165366,0.28125,1
198.1500000000108,0.65340713587725,0.25390625,1
198.20000000001082,0.627447408191856,0.26171875,1
198.25000000001083,0.6178248932257546,0.2578125,1
198.30000000001084,0.5913453888079987,0.22265625,1
198.35000000001085,0.5710537146865544,0.24609375,1
198.40000000001086,0.5809245910008637,0.21484375,1
198.45000000001087,0.5140804147243898,0.21875,1
198.50000000001089,0.4934972067602471,0.22265625,1
198.5500000000109,0.45897370716358127,0.26171875,1
198.6000000000109,0.4437142363958076,0.3046875,1
198.65000000001092,0.42295876018480194,0.24609375,1
198.70000000001093,0.4792257569706547,0.30859375,1
198.75000000001094,0.4055938623459915,0.21484375,1
198.80000000001095,0.36312145000965834,0.234375,1
198.85000000001097,0.29831167378471074,0.171875,1
198.90000000001098,0.22847899964829166,0.21875,1
198.950000000011,0.21826931328694057,0.265625,1
199.000000000011,0.5584398223460081,0.3828125,1
199.050000000011,0.5336908866566623,0.33203125,1
199.10000000001102,0.5048208352934854,0.3671875,1
199.15000000001103,0.4961157072079117,0.30078125,1
199.20000000001104,0.4611210711730062,0.2890625,1
199.25000000001106,0.41259570773112175,0.20703125,1
199.30000000001107,0.3497597945124623,0.2734375,1
199.35000000001108,0.3632943218500513,0.21484375,1
199.4000000000111,0.3598780984566915,0.3359375,1
199.4500000000111,0.3785810016546637,0.17578125,1
199.5000000000111,0.3337322675922642,0.24609375,1
199.55000000001112,0.21201936520036727,0.23828125,1
199.60000000001114,0.23557532812864107,0.1640625,1
199.65000000001115,0.24205832557408627,0.421875,1
199.70000000001116,0.1323369656343898,0.2109375,1
199.75000000001117,0.1358538844830485,0.1875,1
199.80000000001118,0.9999999999999397,0.22265625,1
199.8500000000112,0.9999999999999536,0.1328125,1
199.9000000000112,0.3059925468056258,0.16015625,1
199.95000000001122,0.29233469465290635,0.21484375,1
200.00000000001123,0.6928898942959172,0.40625,1
200.05000000001124,0.41420676451476934,0.390625,1
200.10000000001125,0.38521221831793684,0.25,1
200.15000000001126,0.3707685500929352,0.2890625,1
200.20000000001127,0.3481358386754003,0.29296875,1
200.25000000001128,0.2958284193208065,0.27734375,1
200.3000000000113,0.32486879527208873,0.359375,1
200.3500000000113,0.9999999999999754,0.20703125,1
200.40000000001132,0.25900518386274674,0.33203125,1
200.45000000001133,0.9999999999984843,0.21484375,1
200.50000000001134,0.18728074276296422,0.29296875,1
200.55000000001135,0.23501248365611802,0.25390625,1
200.60000000001136,0.20365173584396468,0.28515625,1
200.65000000001137,0.20778761708977941,0.29296875,1
200.70000000001139,0.24281468469297973,0.359375,1
200.7500000000114,0.30513410968583404,0.1953125,1
200.8000000000114,0.2742680231569033,0.29296875,1
200.85000000001142,0.24489349934180618,0.328125,1
200.90000000001143,0.37989058801472025,0.25390625,1
200.95000000001144,0.3813131911088762,0.24609375,1
201.00000000001145,0.35899139632380317,0.23828125,1
201.05000000001147,0.34789987347848006,0.20703125,1
201.10000000001148,0.33184200313046697,0.265625,1
201.1500000000115,0.3209423810182972,0.20703125,1
201.2000000000115,0.31703162651692185,0.1875,1
201.2500000000115,0.3051277030414529,0.1953125,1
201.30000000001152,0.2761551131209428,0.1640625,1
201.35000000001153,0.2539325873386346,0.22265625,1
201.40000000001154,0.24448693007631303,0.265625,1
201.45000000001156,0.23948144524930742,0.24609375,1
201.50000000001157,0.21968119605157538,0.19140625,1
201.55000000001158,0.2160156365619542,0.109375,1
201.6000000000116,0.2077302096408144,0.21875,1
201.6500000000116,0.20233576254893865,0.19140625,1
201.7000000000116,0.21143114790281423,0.22265625,1
201.75000000001162,0.21554400057087494,0.25390625,1
201.80000000001164,0.2271128075187468,0.1953125,1
201.85000000001165,0.21268481399299657,0.23046875,1
201.90000000001166,0.2081542144736379,0.1953125,1
201.95000000001167,0.19586555909808562,0.23046875,1
202.00000000001168,0.28023502317537974,0.2734375,1
202.0500000000117,0.2783844398518223,0.22265625,1
202.1000000000117,0.28615857489634744,0.234375,1
202.15000000001172,0.28128542923072475,0.21875,1
202.20000000001173,0.2628150996992722,0.35546875,1
202.25000000001174,0.2571212763622418,0.18359375,1
202.30000000001175,0.2522336332655368,0.2578125,1
202.35000000001176,0.251960525534175,0.25,1
202.40000000001177,0.2491761098977546,0.2265625,1
202.45000000001178,0.24495888775314414,0.171875,1
202.5000000000118,0.25936139082323817,0.22265625,1
202.5500000000118,0.26950192580130433,0.140625,1
202.60000000001182,0.26358619562544233,0.21875,1
202.65000000001183,0.25050451806162827,0.25390625,1
202.70000000001184,0.22746646771788076,0.171875,1
202.75000000001185,0.22138737000538242,0.21484375,1
202.80000000001186,0.21639254349336468,0.17578125,1
202.85000000001187,0.21262197438663336,0.25,1
202.9000000000119,0.2272947466648016,0.2265625,1
202.9500000000119,0.2434259103741952,0.1328125,1
203.0000000000119,0.37654036598875174,0.36328125,1
203.05000000001192,0.3865488014101732,0.3203125,1
203.10000000001193,0.3789846214874469,0.2265625,1
203.15000000001194,0.37090366456854496,0.2734375,1
203.20000000001195,0.35888012901989824,0.35546875,1
203.25000000001197,0.3660174589586005,0.1796875,1
203.30000000001198,0.36312571795120474,0.171875,1
203.350000000012,0.3471134444863755,0.203125,1
203.400000000012,0.32488689762590744,0.30859375,1
203.450000000012,0.3082497351180297,0.3671875,1
203.50000000001202,0.29297795256789494,0.16796875,1
203.55000000001203,0.27865152134850724,0.2265625,1
203.60000000001205,0.2661592468805861,0.2734375,1
203.65000000001206,0.258009243613625,0.1953125,1
203.70000000001207,0.2647799007031367,0.25390625,1
203.75000000001208,0.2699150551354252,0.26953125,1
203.8000000000121,0.2601780873429577,0.20703125,1
203.8500000000121,0.25407588228479955,0.16015625,1
203.9000000000121,0.2738064602927771,0.32421875,1
203.95000000001212,0.2703036054522501,0.1796875,1
204.00000000001214,0.21745349573676723,0.1796875,1
204.05000000001215,0.195197805753411,0.35546875,1
204.10000000001216,0.18634826722629982,0.42578125,1
204.15000000001217,0.18011832097752556,0.31640625,1
204.20000000001218,0.20084233378195074,0.32421875,1
204.2500000000122,0.18035200801472853,0.22265625,1
204.3000000000122,0.16228732695429335,0.23046875,1
204.35000000001222,0.1686904282895332,0.21484375,1
204.40000000001223,0.17289510025492355,0.17578125,1
204.45000000001224,0.15533190842304742,0.296875,1
204.50000000001225,0.15877853149034918,0.3359375,1
204.55000000001226,0.16458554816441343,0.21484375,1
204.60000000001227,0.1427561342358973,0.1953125,1
204.65000000001228,0.12406350342521351,0.31640625,1
204.7000000000123,0.13072350467756658,0.1484375,1
204.7500000000123,0.11873730487279895,0.203125,1
204.80000000001232,0.1332918794650993,0.13671875,1
204.85000000001233,0.14848824570117666,0.2421875,1
204.90000000001234,0.1568983802151664,0.24609375,1
204.95000000001235,0.11217851231522546,0.16015625,1
205.00000000001236,0.39214477614835547,0.17578125,1
205.05000000001237,0.4079827152271147,0.296875,1
205.1000000000124,0.4069302871326758,0.34375,1
205.1500000000124,0.41659723559452316,0.1796875,1
205.2000000000124,0.40883882094344715,0.1953125,1
205.25000000001242,0.38800180503100157,0.30078125,1
205.30000000001243,0.4058621452199136,0.25390625,1
205.35000000001244,0.41669200668963463,0.24609375,1
205.40000000001245,0.41919242795981226,0.21875,1
205.45000000001247,0.4090096886249722,0.30859375,0
205.50000000001248,0.3983585202043508,0.3359375,1
205.5500000000125,0.3913817725151661,0.58984375,1
205.6000000000125,0.37378799928161643,0.62109375,1
205.6500000000125,0.357969366070691,0.62109375,1
205.70000000001252,0.348153614871006,0.62109375,1
205.75000000001253,0.34651462545513884,0.62109375,1
205.80000000001255,0.3473790841699106,0.74609375,1
205.85000000001256,0.34928062697117074,0.74609375,1
205.90000000001257,0.3508622815987908,0.74609375,1
205.95000000001258,0.3502365974801675,0.74609375,0
206.0000000000126,0.5661952963545853,0.80078125,1
206.0500000000126,0.5635097559044006,0.80078125,1
206.1000000000126,0.5662383421789984,0.80078125,1
206.15000000001262,0.5581454048539438,0.80078125,1
206.20000000001264,0.5559717248859384,0.80078125,1
206.25000000001265,0.5508970679729024,0.80078125,0
206.30000000001266,0.5462515394889315,0.80078125,1
206.35000000001267,0.5402034219156397,0.8359375,1
206.40000000001268,0.5346570458866655,0.8359375,0
206.4500000000127,0.5308733292324221,0.8359375,0
206.5000000000127,0.5256023274338749,0.8359375,0
206.55000000001272,0.5220289386040822,0.8359375,0
206.60000000001273,0.5183925070239951,0.8359375,1
206.65000000001274,0.5150371238104818,0.8359375,1
206.70000000001275,0.5102335658537827,0.8359375,1
206.75000000001276,0.5043499975238902,0.8359375,1
206.80000000001277,0.4982985065229263,0.8359375,1
206.85000000001278,0.49187503325942844,0.8359375,0
206.9000000000128,0.4855226047992506,0.8359375,1
206.9500000000128,0.48173270279095715,0.8359375,1
207.00000000001282,0.4635165377363816,0.78125,1
207.05000000001283,0.4629429505984399,0.78125,1
207.10000000001284,0.4637494550219611,0.78125,0
207.15000000001285,0.4690595861199719,0.78125,1
207.20000000001286,0.46599379181787304,0.78125,1
207.25000000001288,0.4632603657326821,0.78125,1
207.3000000000129,0.46432220458585627,0.78125,1
207.3500000000129,0.4637797455140436,0.78125,1
207.4000000000129,0.46272904328156117,0.78125,0
207.45000000001292,0.4614249826447208,0.78125,1
207.50000000001293,0.4606778770023084,0.78125,1
207.55000000001294,0.4568666469284525,0.78125,1
207.60000000001295,0.4539074588490605,0.78125,1
207.65000000001297,0.4482957868373523,0.78125,0
207.70000000001298,0.44161545584654943,0.78125,1
207.750000000013,0.43588972007661075,0.78125,1
207.800000000013,0.4303379264427673,0.78125,1
207.850000000013,0.4242873586245479,0.78125,1
207.90000000001302,0.42245250464505474,0.78125,1
207.95000000001303,0.4237200061720869,0.78125,1
208.00000000001305,0.4250564753307279,0.78125,1
208.05000000001306,0.4250717271178302,0.78125,1
208.10000000001307,0.42514429727325476,0.78125,1
208.15000000001308,0.4252670641677952,0.78125,1
208.2000000000131,0.4264033013732301,0.78125,0
208.2500000000131,0.4253393230297955,0.78125,1
208.3000000000131,0.4227389729220991,0.78125,1
208.35000000001313,0.42689054155503875,0.78125,1
208.40000000001314,0.43035663632985344,0.78125,1
208.45000000001315,0.43346184379807434,0.78125,0
208.50000000001316,0.43633694798681477,0.78125,1
208.55000000001317,0.4412248108292033,0.78125,1
208.60000000001318,0.4403853472309268,0.78125,1
208.6500000000132,0.44170214921017004,0.78125,1
208.7000000000132,0.43730456437618537,0.78125,1
208.75000000001322,0.43508721215291546,0.78125,0
208.80000000001323,0.4328455649832841,0.78125,1
208.85000000001324,0.4323623926620734,0.78125,1
208.90000000001325,0.43459592429937144,0.78125,1
208.95000000001326,0.43488354674533863,0.78125,1
209.00000000001327,0.5429314336805697,0.84375,0
209.05000000001328,0.5450638366554567,0.84375,1
209.1000000000133,0.5421957260750887,0.84375,1
209.1500000000133,0.5393022908000233,0.84375,1
209.20000000001332,0.5349742912620573,0.84375,1
209.25000000001333,0.5313386127902294,0.84375,1
209.30000000001334,0.5253888514462984,0.84375,0
209.35000000001335,0.5192887032015038,0.84375,1
209.40000000001336,0.5144781219827479,0.84375,1
209.45000000001338,0.5093201528471899,0.84375,1
209.5000000000134,0.5041086095260254,0.84375,1
209.5500000000134,0.4988508326619427,0.84375,0
209.6000000000134,0.4948495881795903,0.84375,0
209.65000000001342,0.48797555976279033,0.875,1
209.70000000001343,0.478096732400402,0.875,1
209.75000000001344,0.4723300941308113,0.875,1
209.80000000001345,0.46660297331359973,0.875,1
209.85000000001347,0.46097669541334163,0.875,1
209.90000000001348,0.4555452710489669,0.875,1
209.9500000000135,0.4519365958736983,0.875,1
210.0000000000135,0.44635531210415286,0.875,1
210.0500000000135,0.4479121528697448,0.875,1
210.10000000001352,0.4463072037050432,0.875,1
210.15000000001353,0.4466156942690213,0.875,1
210.20000000001355,0.4466156942690213,0.875,1
210.25000000001356,0.4466156942690211,0.875,0
210.30000000001357,0.4466156942690211,0.875,0
210.35000000001358,0.4466156942690213,0.875,0
210.4000000000136,0.4466156942690213,0.875,0
210.4500000000136,0.4466156942690213,0.84375,0
210.5000000000136,0.4466156942690213,0.83203125,0
210.55000000001363,0.4466156942690213,0.8359375,0
210.60000000001364,0.44661569426902137,0.234375,0
210.65000000001365,0.44661569426902137,0.28515625,0
210.70000000001366,0.43064526059607555,0.32421875,0
210.75000000001367,0.41365034827301084,0.296875,0
210.80000000001368,0.4052987554681419,0.3515625,0
210.8500000000137,0.38408503018749235,0.46484375,0
210.9000000000137,0.36250566043430843,0.23828125,0
210.95000000001372,0.33756336348168514,0.1953125,0
211.00000000001373,0.30913821517576434,0.3515625,0
211.05000000001374,0.2928877055183783,0.1796875,0
211.10000000001375,0.27905827948037126,0.328125,0
211.15000000001376,0.2704081505274656,0.171875,0
211.20000000001377,0.24317996962622535,0.359375,0
211.25000000001378,0.23613993065812025,0.26171875,0
211.3000000000138,0.21814950242379882,0.18359375,0
211.3500000000138,0.21331638934370145,0.30859375,0
211.40000000001382,0.2144414565661788,0.23828125,0
211.45000000001383,0.1994730070056912,0.328125,0
211.50000000001384,0.19229416027317325,0.23828125,0
211.55000000001385,0.18672368241648352,0.28125,0
211.60000000001386,0.18484970105310444,0.33203125,0
211.65000000001388,0.17645043309578787,0.2265625,0
211.7000000000139,0.16343547232858366,0.23046875,0
211.7500000000139,0.16102230086946814,0.18359375,0
211.8000000000139,0.16446369287922996,0.23046875,0
211.85000000001392,0.16619525868156534,0.26953125,0
211.90000000001393,0.16548592558368388,0.32421875,0
211.95000000001394,0.14812153402332331,0.26171875,0
212.00000000001396,0.3452317399688184,0.2421875,0
212.05000000001397,0.34972584403477824,0.140625,0
212.10000000001398,0.33680503744640694,0.30078125,0
212.150000000014,0.31088845851091323,0.20703125,0
212.200000000014,0.2877004256019189,0.359375,0
212.250000000014,0.284221107750963,0.2890625,0
212.30000000001402,0.28351890494750115,0.125,0
212.35000000001403,0.2823446192388264,0.15625,0
212.40000000001405,0.2855509216363424,0.13671875,0
212.45000000001406,0.26298550005403015,0.17578125,0
212.50000000001407,0.24745761106545344,0.203125,0
212.55000000001408,0.23228903068863346,0.29296875,0
212.6000000000141,0.20879961214939854,0.3203125,0
212.6500000000141,0.1981041826791655,0.1875,0
212.70000000001411,0.2143896281594768,0.23046875,0
212.75000000001413,0.21055778714033827,0.19140625,0
212.80000000001414,0.19628130389462267,0.2578125,0
212.85000000001415,0.19956418865070336,0.265625,0
212.90000000001416,0.19092778089612472,0.13671875,0
212.95000000001417,0.20552584237843605,0.046875,0
213.00000000001418,0.20596502161440827,0.17578125,0
213.0500000000142,0.21935635023662703,0.19921875,0
213.1000000000142,0.22647369184115174,0.41015625,0
213.15000000001422,0.20983899329871875,0.22265625,0
213.20000000001423,0.19777516641867265,0.23828125,0
213.25000000001424,0.16597847668246773,0.09375,0
213.30000000001425,0.1785241382968868,0.49609375,0
213.35000000001426,0.15950442898327397,0.14453125,0
213.40000000001427,0.16530520647882,0.22265625,0
213.45000000001428,0.5794872243601198,0.32421875,0
213.5000000000143,0.5729354916087446,0.41015625,0
213.5500000000143,0.5696977050791867,0.1484375,0
213.60000000001432,0.5579249011436008,0.3671875,0
213.65000000001433,0.5338807540967747,0.2734375,0
213.70000000001434,0.489940142092088,0.25,0
213.75000000001435,0.45689260404017684,0.14453125,0
213.80000000001436,0.42410067325278467,0.14453125,0
213.85000000001438,0.39802895741810473,0.390625,0
213.9000000000144,0.390317880713937,0.25,0
213.9500000000144,0.38766907687100244,0.25390625,0
214.0000000000144,0.411548891984965,0.1875,0
214.05000000001442,0.4584228938167172,0.30078125,0
214.10000000001443,0.47902050336678015,0.265625,0
214.15000000001444,0.45455974050801784,0.328125,0
214.20000000001446,0.4517636694820113,0.4140625,0
214.25000000001447,0.5089814872241394,0.2734375,0
214.30000000001448,0.4287951464602476,0.1796875,0
214.3500000000145,0.402084216590225,0.19921875,0
214.4000000000145,0.4665318880109055,0.296875,0
214.4500000000145,0.5899153535771083,0.36328125,0
214.50000000001452,0.5618318132377581,0.234375,0
214.55000000001453,0.5134181351213835,0.203125,0
214.60000000001455,0.533848426428091,0.2109375,0
214.65000000001456,0.4348042508309881,0.36328125,0
214.70000000001457,0.38027581022965695,0.25,0
214.75000000001458,0.35096684904739855,0.25,0
214.8000000000146,0.35760106687022153,0.24609375,0
214.8500000000146,0.31985592589543965,0.26171875,0
214.90000000001461,0.2812479654393977,0.25390625,0
214.95000000001463,0.27861518605177715,0.1484375,0
215.00000000001464,0.24934830797755192,0.375,0
215.05000000001465,0.279533923805189,0.328125,0
215.10000000001466,0.22855725318037387,0.15234375,0
215.15000000001467,0.25301172669885447,0.2734375,0
215.20000000001468,0.2504863238611655,0.296875,0
215.2500000000147,0.22429119781478676,0.23046875,0
215.3000000000147,0.21907778175772663,0.34765625,0
215.35000000001472,0.2120313865750723,0.15625,0
215.40000000001473,0.2654424741861248,0.2734375,0
215.45000000001474,0.31978143189016545,0.2109375,0
215.50000000001475,0.247622813026738,0.27734375,0
215.55000000001476,0.1929179794893101,0.3046875,0
215.60000000001477,0.2240442901691212,0.31640625,0
215.65000000001478,0.22997918006685475,0.15625,0
215.7000000000148,0.16790500858003904,0.20703125,0
215.7500000000148,0.16401580658552387,0.42578125,0
215.80000000001482,0.2068464424498837,0.2265625,0
215.85000000001483,0.28301001755946253,0.171875,0
215.90000000001484,0.22478006598477157,0.34765625,0
215.95000000001485,0.22447359439721246,0.26171875,0
216.00000000001486,0.38420221538872906,0.390625,0
216.05000000001488,0.3574091595380332,0.30859375,0
216.1000000000149,0.3790266191585901,0.19140625,0
216.1500000000149,0.3021484175155424,0.22265625,0
216.2000000000149,0.270504004297358,0.38671875,0
216.25000000001492,0.2838070520025901,0.21484375,0
216.30000000001493,0.19453935094683691,0.16015625,0
216.35000000001494,0.19916164925493696,0.35546875,0
216.40000000001496,0.9999999495150456,0.1875,0
216.45000000001497,0.9999998832713856,0.3671875,0
216.50000000001498,0.9999999533093851,0.22265625,0
216.550000000015,0.9999999735230899,0.18359375,0
216.600000000015,0.27294525967327826,0.2109375,0
216.650000000015,0.22252286135643715,0.31640625,0
216.70000000001502,0.22352122146243342,0.28515625,0
216.75000000001504,0.20150935071224885,0.171875,0
216.80000000001505,0.16758513526207694,0.34375,0
216.85000000001506,0.18346182664777186,0.265625,0
216.90000000001507,0.2185594228521375,0.21875,0
216.95000000001508,0.17219410294761908,0.33984375,0
217.0000000000151,0.20468591113658732,0.1796875,0
217.0500000000151,0.15236551801051385,0.1796875,0
217.10000000001511,0.11413150133590914,0.2265625,0
217.15000000001513,0.17819708804137696,0.23828125,0
217.20000000001514,0.21746801607941513,0.26171875,0
217.25000000001515,0.2627595208079096,0.3515625,0
217.30000000001516,0.25657016768349844,0.1953125,0
217.35000000001517,0.20688538190844458,0.296875,0
217.40000000001518,0.184833677804721,0.26953125,0
217.4500000000152,0.16985418852526407,0.15234375,0
217.5000000000152,0.14489666311279298,0.171875,0
217.55000000001522,0.20735115976548882,0.171875,0
217.60000000001523,0.9999999720326657,0.18359375,0
217.65000000001524,0.9999999714575842,0.19140625,0
217.70000000001525,0.9999999653306471,0.2265625,0
217.75000000001526,0.999999939159585,0.2265625,0
217.80000000001527,0.2513247767996474,0.2578125,0
217.85000000001529,0.9999999721780912,0.2578125,0
217.9000000000153,0.19641351412691282,0.23046875,0
217.9500000000153,0.21911355139573294,0.26953125,0
218.00000000001532,0.1858097599212664,0.2265625,0
218.05000000001533,0.14273239953596892,0.22265625,0
218.10000000001534,0.1896262422463365,0.30859375,0
218.15000000001535,0.21764793250840564,0.22265625,0
218.20000000001536,0.19352471198829077,0.21484375,0
218.25000000001538,0.2382171882831096,0.20703125,0
218.3000000000154,0.271295447246874,0.3828125,0
218.3500000000154,0.3515135254158099,0.1328125,0
218.4000000000154,0.2962932243322649,0.171875,0
218.45000000001542,0.22431520774691094,0.265625,0
218.50000000001543,0.18914913243169626,0.390625,0
218.55000000001544,0.2112263591825188,0.24609375,0
218.60000000001546,0.17724479526936177,0.18359375,0
218.65000000001547,0.21741105040727304,0.28125,0
218.70000000001548,0.2289977835569164,0.3046875,0
218.7500000000155,0.2528620576615024,0.30859375,0
218.8000000000155,0.28736791588311816,0.3359375,0
218.8500000000155,0.3515362343824513,0.1640625,0
218.90000000001552,0.2660831744858691,0.25390625,0
218.95000000001554,0.31820774843828553,0.1875,0
219.00000000001555,0.3470281314423639,0.29296875,0
219.05000000001556,0.3393323128406902,0.25,0
219.10000000001557,0.34755928006471426,0.21484375,0
219.15000000001558,0.9999999806329753,0.17578125,0
219.2000000000156,0.25203568663964354,0.17578125,0
219.2500000000156,0.2890581961966508,0.1796875,0
219.30000000001561,0.32417716687961845,0.08984375,0
219.35000000001563,0.26165169091838136,0.33984375,0
219.40000000001564,0.2530046440686499,0.1328125,0
219.45000000001565,0.23275715591805493,0.08203125,0
219.50000000001566,0.21767969694616154,0.1484375,0
219.55000000001567,0.17638775333054363,0.296875,0
219.60000000001568,0.1730017028609692,0.26953125,0
219.6500000000157,0.2709053942787113,0.15625,0
219.7000000000157,0.33708544064515594,0.27734375,0
219.75000000001572,0.46891866919417635,0.26171875,0
219.80000000001573,0.5067406501557596,0.15234375,0
219.85000000001574,0.9999999999999949,0.17578125,0
219.90000000001575,0.2013085524001891,0.140625,0
219.95000000001576,0.2542437667640727,0.171875,0
220.00000000001577,0.745512650979043,0.29296875,0
220.05000000001579,0.7205134913137725,0.21875,0
220.1000000000158,0.7148750530235153,0.4140625,0
220.1500000000158,0.7222424469183458,0.32421875,0
220.20000000001582,0.6954676674926614,0.37890625,0
220.25000000001583,0.7008258014460972,0.2734375,0
220.30000000001584,0.6957523628032891,0.15625,1
220.35000000001585,0.6917874245267147,0.21875,1
220.40000000001586,0.6927256109039719,0.23828125,1
220.45000000001588,0.6715043145340271,0.328125,1
220.5000000000159,0.6489429630644395,0.296875,1
220.5500000000159,0.6258474227339125,0.26171875,1
220.6000000000159,0.6242151606042468,0.2890625,1
220.65000000001592,0.6299117156338198,0.1640625,1
220.70000000001593,0.6155863802928134,0.24609375,1
220.75000000001594,0.6257858407839265,0.3359375,1
220.80000000001596,0.6243430152909761,0.24609375,1
220.85000000001597,0.6024373654525872,0.41796875,1
220.90000000001598,0.6078617254286521,0.41796875,1
220.950000000016,0.5991247557091887,0.41796875,1
221.000000000016,0.7717264790594395,0.57421875,1
221.050000000016,0.7679550920758061,0.57421875,1
221.10000000001602,0.7646747582466779,0.57421875,1
221.15000000001604,0.7573070354036666,0.57421875,1
221.20000000001605,0.7498091325266024,0.546875,0
221.25000000001606,0.7423055445918999,0.546875,0
221.30000000001607,0.7349159076254619,0.2890625,0
221.35000000001608,0.7278561077384303,0.30078125,0
221.4000000000161,0.7220213425208662,0.30078125,0
221.4500000000161,0.7352613582415719,0.70703125,0
221.50000000001612,0.69807361367152,0.77734375,0
221.55000000001613,0.6922872313153863,0.73828125,0
221.60000000001614,0.6932300685306388,0.75,0
221.65000000001615,0.6711913204233821,0.31640625,0
221.70000000001616,0.6562558785441145,0.37890625,0
221.75000000001617,0.6367584457405746,0.3359375,0
221.80000000001618,0.6381872564377891,0.3125,0
221.8500000000162,0.6557754743753076,0.359375,0
221.9000000000162,0.6474955985709329,0.1953125,0
221.95000000001622,0.5998134573193676,0.23828125,0
222.00000000001623,0.5940504260915895,0.2734375,0
222.05000000001624,0.5876573664235752,0.21484375,0
222.10000000001625,0.5605314076442494,0.16015625,0
222.15000000001626,0.5563501757653998,0.27734375,0
222.20000000001627,0.5491906287460445,0.19921875,0
222.25000000001629,0.5328367511352244,0.234375,0
222.3000000000163,0.5160965211059049,0.203125,0
222.3500000000163,0.6369339832969875,0.390625,0
222.40000000001632,0.4543734638370985,0.19140625,0
222.45000000001633,0.44794544797174984,0.25,0
222.50000000001634,0.42680425026350527,0.1953125,0
222.55000000001635,0.39685461509913855,0.171875,0
222.60000000001637,0.38465488932024317,0.33984375,0
222.65000000001638,0.3664235075811284,0.359375,0
222.7000000000164,0.32917865102168853,0.203125,0
222.7500000000164,0.9999999662600131,0.328125,0
222.8000000000164,0.9999999503032561,0.16015625,0
222.85000000001642,0.9999999343614042,0.19140625,0
222.90000000001643,0.20464583536898048,0.1171875,0
222.95000000001644,0.20129198650613453,0.37890625,0
223.00000000001646,0.19977036108221716,0.21875,0
223.05000000001647,0.19261641343129898,0.29296875,0
223.10000000001648,0.20919201870608656,0.25390625,0
223.1500000000165,0.1745577504087776,0.28125,0
223.2000000000165,0.20583133575505225,0.19140625,0
223.2500000000165,0.231697379794223,0.25,0
223.30000000001652,0.2698661600012984,0.34375,0
223.35000000001654,0.1965167845083193,0.33203125,0
223.40000000001655,0.23446031033420334,0.28125,0
223.45000000001656,0.2372480356825801,0.14453125,0
223.50000000001657,0.2664655437404587,0.22265625,0
223.55000000001658,0.29470220651642043,0.34375,0
223.6000000000166,0.26162478494234126,0.1796875,0
223.6500000000166,0.16886191204240686,0.22265625,0
223.70000000001662,0.20274286427276697,0.20703125,0
223.75000000001663,0.9999999432638672,0.203125,0
223.80000000001664,0.22088240346574273,0.28515625,0
223.85000000001665,0.16915872621149383,0.515625,0
223.90000000001666,0.18638748608768713,0.29296875,0
223.95000000001667,0.2061280577855538,0.32421875,0
224.00000000001668,0.2188215652116656,0.37890625,0
224.0500000000167,0.22041879850672658,0.1484375,0
224.1000000000167,0.22619336666545548,0.24609375,0
224.15000000001672,0.2220705270279206,0.3515625,0
224.20000000001673,0.9999998785473395,0.41015625,0
224.25000000001674,0.999999891090982,0.25,0
224.30000000001675,0.21003796610386014,0.22265625,0
224.35000000001676,0.21842378262155063,0.23828125,0
224.40000000001677,0.2018476410835752,0.1953125,0
224.4500000000168,0.22331210793907774,0.1796875,0
224.5000000000168,0.15690857752928686,0.234375,0
224.5500000000168,0.19120211809792925,0.33203125,0
224.60000000001682,0.25609142121824463,0.23046875,0
224.65000000001683,0.21051610381793334,0.17578125,0
224.70000000001684,0.21247471306697055,0.31640625,0
224.75000000001685,0.9999999999999121,0.375,0
224.80000000001687,0.9999999999999207,0.2109375,0
224.85000000001688,0.17258868239329395,0.33984375,0
224.9000000000169,0.12241352684361897,0.13671875,0
224.9500000000169,0.1165173697452614,0.28125,0
225.0000000000169,0.5134918916309058,0.2890625,0
225.05000000001692,0.507734559036774,0.30078125,0
225.10000000001693,0.4692526056626328,0.40234375,0
225.15000000001695,0.5285623308424827,0.40234375,0
225.20000000001696,0.49808179925777746,0.40234375,0
225.25000000001697,0.9999999999996594,0.40234375,1
225.30000000001698,0.9999999999998374,0.40234375,1
225.350000000017,0.9999999999998845,0.40234375,1
225.400000000017,0.9999999999998673,0.40234375,1
225.450000000017,0.9999999999998922,0.40234375,1
225.50000000001702,0.9999999999999368,0.40234375,1
225.55000000001704,0.9999999999999873,0.40234375,1
225.60000000001705,0.9999999999999939,0.42578125,0
225.65000000001706,0.9999999999999939,0.42578125,1
225.70000000001707,0.9999999913846155,0.47265625,1
225.75000000001708,0.9999999999999962,0.75390625,1
225.8000000000171,0.9999999999999942,0.77734375,1
225.8500000000171,0.9999999999999923,0.77734375,0
225.90000000001712,0.9999999999999962,0.77734375,0
225.95000000001713,0.9999999999999962,0.77734375,1
226.00000000001714,0.36556628732193375,0.83203125,1
226.05000000001715,0.34837569032458565,0.8515625,1
226.10000000001716,0.35227496290336235,0.8515625,1
226.15000000001717,0.3541719955855869,0.8515625,0
226.20000000001718,0.3531456035326704,0.8515625,1
226.2500000000172,0.35006393609409553,0.8515625,1
226.3000000000172,0.3541255175734978,0.8515625,1
226.35000000001722,0.36424322020976585,0.8515625,1
226.40000000001723,0.3699462586775024,0.8515625,1
226.45000000001724,0.37266720426044836,0.8515625,0
226.50000000001725,0.36663392400710465,0.8515625,1
226.55000000001726,0.3619332685187586,0.8515625,1
226.60000000001727,0.3571915409416928,0.8515625,1
226.6500000000173,0.35889188530922983,0.8515625,1
226.7000000000173,0.3675017654323869,0.8515625,0
226.7500000000173,0.3936712050190028,0.8515625,1
226.80000000001732,0.4191089870405449,0.8515625,1
226.85000000001733,0.4392017632916317,0.8515625,1
226.90000000001734,0.45371900715794145,0.8515625,1
226.95000000001735,0.4651866473786496,0.8515625,0
227.00000000001737,0.47292985459008297,0.8515625,0
227.05000000001738,0.4779874021516913,0.8515625,1
227.1000000000174,0.48137040702116524,0.8515625,1
227.1500000000174,0.4869079479521046,0.8515625,1
227.2000000000174,0.4820525243496366,0.8515625,1
227.25000000001742,0.48586360751613644,0.8515625,0
227.30000000001743,0.48668196361125143,0.8515625,1
227.35000000001745,0.478998584106889,0.8515625,1
227.40000000001746,0.478998584106889,0.8515625,1
227.45000000001747,0.4793952182514877,0.8515625,1
227.50000000001748,0.4897484909396684,0.8515625,1
227.5500000000175,0.4917785899959872,0.8515625,0
227.6000000000175,0.4941477742748158,0.8515625,1
227.6500000000175,0.4972031776915086,0.8515625,1
227.70000000001752,0.4972031776915086,0.8515625,1
227.75000000001754,0.4972031776915086,0.8515625,1
227.80000000001755,0.49724083611167064,0.8515625,0
227.85000000001756,0.49961844962946117,0.8515625,1
227.90000000001757,0.498222558386231,0.8515625,1
227.95000000001758,0.4970344997982131,0.8515625,1
228.0000000000176,0.4970344997982132,0.8515625,1
228.0500000000176,0.4970344997982132,0.8515625,0
228.10000000001762,0.4970344997982132,0.8515625,0
228.15000000001763,0.4970344997982132,0.8515625,1
228.20000000001764,0.4970344997982131,0.8515625,1
228.25000000001765,0.4970344997982131,0.8515625,1
228.30000000001766,0.4970344997982131,0.8515625,1
228.35000000001767,0.4970344997982131,0.8515625,0
228.40000000001768,0.4970344997982131,0.8515625,1
228.4500000000177,0.4970344997982131,0.8515625,1
228.5000000000177,0.4970344997982131,0.8515625,1
228.55000000001772,0.4970344997982132,0.8515625,1
228.60000000001773,0.4970344997982131,0.8515625,1
228.65000000001774,0.4970344997982132,0.8515625,0
228.70000000001775,0.4986029561310202,0.8515625,1
228.75000000001776,0.4997564303461419,0.8515625,1
228.80000000001777,0.49950639689967025,0.8515625,1
228.8500000000178,0.49853753761689906,0.8515625,1
228.9000000000178,0.4979476449782141,0.8515625,1
228.9500000000178,0.4974726789800841,0.8515625,1
229.00000000001782,0.48418818097942695,0.7890625,1
229.05000000001783,0.48394048327831807,0.7890625,1
229.10000000001784,0.48394048327831807,0.7890625,1
229.15000000001785,0.4840593721002404,0.7890625,1
229.20000000001787,0.48311145865506927,0.7890625,0
229.25000000001788,0.48209791649388595,0.7890625,1
229.3000000000179,0.48209791649388595,0.7890625,1
229.3500000000179,0.48209791649388595,0.7890625,1
229.4000000000179,0.48209791649388595,0.7890625,1
229.45000000001792,0.48209791649388595,0.7890625,0
229.50000000001793,0.4822188064686958,0.7890625,0
229.55000000001795,0.48323446545917764,0.7890625,1
229.60000000001796,0.4841075428414971,0.7890625,1
229.65000000001797,0.4841075428414971,0.7890625,1
229.70000000001798,0.4841075428414971,0.7890625,0
229.750000000018,0.4841075428414971,0.7890625,0
229.800000000018,0.4841075428414971,0.7890625,1
229.850000000018,0.4841075428414971,0.7890625,1
229.90000000001803,0.48188472692576173,0.7890625,1
229.95000000001804,0.47820635627348046,0.7890625,1
230.00000000001805,0.5790926451975361,0.84375,0
230.05000000001806,0.5757484103424485,0.84375,0
230.10000000001807,0.5732392404449433,0.84375,0
230.15000000001808,0.5700019996106168,0.875,0
230.2000000000181,0.5694134965099251,0.875,0
230.2500000000181,0.5702643601071735,0.875,0
230.30000000001812,0.5699657946132402,0.875,1
230.35000000001813,0.5696696968595093,0.875,1
230.40000000001814,0.5693045168014964,0.875,1
230.45000000001815,0.5676361689621404,0.875,1
230.50000000001816,0.5649501564482505,0.875,0
230.55000000001817,0.5640240399107915,0.875,1
230.60000000001818,0.5620804964153364,0.875,1
230.6500000000182,0.5601266426434425,0.875,1
230.7000000000182,0.5581609245830896,0.875,1
230.75000000001822,0.5561811947743679,0.875,0
230.80000000001823,0.5541842037442328,0.875,0
230.85000000001824,0.551307691410987,0.875,1
230.90000000001825,0.5497479296199551,0.875,1
230.95000000001826,0.5467108473865192,0.875,1
231.00000000001828,0.5340915336256575,0.8125,1
231.0500000000183,0.5327639389603752,0.8125,0
231.1000000000183,0.531397984668921,0.8125,1
231.1500000000183,0.5300318988408506,0.8125,1
231.20000000001832,0.5292062140916842,0.8125,1
231.25000000001833,0.5271177022126162,0.8125,1
231.30000000001834,0.5257282433220918,0.8125,0
231.35000000001835,0.5231250800710624,0.8125,0
231.40000000001837,0.5199461424157397,0.8125,1
231.45000000001838,0.5167814520662264,0.8125,1
231.5000000000184,0.5137220059482488,0.8125,1
231.5500000000184,0.5111957432449519,0.8125,1
231.6000000000184,0.5096825180790132,0.8125,0
231.65000000001842,0.5082540784251984,0.8125,1
231.70000000001843,0.508267258590217,0.8125,1
231.75000000001845,0.5063054275106961,0.8125,1
231.80000000001846,0.5043947026658417,0.8125,1
231.85000000001847,0.5025429664727799,0.8125,1
231.90000000001848,0.5002372147537774,0.8125,0
231.9500000000185,0.49879857807349426,0.8125,1
232.0000000000185,0.48470809902186834,0.75,1
232.0500000000185,0.4852705742318798,0.75,1
232.10000000001853,0.4873879362097503,0.75,1
232.15000000001854,0.4897118012470083,0.75,1
232.20000000001855,0.49147387713478236,0.75,0
232.25000000001856,0.4927489045964006,0.75,1
232.30000000001857,0.4935154272213399,0.75,1
232.35000000001858,0.4954035600176698,0.75,1
232.4000000000186,0.49545989323366846,0.75,1
232.4500000000186,0.49606566089535353,0.75,0
232.50000000001862,0.49621038395883266,0.75,0
232.55000000001863,0.4962103839588326,0.75,1
232.60000000001864,0.4962103839588326,0.75,1
232.65000000001865,0.4961336468753243,0.75,1
232.70000000001866,0.49226087020351356,0.75,1
232.75000000001867,0.48882605981577726,0.75,0
232.80000000001868,0.4888260598157772,0.75,1
232.8500000000187,0.4888260598157772,0.75,1
232.9000000000187,0.48882605981577726,0.75,1
232.95000000001872,0.48882605981577726,0.75,1
233.00000000001873,0.48892727214566317,0.75,1
233.05000000001874,0.494273908074595,0.75,1
233.10000000001875,0.49226695009864035,0.75,1
233.15000000001876,0.49226695009864035,0.75,1
233.20000000001878,0.49226695009864035,0.75,1
233.2500000000188,0.49226695009864035,0.75,1
233.3000000000188,0.49226695009864035,0.75,0
233.3500000000188,0.49235312518702146,0.75,1
233.40000000001882,0.4944719426141198,0.75,1
233.45000000001883,0.49447194261411986,0.75,1
233.50000000001884,0.4944719426141197,0.75,1
233.55000000001885,0.4944719426141198,0.75,0
233.60000000001887,0.49447194261411986,0.75,1
233.65000000001888,0.49447194261411986,0.75,1
233.7000000000189,0.4944719426141197,0.75,1
233.7500000000189,0.4944719426141197,0.75,1
233.8000000000189,0.4944719426141198,0.75,1
233.85000000001892,0.4944719426141198,0.75,0
233.90000000001893,0.49447194261411986,0.75,1
233.95000000001895,0.48839008910381004,0.75,1
234.00000000001896,0.5769699487990401,0.8125,1
234.05000000001897,0.5755463098286402,0.8125,1
234.10000000001898,0.5734782970557528,0.8125,0
234.150000000019,0.5734198396841116,0.8125,1
234.200000000019,0.5708582129105774,0.8125,1
234.250000000019,0.5655847634220702,0.8125,1
234.30000000001903,0.5617027974374202,0.8125,1
234.35000000001904,0.5587072064851846,0.8125,1
234.40000000001905,0.5536915870274554,0.8125,0
234.45000000001906,0.548580377843579,0.8125,1
234.50000000001907,0.5449519016796056,0.8125,1
234.55000000001908,0.5406286663240192,0.8125,1
234.6000000000191,0.5362951661493998,0.8125,1
234.6500000000191,0.5319344434796259,0.8125,0
234.70000000001912,0.5287753666487423,0.8125,1
234.75000000001913,0.5229684766360284,0.8125,1
234.80000000001914,0.518382724856526,0.8125,1
234.85000000001915,0.513825344350438,0.8125,1
234.90000000001916,0.5093237887868287,0.8125,1
234.95000000001917,0.5049123490826186,0.8125,0
235.00000000001918,0.48458202263170935,0.765625,1
235.0500000000192,0.48169941695457497,0.859375,1
235.1000000000192,0.47498475687712954,0.8125,1
235.15000000001922,0.46861618396495336,0.78125,1
235.20000000001923,0.4603095368195282,0.78125,0
235.25000000001924,0.4537863759812197,0.78125,0
235.30000000001925,0.44905337324042194,0.78125,0
235.35000000001926,0.44431408986661663,0.765625,0
235.40000000001928,0.44035537477595477,0.765625,0
235.4500000000193,0.4375096114261486,0.73046875,0
235.5000000000193,0.43378411332493555,0.73828125,0
235.5500000000193,0.4268575974019749,0.23828125,0
235.60000000001932,0.42187626329152783,0.2734375,0
235.65000000001933,0.4114057736812977,0.328125,0
235.70000000001934,0.3941341589378601,0.26171875,0
235.75000000001936,0.37924705475370646,0.36328125,0
235.80000000001937,0.3656981857306849,0.2421875,0
235.85000000001938,0.35878927939648,0.4140625,0
235.9000000000194,0.34324493817344104,0.4375,0
235.9500000000194,0.3223284103075236,0.35546875,0
236.0000000000194,0.2996413225349666,0.265625,0
236.05000000001942,0.28605450474718047,0.21875,0
236.10000000001943,0.27297917046698367,0.1875,0
236.15000000001945,0.2777605773819582,0.3125,0
236.20000000001946,0.2819524148799815,0.3125,0
236.25000000001947,0.2862146029325419,0.26171875,0
236.30000000001948,0.27577222463344736,0.32421875,0
236.3500000000195,0.27410750623675306,0.2734375,0
236.4000000000195,0.25623670419740074,0.390625,0
236.45000000001951,0.22669489852616365,0.41015625,0
236.50000000001953,0.21039654130567226,0.38671875,0
236.55000000001954,0.19197548415028415,0.3046875,0
236.60000000001955,0.18690507847033636,0.296875,0
236.65000000001956,0.1904775392858289,0.30859375,0
236.70000000001957,0.18148366699129836,0.2578125,0
236.75000000001958,0.15926436328178184,0.31640625,0
236.8000000000196,0.15792155644391573,0.30859375,0
236.8500000000196,0.14726686224202185,0.39453125,0
236.90000000001962,0.15783235691143463,0.25,0
236.95000000001963,0.16728536127143762,0.31640625,0
237.00000000001964,0.3228758461584015,0.33984375,0
237.05000000001965,0.3089212313440602,0.28515625,0
237.10000000001966,0.29723713432378207,0.33984375,0
237.15000000001967,0.2814503043872299,0.48046875,0
237.20000000001968,0.26546593580641736,0.33984375,0
237.2500000000197,0.2694507930375333,0.2109375,0
237.3000000000197,0.2675548975524848,0.34765625,0
237.35000000001972,0.26156993441921317,0.265625,0
237.40000000001973,0.24070824860913972,0.3359375,0
237.45000000001974,0.2280541056716346,0.328125,0
237.50000000001975,0.2186189773908097,0.33984375,0
237.55000000001976,0.1984040555876271,0.23046875,0
237.60000000001978,0.17883615284303617,0.4375,0
237.6500000000198,0.16048164093536185,0.28515625,0
237.7000000000198,0.18222694572215978,0.19140625,0
237.7500000000198,0.1624276456526879,0.3359375,0
237.80000000001982,0.15782497589694672,0.13671875,0
237.85000000001983,0.1627530920707444,0.2265625,0
237.90000000001984,0.148335026256799,0.21484375,0
237.95000000001986,0.1397856226182261,0.1953125,0
238.00000000001987,0.1289150539076847,0.29296875,0
238.05000000001988,0.16691803835361863,0.29296875,0
238.1000000000199,0.13901573650031818,0.37109375,0
238.1500000000199,0.15614258712251486,0.28125,0
238.2000000000199,0.1702371735883033,0.28515625,0
238.25000000001992,0.15744544794748006,0.2734375,0
238.30000000001993,0.1640228685738953,0.23046875,0
238.35000000001995,0.18292253366805675,0.37109375,0
238.40000000001996,0.19133570427144816,0.34375,0
238.45000000001997,0.22004111390525632,0.31640625,0
238.50000000001998,0.20367085043819155,0.35546875,0
238.55000000002,0.5441965047556827,0.24609375,0
238.60000000002,0.5187943912351551,0.26953125,0
238.65000000002001,0.48656560888174266,0.32421875,0
238.70000000002003,0.4623401802496572,0.1796875,0
238.75000000002004,0.450928743631019,0.26953125,0
238.80000000002005,0.4213979673973705,0.2734375,0
238.85000000002006,0.39359122346029196,0.23046875,0
238.90000000002007,0.39184623770405613,0.2734375,0
238.95000000002008,0.3933110046885855,0.24609375,0
239.0000000000201,0.3842360524986081,0.31640625,0
239.0500000000201,0.38253798794997607,0.296875,0
239.10000000002012,0.3907346880210636,0.32421875,0
239.15000000002013,0.40158143019077347,0.265625,0
239.20000000002014,0.4332086453594534,0.26171875,0
239.25000000002015,0.4259697281382606,0.28515625,0
239.30000000002016,0.44077151878373205,0.14453125,0
239.35000000002017,0.4266850470311115,0.3359375,0
239.40000000002019,0.4324385670519707,0.26953125,0
239.4500000000202,0.4180197975039955,0.3125,0
239.5000000000202,0.40245398535363847,0.25390625,0
239.55000000002022,0.4168932551474885,0.25390625,0
239.60000000002023,0.43913535849398216,0.32421875,0
239.65000000002024,0.4373794301343646,0.3203125,0
239.70000000002025,0.4192758248574417,0.26953125,0
239.75000000002026,0.4083045426132136,0.3359375,0
239.80000000002028,0.42747246276409584,0.296875,0
239.8500000000203,0.48050132781246707,0.24609375,0
239.9000000000203,0.4434017734784109,0.27734375,0
239.9500000000203,0.28754937507708067,0.38671875,0
240.00000000002032,0.36824964414875017,0.3828125,0
240.05000000002033,0.35612799638775416,0.42578125,0
240.10000000002034,0.35731583008946144,0.37109375,0
240.15000000002036,0.40560995154528,0.3359375,0
240.20000000002037,0.3369777985707904,0.40625,0
240.25000000002038,0.3548525628464779,0.1796875,0
240.3000000000204,0.3562010924131742,0.13671875,0
240.3500000000204,0.3480853170233511,0.42578125,0
240.4000000000204,0.3224052947421258,0.109375,0
240.45000000002042,0.29486938662307877,0.25390625,0
240.50000000002044,0.2226287750180667,0.26953125,0
240.55000000002045,0.23946867747134967,0.19921875,0
240.60000000002046,0.25793171631559614,0.1953125,0
240.65000000002047,0.23127281637965358,0.203125,0
240.70000000002048,0.2209482275069728,0.23828125,0
240.7500000000205,0.2734013195374605,0.1875,0
240.8000000000205,0.21200740053699935,0.26171875,0
240.85000000002051,0.9999999633042523,0.296875,0
240.90000000002053,0.2515241835221119,0.19140625,0
240.95000000002054,0.271774535425707,0.23046875,0
241.00000000002055,0.5175578878338765,0.3515625,0
241.05000000002056,0.5177930755252043,0.234375,0
241.10000000002057,0.5129418162912617,0.51171875,0
241.15000000002058,0.5201198599692883,0.3125,0
241.2000000000206,0.9999999838315559,0.22265625,0
241.2500000000206,0.4936878230707567,0.20703125,0
241.30000000002062,0.48414136522059903,0.19921875,0
241.35000000002063,0.46654905916730854,0.1640625,0
241.40000000002064,0.45313368815197186,0.2578125,0
241.45000000002065,0.45077963592236836,0.28515625,0
241.50000000002066,0.4621098044957857,0.1796875,0
241.55000000002067,0.39717406554192586,0.1953125,0
241.60000000002069,0.3865177413608065,0.25390625,0
241.6500000000207,0.38991949472904885,0.17578125,0
241.7000000000207,0.36976362570474397,0.20703125,0
241.75000000002072,0.36646406658282626,0.109375,0
241.80000000002073,0.37602829437925395,0.30859375,0
241.85000000002074,0.9999999658627308,0.171875,0
241.90000000002075,0.3532236645910622,0.26171875,0
241.95000000002076,0.3337289108128029,0.171875,0
242.00000000002078,0.3164536023062718,0.2109375,0
242.0500000000208,0.3274743522660708,0.21484375,0
242.1000000000208,0.32860232393822614,0.21875,0
242.1500000000208,0.256763175869486,0.26953125,0
242.20000000002082,0.240053934590104,0.37890625,0
242.25000000002083,0.2679778373771016,0.39453125,0
242.30000000002084,0.295488779825083,0.234375,0
242.35000000002086,0.30853239842188523,0.4453125,0
242.40000000002087,0.2874710896487499,0.375,0
242.45000000002088,0.26834585293671376,0.1953125,0
242.5000000000209,0.2518611527407492,0.23828125,0
242.5500000000209,0.14792071082552016,0.0546875,0
242.6000000000209,0.08801928441472859,0.3046875,0
242.65000000002092,0.16026629282110053,0.28125,0
242.70000000002094,0.24514548345913048,0.16015625,0
242.75000000002095,0.22157700476841174,0.30078125,0
242.80000000002096,0.18789800936490483,0.20703125,0
242.85000000002097,0.9999999571493369,0.36328125,0
242.90000000002098,0.26853211016367473,0.26171875,0
242.950000000021,0.2574526703900438,0.26171875,0
243.000000000021,0.666389104334947,0.28125,0
243.05000000002102,0.6623558280177959,0.26171875,0
243.10000000002103,0.662825835518493,0.26953125,0
243.15000000002104,0.6613188434560504,0.4921875,0
243.20000000002105,0.9999999999999786,0.34765625,0
243.25000000002106,0.6643481228470303,0.27734375,0
243.30000000002107,0.9999999999999761,0.34765625,1
243.35000000002108,0.6697878529577088,0.2265625,1
243.4000000000211,0.9999999999999889,0.3828125,1
243.4500000000211,0.9999999999999746,0.25390625,1
243.50000000002112,0.6633455269809688,0.296875,0
243.55000000002113,0.7737027516497955,0.34765625,1
243.60000000002114,0.9999999836391683,0.3203125,1
243.65000000002115,0.9999999828844771,0.765625,1
243.70000000002116,0.9999999999999691,0.84765625,1
243.75000000002117,0.9999999999999684,0.84765625,1
243.80000000002119,0.9999999816827642,0.84765625,0
243.8500000000212,0.9999999999998627,0.84765625,1
243.9000000000212,0.9999999999999638,0.84765625,1
243.95000000002122,0.999999978480581,0.84765625,1
244.00000000002123,0.541813873845546,0.73828125,1
244.05000000002124,0.5323919579974313,0.73828125,0
244.10000000002125,0.520547728366606,0.73828125,0
244.15000000002127,0.5146404217607238,0.73828125,1
244.20000000002128,0.5066816372502112,0.73828125,1
244.2500000000213,0.49873308787162945,0.73828125,1
244.3000000000213,0.49233974088883403,0.73828125,1
244.3500000000213,0.48537074370969585,0.73828125,0
244.40000000002132,0.48112532925085294,0.73828125,1
244.45000000002133,0.4768500942018001,0.73828125,1
244.50000000002134,0.4746931729646689,0.73828125,1
244.55000000002136,0.577047382208174,0.73828125,1
244.60000000002137,0.5097868366439553,0.73828125,1
244.65000000002138,0.5071278135691132,0.73828125,0
244.7000000000214,0.5011495115843702,0.73828125,1
244.7500000000214,0.4882364241444015,0.73828125,1
244.8000000000214,0.4731314044061706,0.73828125,1
244.85000000002142,0.46121846022924406,0.73828125,1
244.90000000002144,0.4529564015182474,0.73828125,1
244.95000000002145,0.4431111241044627,0.73828125,0
245.00000000002146,0.7501806895006096,0.73046875,1
245.05000000002147,0.7469360303305095,0.73046875,1
245.10000000002148,0.7396605019017661,0.73046875,1
245.1500000000215,0.732334884530703,0.73046875,1
245.2000000000215,0.7272058039148094,0.73046875,0
245.25000000002152,0.7294543836512463,0.73046875,1
245.30000000002153,0.7271852426874899,0.73046875,1
245.35000000002154,0.7244678930160913,0.73046875,1
245.40000000002155,0.7184528832648777,0.73046875,1
245.45000000002156,0.7122176644471813,0.73046875,1
245.50000000002157,0.7065185721933402,0.73046875,1
245.55000000002158,0.6979129711078723,0.73046875,1
245.6000000000216,0.6860413831138785,0.75,1
245.6500000000216,0.6782998685257385,0.75,1
245.70000000002162,0.6702516495751597,0.75,1
245.75000000002163,0.6618860319699932,0.75,0
245.80000000002164,0.6531931742408484,0.75,1
245.85000000002165,0.6455836812258731,0.75,1
245.90000000002166,0.6341054970032171,0.75,1
245.95000000002167,0.628472493366573,0.75,1
246.00000000002169,0.61142903939878,0.78125,0
246.0500000000217,0.5999260012211742,0.7734375,1
246.1000000000217,0.5874225236905077,0.7890625,1
246.15000000002172,0.5744420656903485,0.6953125,1
246.20000000002173,0.5638127953654428,0.6953125,1
246.25000000002174,0.5466182925278289,0.6953125,1
246.30000000002175,0.532218978722637,0.6953125,0
246.35000000002177,0.5168127259299464,0.6953125,1
246.40000000002178,0.5012019354318183,0.6953125,1
246.4500000000218,0.4855501824539983,0.6953125,1
246.5000000000218,0.4713617371303875,0.6953125,1
246.5500000000218,0.46101589637621276,0.6953125,0
246.60000000002182,0.4451015545883143,0.6953125,0
246.65000000002183,0.4316305958140739,0.6953125,1
246.70000000002184,0.42201175241225036,0.6953125,1
246.75000000002186,0.4139370111030728,0.6953125,1
246.80000000002187,0.40754607546327654,0.6953125,1
246.85000000002188,0.41105255121322315,0.6953125,0
246.9000000000219,0.42322041641466895,0.6953125,1
246.9500000000219,0.4259094172643881,0.6953125,1
247.0000000000219,0.4282219421575047,0.6953125,1
247.05000000002192,0.4282219421575047,0.6953125,1
247.10000000002194,0.42822194215750553,0.6953125,1
247.15000000002195,0.42822194215750553,0.6953125,0
247.20000000002196,0.39245998447625563,0.6953125,1
247.25000000002197,0.3932439728724228,0.6953125,1
247.30000000002198,0.39351448883871076,0.6953125,1
247.350000000022,0.39302025327785817,0.6953125,1
247.400000000022,0.41931309514724363,0.6953125,1
247.45000000002202,0.4294996025788881,0.6953125,0
247.50000000002203,0.4238748728499289,0.6953125,1
247.55000000002204,0.41531074326906314,0.6953125,1
247.60000000002205,0.41531074326906314,0.6953125,1
247.65000000002206,0.41462913560157866,0.6953125,1
247.70000000002207,0.4268672665741688,0.6953125,0
247.75000000002208,0.4239706817685808,0.6953125,0
247.8000000000221,0.4239706817685808,0.6953125,1
247.8500000000221,0.43606578103480514,0.6953125,1
247.90000000002212,0.42910000619257266,0.6953125,1
247.95000000002213,0.42947884544708703,0.6953125,1
248.00000000002214,0.4290734660601698,0.6953125,0
248.05000000002215,0.42414962388055677,0.6953125,1
248.10000000002216,0.42414962388055666,0.6953125,1
248.15000000002217,0.42414962388055677,0.6953125,1
248.2000000000222,0.4241496238805571,0.6953125,1
248.2500000000222,0.42414962388055716,0.6953125,0
248.3000000000222,0.42414962388055716,0.6953125,0
248.35000000002222,0.4241729409027368,0.6953125,1
248.40000000002223,0.4333542897817978,0.6953125,1
248.45000000002224,0.43335428978179735,0.6953125,1
248.50000000002225,0.4333542897817969,0.6953125,1
248.55000000002227,0.43335428978179813,0.6953125,0
248.60000000002228,0.43335428978179735,0.6953125,0
248.6500000000223,0.43335428978179735,0.6953125,1
248.7000000000223,0.4333542897817969,0.6953125,1
248.7500000000223,0.4333542897817969,0.6953125,1
248.80000000002232,0.41602587547559716,0.6953125,1
248.85000000002233,0.416025875475597,0.6953125,0
248.90000000002235,0.4160258754755975,0.6953125,1
248.95000000002236,0.4853684952139082,0.6953125,1
249.00000000002237,0.6693681090455763,0.8203125,1
249.05000000002238,0.6607814113433803,0.8203125,1
249.1000000000224,0.6496348007853456,0.8203125,1
249.1500000000224,0.6378447475494713,0.8203125,0
249.2000000000224,0.6274374012371904,0.8203125,0
249.25000000002242,0.6167465021795828,0.8203125,0
249.30000000002244,0.6066046688646356,0.8203125,0
249.35000000002245,0.6029627609419917,0.8203125,0
249.40000000002246,0.585928567429171,0.8203125,0
249.45000000002247,0.5732583147009126,0.8203125,0
249.50000000002248,0.5738288789564897,0.8203125,1
249.5500000000225,0.5777979806688499,0.8203125,1
249.6000000000225,0.5817291923746283,0.8203125,1
249.65000000002252,0.5856187696445883,0.8203125,1
249.70000000002253,0.5930450007351243,0.8203125,1
249.75000000002254,0.5932712912215001,0.8203125,1
249.80000000002255,0.5971840032077365,0.8203125,1
249.85000000002256,0.5988496578361813,0.8203125,0
249.90000000002257,0.5988496578361813,0.8203125,0
249.95000000002258,0.5916493370442755,0.8203125,0
250.0000000000226,0.5862563288862697,0.8203125,0
250.0500000000226,0.5872029893878696,0.8203125,0
250.10000000002262,0.562265555642331,0.8203125,0
250.15000000002263,0.5335014073619991,0.8203125,0
250.20000000002264,0.5242922142365176,0.8203125,1
250.25000000002265,0.5321479306907437,0.8203125,1
250.30000000002266,0.5389787776723067,0.8203125,1
250.35000000002267,0.5389787776723065,0.8203125,1
250.4000000000227,0.5389787776723065,0.8203125,1
250.4500000000227,0.5391836955558875,0.8203125,0
250.5000000000227,0.5439685001789761,0.8203125,0
250.55000000002272,0.5439685001789761,0.8203125,0
250.60000000002273,0.5439685001789764,0.8203125,0
250.65000000002274,0.5690784072950285,0.8203125,0
250.70000000002275,0.6693705083029813,0.8203125,0
250.75000000002277,0.5904131812239416,0.8203125,0
250.80000000002278,0.5952839731901042,0.77734375,0
250.8500000000228,0.5856679415674674,0.78125,0
250.9000000000228,0.5859138231043007,0.22265625,0
250.9500000000228,0.5910426967981025,0.29296875,0
251.00000000002282,0.5423113673075254,0.33203125,0
251.05000000002283,0.4969572845170452,0.296875,0
251.10000000002285,0.36753049194951354,0.375,0
251.15000000002286,0.3652954937128527,0.43359375,0
251.20000000002287,0.36343458495334247,0.4296875,0
251.25000000002288,0.37207498227763186,0.2265625,0
251.3000000000229,0.3620623440380568,0.19140625,0
251.3500000000229,0.3452164335052961,0.35546875,0
251.4000000000229,0.3176429167437565,0.32421875,0
251.45000000002292,0.28982597432280743,0.21875,0
251.50000000002294,0.27125315598072935,0.34375,0
251.55000000002295,0.248592265511607,0.30078125,0
251.60000000002296,0.23709206268791186,0.34375,0
251.65000000002297,0.22105906155059787,0.14453125,0
251.70000000002298,0.20682855021318622,0.27734375,0
251.750000000023,0.20533409254907267,0.1796875,0
251.800000000023,0.19149838209638834,0.1796875,0
251.85000000002302,0.1926678153040174,0.140625,0
251.90000000002303,0.187954379100822,0.23046875,0
251.95000000002304,0.18588154578487912,0.2734375,0
252.00000000002305,0.20022952450497683,0.3359375,0
252.05000000002306,0.19629878142214005,0.2578125,0
252.10000000002307,0.2033430351219827,0.19921875,0
252.15000000002308,0.20602944240857263,0.28515625,0
252.2000000000231,0.1845720683087021,0.36328125,0
252.2500000000231,0.18257202644526915,0.27734375,0
252.30000000002312,0.20039772419486293,0.2421875,0
252.35000000002313,0.1762813400288356,0.1484375,0
252.40000000002314,0.18221975125490608,0.36328125,0
252.45000000002315,0.16859670738446622,0.33203125,0
252.50000000002316,0.17129029324812886,0.2734375,0
252.55000000002318,0.18182567083901421,0.28515625,0
252.6000000000232,0.19847794950179332,0.19140625,0
252.6500000000232,0.196651805277625,0.26171875,0
252.7000000000232,0.1885922413125813,0.23828125,0
252.75000000002322,0.17599974382189376,0.23046875,0
252.80000000002323,0.18584445766669075,0.17578125,0
252.85000000002324,0.21268735382062598,0.23828125,0
252.90000000002325,0.1893226295609345,0.2265625,0
252.95000000002327,0.1550789850144556,0.12890625,0
253.00000000002328,0.1637908465671099,0.171875,0
253.0500000000233,0.1495958012844916,0.21875,0
253.1000000000233,0.15814213678964542,0.23046875,0
253.1500000000233,0.16727602236189976,0.13671875,0
253.20000000002332,0.17634003751472271,0.203125,0
253.25000000002333,0.16113808910224664,0.1328125,0
253.30000000002335,0.168336661653981,0.29296875,0
253.35000000002336,0.14443612077623405,0.19140625,0
253.40000000002337,0.13107550749926536,0.2265625,0
253.45000000002338,0.12280024930593036,0.234375,0
253.5000000000234,0.13483012577473893,0.22265625,0
253.5500000000234,0.11990991981346696,0.328125,0
253.6000000000234,0.13743349214495515,0.2265625,0
253.65000000002343,0.16006433167602008,0.26953125,0
253.70000000002344,0.15734908607118894,0.28515625,0
253.75000000002345,0.14782489708271537,0.23828125,0
253.80000000002346,0.15283853852910237,0.23046875,0
253.85000000002347,0.16514308610857403,0.27734375,0
253.90000000002348,0.19002677919862387,0.25390625,0
253.9500000000235,0.18174807174181482,0.21484375,0
254.0000000000235,0.16465107136707066,0.25,0
254.05000000002352,0.16912925469167012,0.234375,0
254.10000000002353,0.1752888702792161,0.16015625,0
254.15000000002354,0.13631061401183212,0.2734375,0
254.20000000002355,0.11145321798974075,0.33203125,0
254.25000000002356,0.12424231981739899,0.1796875,0
254.30000000002357,0.13929605354544725,0.26953125,0
254.35000000002358,0.1488653046859941,0.2265625,0
254.4000000000236,0.15493886001467425,0.20703125,0
254.4500000000236,0.16433719205133404,0.1953125,0
254.50000000002362,0.18586677316001204,0.32421875,0
254.55000000002363,0.20858450033960424,0.32421875,0
254.60000000002364,0.1866668599249364,0.41015625,0
254.65000000002365,0.20547658196824434,0.14453125,0
254.70000000002366,0.22139139693219537,0.2421875,0
254.75000000002368,0.20752804059104413,0.234375,0
254.8000000000237,0.19253628836624775,0.16796875,0
254.8500000000237,0.15819365928481016,0.28125,0
254.9000000000237,0.1223728248855426,0.18359375,0
254.95000000002372,0.11187773175082102,0.234375,0
255.00000000002373,0.39406058767982705,0.18359375,0
255.05000000002374,0.3861790618317077,0.3515625,0
255.10000000002375,0.38713189577676677,0.26953125,0
255.15000000002377,0.3885878913254393,0.1953125,0
255.20000000002378,0.378605419515784,0.328125,0
255.2500000000238,0.3660270447117197,0.22265625,0
255.3000000000238,0.36081183410688616,0.23046875,0
255.3500000000238,0.35830946209431463,0.08984375,0
255.40000000002382,0.34481709435744634,0.15625,0
255.45000000002383,0.34545793564142196,0.1015625,0
255.50000000002385,0.3377890692610841,0.3828125,0
255.55000000002386,0.3608862330975251,0.27734375,0
255.60000000002387,0.38444846398375493,0.20703125,0
255.65000000002388,0.37676940801005393,0.13671875,0
255.7000000000239,0.3519716093044142,0.23828125,0
255.7500000000239,0.3236925919799073,0.171875,0
255.8000000000239,0.28327072165477735,0.1875,0
255.85000000002393,0.2655913772074163,0.0859375,0
255.90000000002394,0.24746102462722255,0.140625,0
255.95000000002395,0.234219365510945,0.12890625,0
256.00000000002393,0.5025310543615317,0.3046875,0
256.05000000002394,0.5013509902009214,0.2109375,0
256.10000000002395,0.49313674570264676,0.2265625,0
256.15000000002397,0.4942269666834513,0.2734375,0
256.200000000024,0.48014565320545627,0.3984375,0
256.250000000024,0.4805007444767923,0.27734375,0
256.300000000024,0.47664674275773433,0.19140625,0
256.350000000024,0.4685923056770072,0.1953125,0
256.400000000024,0.4601759701375057,0.08203125,0
256.45000000002403,0.45585006372867964,0.34765625,0
256.50000000002404,0.45552992175892704,0.09765625,0
256.55000000002406,0.43556089544907667,0.36328125,0
256.60000000002407,0.4395743520363856,0.1953125,0
256.6500000000241,0.438753596765661,0.34375,0
256.7000000000241,0.43406819213198766,0.22265625,0
256.7500000000241,0.44510919824739376,0.26953125,0
256.8000000000241,0.44663438345592504,0.171875,0
256.8500000000241,0.4384623958691962,0.23828125,0
256.90000000002414,0.4228410159569149,0.203125,0
256.95000000002415,0.4124228874715142,0.29296875,0
257.00000000002416,0.3992899768863562,0.18359375,0
257.05000000002417,0.38858529300106204,0.21875,0
257.1000000000242,0.3757268035524674,0.16015625,0
257.1500000000242,0.37628338117911053,0.1953125,0
257.2000000000242,0.36057532578806556,0.2421875,0
257.2500000000242,0.3599347335272545,0.2734375,0
257.3000000000242,0.3489008643660298,0.26171875,0
257.35000000002424,0.34160876195513,0.2578125,0
257.40000000002425,0.33035766406526695,0.265625,0
257.45000000002426,0.3154325926237126,0.2265625,0
257.5000000000243,0.3114317805034901,0.19140625,0
257.5500000000243,0.28483537142408005,0.171875,0
257.6000000000243,0.26770486250497105,0.1875,0
257.6500000000243,0.26883572956607676,0.19921875,0
257.7000000000243,0.2727824899336185,0.203125,0
257.75000000002433,0.27226888186727777,0.2890625,0
257.80000000002434,0.2623418133463804,0.34375,0
257.85000000002435,0.2793251507624851,0.3515625,0
257.90000000002436,0.27494217311513497,0.09375,0
257.9500000000244,0.2812200826642108,0.1875,0
258.0000000000244,0.28088831499003913,0.140625,0
258.0500000000244,0.27657183611302427,0.2578125,0
258.1000000000244,0.2655947959033522,0.17578125,0
258.1500000000244,0.25285534345400984,0.3359375,0
258.20000000002443,0.23230476409138617,0.16796875,0
258.25000000002444,0.23843432573505613,0.32421875,0
258.30000000002445,0.2173607053827577,0.171875,0
258.35000000002447,0.20940495578535223,0.2421875,0
258.4000000000245,0.1962814131901996,0.1953125,0
258.4500000000245,0.2111267820878263,0.30859375,0
258.5000000000245,0.22282548763530446,0.20703125,0
258.5500000000245,0.21363672846646453,0.39453125,0
258.6000000000245,0.2043054670133902,0.328125,0
258.65000000002453,0.2080984758992538,0.28125,0
258.70000000002454,0.24703364223465582,0.203125,0
258.75000000002456,0.2768364560501498,0.30078125,0
258.80000000002457,0.25895631878658637,0.29296875,0
258.8500000000246,0.24067729469126667,0.3671875,0
258.9000000000246,0.2126460570852303,0.265625,0
258.9500000000246,0.19496401580062225,0.203125,0
259.0000000000246,0.21360013693845503,0.171875,0
259.0500000000246,0.19529638850726458,0.21875,0
259.10000000002464,0.1707629278106608,0.23828125,0
259.15000000002465,0.15053305216670904,0.140625,0
259.20000000002466,0.13741554813710233,0.23046875,0
259.25000000002467,0.1258694682923516,0.19921875,0
259.3000000000247,0.14490600239115112,0.29296875,0
259.3500000000247,0.1858329912241385,0.2421875,0
259.4000000000247,0.23142214884021647,0.1640625,0
259.4500000000247,0.2343259887840619,0.09765625,0
259.5000000000247,0.22100719311817324,0.203125,0
259.55000000002474,0.18919430967723602,0.0625,0
259.60000000002475,0.17543463281540664,0.08984375,0
259.65000000002476,0.17313766986067855,0.41015625,0
259.7000000000248,0.17711000014258033,0.14453125,0
259.7500000000248,0.18145364917939152,0.24609375,0
259.8000000000248,0.19849551571101115,0.19921875,0
259.8500000000248,0.19590472445239893,0.1328125,0
259.9000000000248,0.1938264381690163,0.28515625,0
259.95000000002483,0.20138259145678564,0.19921875,0
260.00000000002484,0.4458703649900193,0.2890625,0
260.05000000002485,0.4430531281916634,0.30078125,0
260.10000000002486,0.43874999823444116,0.25,0
260.1500000000249,0.42563035693795087,0.34375,0
260.2000000000249,0.41400034488543724,0.2265625,0
260.2500000000249,0.4063794326639164,0.30859375,0
260.3000000000249,0.40022318526181805,0.1953125,0
260.3500000000249,0.39260568626025827,0.390625,0
260.40000000002493,0.38887632935297484,0.30859375,0
260.45000000002494,0.38640678819044605,0.3984375,0
260.50000000002495,0.38045962310239645,0.25390625,0
260.55000000002497,0.3746373463650903,0.19140625,0
260.600000000025,0.3693646132896631,0.25390625,0
260.650000000025,0.3653266633060606,0.26171875,0
260.700000000025,0.34062314799203974,0.2578125,0
260.750000000025,0.3348205471421258,0.41796875,0
260.800000000025,0.33883728007294944,0.24609375,0
260.85000000002503,0.3391330604437922,0.1796875,0
260.90000000002505,0.3092438121966619,0.21875,0
260.95000000002506,0.2776977365520376,0.140625,0
261.00000000002507,0.259401855341772,0.421875,0
261.0500000000251,0.24170378636200154,0.34765625,0
261.1000000000251,0.21295104972846274,0.38671875,0
261.1500000000251,0.21611800730941944,0.2265625,0
261.2000000000251,0.21090830272359895,0.45703125,0
261.2500000000251,0.19045290981780083,0.28515625,0
261.30000000002514,0.16823359513810288,0.40625,0
261.35000000002515,0.17460560940281247,0.29296875,0
261.40000000002516,0.17929636180443423,0.19140625,0
261.45000000002517,0.20270919416570557,0.29296875,0
261.5000000000252,0.17025321319032768,0.19140625,0
261.5500000000252,0.16811095400852683,0.35546875,0
261.6000000000252,0.16391847218605404,0.234375,0
261.6500000000252,0.20342761598865966,0.2421875,0
261.7000000000252,0.20672105766038124,0.23046875,0
261.75000000002524,0.21816444446040226,0.1953125,0
261.80000000002525,0.2245352269515857,0.30078125,0
261.85000000002526,0.22105314392779418,0.3125,0
261.9000000000253,0.22159339519809865,0.56640625,0
261.9500000000253,0.1840700316229556,0.3046875,0
262.0000000000253,0.20219929909137407,0.40625,0
262.0500000000253,0.2087517058100798,0.1875,0
262.1000000000253,0.24027859706227675,0.2578125,0
262.15000000002533,0.22897004636767895,0.26953125,0
262.20000000002534,0.23852167205950417,0.14453125,0
262.25000000002535,0.24551795882510846,0.2734375,0
262.30000000002536,0.2424769792031312,0.09765625,0
262.3500000000254,0.20099358172668688,0.30859375,0
262.4000000000254,0.18124334418836527,0.30859375,0
262.4500000000254,0.13233208465040316,0.171875,0
262.5000000000254,0.15285559101462085,0.19921875,0
262.5500000000254,0.16615917171909694,0.19140625,0
262.60000000002543,0.16039011326859393,0.20703125,0
262.65000000002544,0.16242874625935766,0.1484375,0
262.70000000002545,0.15958005618883972,0.33203125,0
262.75000000002547,0.15108339456947747,0.23046875,0
262.8000000000255,0.17001277899247685,0.26171875,0
262.8500000000255,0.1764106348342837,0.31640625,0
262.9000000000255,0.15480519221088584,0.2265625,0
262.9500000000255,0.17024618621994766,0.33984375,0
263.0000000000255,0.16600224279317416,0.296875,0
263.05000000002553,0.17127061183849918,0.3046875,0
263.10000000002555,0.19125904464557292,0.453125,0
263.15000000002556,0.17947379528161858,0.1953125,0
263.20000000002557,0.17564311945737265,0.2578125,0
263.2500000000256,0.15016901947037412,0.3046875,0
263.3000000000256,0.16756840533961728,0.26171875,0
263.3500000000256,0.16706037186364067,0.1484375,0
263.4000000000256,0.18089061006395343,0.19921875,0
263.4500000000256,0.17708513060516118,0.1953125,0
263.50000000002564,0.1547058776724464,0.234375,0
263.55000000002565,0.14944743581232295,0.28515625,0
263.60000000002566,0.13668063932796684,0.046875,0
263.65000000002567,0.5479534696168928,0.24609375,0
263.7000000000257,0.5192664910088964,0.1796875,0
263.7500000000257,0.48842302342497323,0.24609375,0
263.8000000000257,0.45409968029079745,0.16796875,0
263.8500000000257,0.4262069552138275,0.265625,0
263.9000000000257,0.41113290031283395,0.15625,0
263.95000000002574,0.3988357293963684,0.31640625,0
264.00000000002575,0.39502842921645404,0.16015625,0
264.05000000002576,0.39268204403052365,0.3828125,0
264.1000000000258,0.38025150323482676,0.21875,0
264.1500000000258,0.3865014662514801,0.390625,0
264.2000000000258,0.3913380230762606,0.25,0
264.2500000000258,0.4400393624808162,0.2265625,0
264.3000000000258,0.46501040340657823,0.1640625,0
264.35000000002583,0.4675463846584204,0.20703125,0
264.40000000002584,0.47628857053087176,0.30078125,0
264.45000000002585,0.4821612444579844,0.26953125,0
264.50000000002586,0.46134624348140923,0.1484375,0
264.5500000000259,0.43958991249574686,0.265625,0
264.6000000000259,0.46447695956485047,0.20703125,0
264.6500000000259,0.49054411796157593,0.19140625,0
264.7000000000259,0.5343040123532002,0.21484375,0
264.7500000000259,0.5430042825120691,0.109375,0
264.80000000002593,0.5722841152132729,0.14453125,0
264.85000000002594,0.6235833800638818,0.265625,0
264.90000000002595,0.47220195025370093,0.1328125,0
264.95000000002597,0.409765162455306,0.21484375,0
265.000000000026,0.3244628419447345,0.20703125,0
265.050000000026,0.2809962305203252,0.19921875,0
265.100000000026,0.2794694982118995,0.28125,0
265.150000000026,0.28537468592900433,0.1484375,0
265.200000000026,0.2450814493591121,0.20703125,0
265.25000000002603,0.20603205704118363,0.171875,0
265.30000000002605,0.1646922379867383,0.3671875,0
265.35000000002606,0.18396165447476928,0.3828125,0
265.40000000002607,0.2580658453989664,0.29296875,0
265.4500000000261,0.34314233321026905,0.296875,0
265.5000000000261,0.4482774019359797,0.1875,0
265.5500000000261,0.3119420254404619,0.28515625,0
265.6000000000261,0.999999969344498,0.328125,0
265.6500000000261,0.9999999563584628,0.37109375,0
265.70000000002614,0.9999999263703766,0.2734375,0
265.75000000002615,0.9999999178496531,0.34375,0
265.80000000002616,0.999999875378082,0.10546875,0
265.85000000002617,0.18868010795665702,0.3046875,0
265.9000000000262,0.24492069677696268,0.37109375,0
265.9500000000262,0.2453059341162264,0.421875,0
266.0000000000262,0.2536965910932735,0.42578125,0
266.0500000000262,0.2846084203587207,0.3203125,0
266.1000000000262,0.2691519119783358,0.31640625,0
266.15000000002624,0.25120774769119547,0.19921875,0
266.20000000002625,0.25900144357002214,0.11328125,0
266.25000000002626,0.9999998628353224,0.20703125,0
266.3000000000263,0.16750253717532654,0.234375,0
266.3500000000263,0.21891562277878415,0.21484375,0
266.4000000000263,0.26779616144878904,0.12890625,0
266.4500000000263,0.21747725336234774,0.23046875,0
266.5000000000263,0.20457848537872458,0.22265625,0
266.55000000002633,0.20465629341876,0.20703125,0
266.60000000002634,0.22860164360271432,0.171875,0
266.65000000002635,0.25177113890054076,0.125,0
266.70000000002636,0.22343371469911413,0.21875,0
266.7500000000264,0.22149449038195534,0.3203125,0
266.8000000000264,0.2118449782423864,0.15625,0
266.8500000000264,0.2051951821019828,0.17578125,0
266.9000000000264,0.17344629307625808,0.12890625,0
266.9500000000264,0.9999998726253021,0.33984375,0
267.00000000002643,0.6092690043543469,0.421875,0
267.05000000002644,0.6192734737614778,0.26171875,0
267.10000000002645,0.6140400781745093,0.265625,0
267.15000000002647,0.6068022033880455,0.19921875,0
267.2000000000265,0.5963218931937279,0.37109375,0
267.2500000000265,0.5961105496019372,0.34375,0
267.3000000000265,0.9999999841798161,0.375,1
267.3500000000265,0.5936279658300051,0.421875,1
267.4000000000265,0.5827239909993797,0.40625,1
267.45000000002653,0.5728949207812893,0.23828125,1
267.50000000002655,0.5628447842971318,0.27734375,0
267.55000000002656,0.5544624795202806,0.26171875,1
267.60000000002657,0.5807701911214699,0.3515625,1
267.6500000000266,0.5247733469000454,0.703125,1
267.7000000000266,0.5234253934222735,0.8515625,1
267.7500000000266,0.5282247996353163,0.8515625,1
267.8000000000266,0.5209817011928375,0.8515625,0
267.8500000000266,0.5118417738721261,0.8515625,1
267.90000000002664,0.5170214866711429,0.8515625,1
267.95000000002665,0.5242435072493842,0.8515625,1
268.00000000002666,0.5328466690524719,0.8515625,1
268.05000000002667,0.5327059077810283,0.8515625,0
268.1000000000267,0.9999999999999533,0.8515625,1
268.1500000000267,0.9999999999999495,0.8515625,1
268.2000000000267,0.9999999999999513,0.8515625,1
268.2500000000267,0.9999999999999459,0.8515625,1
268.3000000000267,0.9999999999999439,0.8515625,1
268.35000000002674,0.99999996725975,0.8515625,0
268.40000000002675,0.9999999658190745,0.8515625,1
268.45000000002676,0.9999999632747789,0.8515625,1
268.5000000000268,0.9999999544554111,0.8515625,1
268.5500000000268,0.9999999999999203,0.8515625,1
268.6000000000268,0.9999999884668087,0.8515625,1
268.6500000000268,0.9999999813360119,0.8515625,0
268.7000000000268,0.9999999999999698,0.8515625,1
268.75000000002683,0.9999999999999729,0.8515625,1
268.80000000002684,0.9999999862468287,0.8515625,1
268.85000000002685,0.9999999866071835,0.8515625,1
268.90000000002686,0.9999999870598989,0.8515625,0
268.9500000000269,0.9999999999999845,0.8515625,0
269.0000000000269,0.9999999999999891,0.734375,1
269.0500000000269,0.9999999935956557,0.734375,1
269.1000000000269,0.9999999999999881,0.734375,1
269.1500000000269,0.9999999930403496,0.734375,1
269.20000000002693,0.9999999924341706,0.734375,0
269.25000000002694,0.9999999999999932,0.734375,1
269.30000000002696,0.9999999999999948,0.734375,1
269.35000000002697,0.9999999950583545,0.734375,1
269.400000000027,0.9999999950583545,0.734375,1
269.450000000027,0.9999999999999956,0.734375,1
269.500000000027,0.9999999999999978,0.734375,0
269.550000000027,0.9999999999999978,0.734375,1
269.600000000027,0.9999999999999978,0.734375,1
269.65000000002703,0.9999999999999962,0.734375,1
269.70000000002705,0.999999999999997,0.734375,1
269.75000000002706,0.999999999999997,0.734375,1
269.80000000002707,0.9999999999999954,0.734375,0
269.8500000000271,0.9999999999999954,0.734375,1
269.9000000000271,0.9999999999999954,0.734375,1
269.9500000000271,0.999999993186668,0.734375,1
270.0000000000271,0.4786520171857214,0.609375,1
270.0500000000271,0.47469023297308877,0.609375,0
270.10000000002714,0.47469023297308877,0.609375,0
270.15000000002715,0.47469023297308877,0.609375,0
270.20000000002716,0.47469023297308877,0.609375,0
270.25000000002717,0.47469023297308877,0.609375,0
270.3000000000272,0.4746862588856438,0.609375,0
270.3500000000272,0.4786520171857213,0.609375,0
270.4000000000272,0.4786520171857213,0.609375,0
270.4500000000272,0.4786520171857213,0.609375,1
270.5000000000272,0.4786520171857213,0.609375,1
270.55000000002724,0.4786520171857214,0.609375,1
270.60000000002725,0.4786520171857214,0.609375,1
270.65000000002726,0.4786520171857214,0.609375,1
270.7000000000273,0.4786520171857211,0.609375,1
270.7500000000273,0.4786520171857213,0.609375,0
270.8000000000273,0.4786520171857213,0.609375,0
270.8500000000273,0.48918601337215384,0.609375,0
270.9000000000273,0.51805157384525,0.609375,0
270.95000000002733,0.45515759087142416,0.609375,0
271.00000000002734,0.6997406710773691,0.62890625,0
271.05000000002735,0.6887353575693312,0.6328125,0
271.10000000002736,0.6895568380605688,0.640625,0
271.1500000000274,0.6846512706566286,0.28515625,0
271.2000000000274,0.6910932401165881,0.37890625,1
271.2500000000274,0.6631045575539348,0.34375,1
271.3000000000274,0.7522823472151062,0.328125,1
271.3500000000274,0.6773105982841489,0.32421875,1
271.40000000002743,0.6668481678915198,0.31640625,1
271.45000000002744,0.6506959905511703,0.31640625,1
271.50000000002746,0.6379467022733388,0.30078125,1
271.55000000002747,0.6269418425372227,0.35546875,1
271.6000000000275,0.6073804019177734,0.4296875,1
271.6500000000275,0.620704433511044,0.31640625,1
271.7000000000275,0.6149418318436423,0.26953125,1
271.7500000000275,0.6010472211930452,0.30078125,1
271.8000000000275,0.5719596216629826,0.23828125,1
271.85000000002753,0.5753210380516958,0.3359375,1
271.90000000002755,0.6717959693102993,0.29296875,1
271.95000000002756,0.5583011579881143,0.30078125,1
272.00000000002757,0.519022622503244,0.22265625,1
272.0500000000276,0.495158904709512,0.27734375,1
272.1000000000276,0.5111699655390072,0.296875,1
272.1500000000276,0.4882249622310106,0.3828125,1
272.2000000000276,0.4804514035911546,0.23828125,1
272.2500000000276,0.5025810808336144,0.38671875,1
272.30000000002764,0.49598766672417094,0.32421875,1
272.35000000002765,0.46762838208916546,0.23828125,1
272.40000000002766,0.42651643050296334,0.40234375,1
272.45000000002767,0.37841261291868367,0.375,1
272.5000000000277,0.37333463031653463,0.23828125,1
272.5500000000277,0.37804732687238823,0.34765625,1
272.6000000000277,0.36251298159716283,0.31640625,1
272.6500000000277,0.2930601040083941,0.27734375,1
272.7000000000277,0.33263796158382897,0.33984375,1
272.75000000002774,0.2835433169386345,0.30859375,1
272.80000000002775,0.27294582490810815,0.3125,1
272.85000000002776,0.20532975770404396,0.27734375,1
272.9000000000278,0.24458778898482678,0.3046875,1
272.9500000000278,0.21588729548576302,0.30859375,1
273.0000000000278,0.25247693189134673,0.25,1
273.0500000000278,0.23100401274851423,0.26171875,1
273.1000000000278,0.21165282823683498,0.37109375,1
273.15000000002783,0.18861445317806538,0.3203125,1
273.20000000002784,0.2513920301757996,0.3203125,1
273.25000000002785,0.29818388882100444,0.3203125,1
273.30000000002786,0.32507651140350957,0.3203125,1
273.3500000000279,0.33886652311638576,0.3203125,1
273.4000000000279,0.3456112081650756,0.3203125,1
273.4500000000279,0.34558347189023136,0.3203125,1
273.5000000000279,0.3456185493775263,0.3203125,1
273.5500000000279,0.34688875029833754,0.3203125,1
273.60000000002793,0.34688875029833743,0.3203125,1
273.65000000002794,0.34688875029833754,0.34765625,0
273.70000000002796,0.34688875029833743,0.34765625,0
273.75000000002797,0.34688875029833743,0.59765625,0
273.800000000028,0.3405303423992903,0.59765625,0
273.850000000028,0.334643195028272,0.5703125,0
273.900000000028,0.3155129716890221,0.5703125,0
273.950000000028,0.290945771758338,0.296875,0
274.000000000028,0.7297531297065628,0.36328125,0
274.05000000002804,0.7258370378588891,0.39453125,0
274.10000000002805,0.7278593912812132,0.3125,0
274.15000000002806,0.714593746313494,0.3359375,0
274.20000000002807,0.6950237941603351,0.296875,0
274.2500000000281,0.6854419071342345,0.3125,0
274.3000000000281,0.6713436805782503,0.2265625,1
274.3500000000281,0.6694052533651623,0.34765625,1
274.4000000000281,0.6461455889942291,0.265625,1
274.4500000000281,0.6275047277803693,0.265625,1
274.50000000002814,0.5921750165247404,0.34375,1
274.55000000002815,0.5754709441012648,0.296875,0
274.60000000002816,0.9999999771679063,0.296875,1
274.6500000000282,0.9999999999999581,0.640625,1
274.7000000000282,0.9999999999999778,0.640625,1
274.7500000000282,0.9999999999999747,0.640625,1
274.8000000000282,0.9999999999999745,0.640625,0
274.8500000000282,0.9999999999999554,0.640625,0
274.90000000002823,0.9999999999997974,0.640625,0
274.95000000002824,0.9999999999997987,0.640625,0
275.00000000002825,0.6656712897055219,0.6640625,0
275.05000000002826,0.6643994147893859,0.65234375,0
275.1000000000283,0.6780790580605094,0.640625,0
275.1500000000283,0.668383013793452,0.375,0
275.2000000000283,0.6471717625734728,0.38671875,0
275.2500000000283,0.6479662423804912,0.2578125,0
275.3000000000283,0.627005802159605,0.29296875,0
275.35000000002833,0.5827571618336931,0.28125,0
275.40000000002834,0.6009375926262602,0.33203125,0
275.45000000002835,0.5733126501964576,0.21875,0
275.50000000002836,0.5487644153194797,0.37890625,0
275.5500000000284,0.5211762947727332,0.375,0
275.6000000000284,0.5267101700091474,0.33984375,0
275.6500000000284,0.5226595339313396,0.3515625,0
275.7000000000284,0.4111339577988413,0.234375,0
275.7500000000284,0.45721976239938167,0.2890625,0
275.80000000002843,0.31929921928424415,0.2265625,0
275.85000000002844,0.22952555013985856,0.296875,0
275.90000000002846,0.22254479797100574,0.2890625,0
275.95000000002847,0.230383631573194,0.26171875,0
276.0000000000285,0.2609026634510445,0.28515625,0
276.0500000000285,0.20111551474448874,0.20703125,0
276.1000000000285,0.24641723428440865,0.25,0
276.1500000000285,0.9999999999994796,0.33203125,0
276.2000000000285,0.39536402768321366,0.34765625,0
276.25000000002854,0.3911295779105071,0.25390625,0
276.30000000002855,0.3848075311343795,0.25390625,0
276.35000000002856,0.36428532958136045,0.265625,0
276.40000000002857,0.3370082838397106,0.31640625,0
276.4500000000286,0.3168729496099187,0.28515625,0
276.5000000000286,0.29531672260484787,0.29296875,0
276.5500000000286,0.2713828733905082,0.21484375,0
276.6000000000286,0.25162376289983884,0.3125,0
276.6500000000286,0.23170265255649683,0.3046875,0
276.70000000002864,0.22192822050647185,0.25390625,0
276.75000000002865,0.20778178516253504,0.33203125,0
276.80000000002866,0.18989256810863964,0.2890625,0
276.8500000000287,0.20184088679448825,0.31640625,0
276.9000000000287,0.20804256251728295,0.34375,0
276.9500000000287,0.21344416614495432,0.28125,0
277.0000000000287,0.22396957682504853,0.41796875,0
277.0500000000287,0.22107953917628298,0.34375,0
277.10000000002873,0.20137002377969207,0.3125,0
277.15000000002874,0.2022650777568013,0.296875,0
277.20000000002875,0.18883975819832682,0.296875,0
277.25000000002876,0.17326854109463957,0.265625,0
277.3000000000288,0.16601297696764308,0.25390625,0
277.3500000000288,0.16242658594695666,0.33984375,0
277.4000000000288,0.164594946311078,0.29296875,0
277.4500000000288,0.15579453141242983,0.27734375,0
277.5000000000288,0.15250183615844873,0.29296875,0
277.55000000002883,0.15515614000037264,0.19921875,0
277.60000000002884,0.15449752797793112,0.27734375,0
277.65000000002885,0.14364431173087486,0.3046875,0
277.70000000002887,0.14696776702716258,0.26953125,0
277.7500000000289,0.18172134613824922,0.25390625,0
277.8000000000289,0.18343009206118874,0.2734375,0
277.8500000000289,0.13946173100593504,0.26953125,0
277.9000000000289,0.1477732512040663,0.2890625,0
277.9500000000289,0.15957771636673804,0.34375,0
278.00000000002893,0.24893338689672515,0.25390625,0
278.05000000002894,0.26375240049665094,0.34765625,0
278.10000000002896,0.2558391297894333,0.3359375,0
278.15000000002897,0.2249060749521548,0.29296875,0
278.200000000029,0.2416077616186349,0.36328125,0
278.250000000029,0.24282139170053982,0.2890625,0
278.300000000029,0.24480719032174766,0.28125,0
278.350000000029,0.250227397719406,0.28125,0
278.400000000029,0.2558952777896842,0.33984375,0
278.45000000002904,0.24788695794535173,0.25,0
278.50000000002905,0.24407792281733742,0.38671875,0
278.55000000002906,0.2305524782274433,0.24609375,0
278.60000000002907,0.21839903238507655,0.40234375,0
278.6500000000291,0.23261296551980834,0.24609375,0
278.7000000000291,0.2321909067386066,0.28515625,0
278.7500000000291,0.22070919663047184,0.28125,0
278.8000000000291,0.21981106632446482,0.2578125,0
278.8500000000291,0.23390685585943327,0.21484375,0
278.90000000002914,0.2040633919807394,0.33203125,0
278.95000000002915,0.17294582620784085,0.40625,0
279.00000000002916,0.3099905164583262,0.37890625,0
279.0500000000292,0.32088722451488266,0.2734375,0
279.1000000000292,0.31856737037777816,0.3671875,0
279.1500000000292,0.32377959190060407,0.3125,0
279.2000000000292,0.31649130632134836,0.36328125,0
279.2500000000292,0.28956464848402724,0.234375,0
279.30000000002923,0.2648079195397984,0.29296875,0
279.35000000002924,0.26644736050673196,0.265625,0
279.40000000002925,0.2584072105006108,0.30859375,0
279.45000000002926,0.25093078406147123,0.30078125,0
279.5000000000293,0.24549451312681028,0.33984375,0
279.5500000000293,0.2632995080910902,0.19921875,0
279.6000000000293,0.25288910351906896,0.3125,0
279.6500000000293,0.24337736552730493,0.21875,0
279.7000000000293,0.23569396362272355,0.26171875,0
279.75000000002933,0.2330575120464184,0.23046875,0
279.80000000002934,0.2116183290372967,0.359375,0
279.85000000002935,0.21076932916124397,0.2890625,0
279.90000000002937,0.19270245225285654,0.28125,0
279.9500000000294,0.19231259553965566,0.31640625,0
280.0000000000294,0.6109229560068256,0.4765625,0
280.0500000000294,0.6166163826833432,0.43359375,0
280.1000000000294,0.6086792616123563,0.36328125,0
280.1500000000294,0.6016693878311317,0.359375,0
280.20000000002943,0.5915842319061356,0.31640625,0
280.25000000002944,0.5880088452638661,0.390625,0
280.30000000002946,0.5864545412260519,0.33984375,1
280.35000000002947,0.5841033241264123,0.35546875,1
280.4000000000295,0.5755543203817141,0.30078125,1
280.4500000000295,0.5707138810103086,0.390625,1
280.5000000000295,0.5556098596952627,0.2890625,0
280.5500000000295,0.5464518654614313,0.30859375,1
280.6000000000295,0.5350682238556045,0.59765625,1
280.65000000002954,0.5216591064154532,0.69921875,1
280.70000000002955,0.5103119706074077,0.703125,1
280.75000000002956,0.505531966669568,0.703125,0
280.80000000002957,0.5030728931007727,0.703125,1
280.8500000000296,0.5006420686484987,0.7734375,1
280.9000000000296,0.49797511617402496,0.7734375,1
280.9500000000296,0.4946847708423935,0.7734375,1
281.0000000000296,0.39270719032460166,0.7109375,0
281.0500000000296,0.3943461652025615,0.7109375,1
281.10000000002964,0.3887391495881418,0.7109375,1
281.15000000002965,0.3837142864997401,0.7109375,1
281.20000000002966,0.37826551951168136,0.7109375,1
281.2500000000297,0.3740921173311822,0.7109375,1
281.3000000000297,0.3707880586948411,0.7109375,0
281.3500000000297,0.3692686912547922,0.7109375,1
281.4000000000297,0.37140827984339575,0.7109375,1
281.4500000000297,0.36673033069613314,0.7109375,1
281.50000000002973,0.36850695776894704,0.7109375,1
281.55000000002974,0.37119891618047696,0.7109375,0
281.60000000002975,0.3725915284466887,0.7109375,1
281.65000000002976,0.3776548621511327,0.7109375,1
281.7000000000298,0.3829766766515339,0.7109375,1
281.7500000000298,0.3948898454242291,0.7109375,1
281.8000000000298,0.3933196397933134,0.7109375,0
281.8500000000298,0.393745129319258,0.7109375,1
281.9000000000298,0.400019046470431,0.7109375,1
281.95000000002983,0.40778858731120493,0.7109375,1
282.00000000002984,0.5844504838788074,0.7109375,1
282.05000000002985,0.5883764568368477,0.7109375,1
282.10000000002987,0.595855441050594,0.7109375,0
282.1500000000299,0.5927452132783585,0.7109375,1
282.2000000000299,0.5896590635852968,0.7109375,1
282.2500000000299,0.5903538109520262,0.7109375,1
282.3000000000299,0.5911650387704833,0.7109375,1
282.3500000000299,0.5916860400549115,0.7109375,0
282.40000000002993,0.5918400803274095,0.7109375,0
282.45000000002995,0.5928485914201904,0.7109375,1
282.50000000002996,0.5901390276683777,0.7109375,1
282.55000000002997,0.5911645629554128,0.7109375,1
282.60000000003,0.590323454467361,0.7109375,1
282.65000000003,0.588182617894167,0.7109375,0
282.70000000003,0.5851006146060134,0.7109375,1
282.75000000003,0.5804458718602392,0.734375,1
282.80000000003,0.573966617276094,0.734375,1
282.85000000003004,0.5707556327766662,0.734375,1
282.90000000003005,0.5675713446625573,0.734375,0
282.95000000003006,0.5612216432171591,0.734375,0
283.00000000003007,0.49584280218953314,0.640625,1
283.0500000000301,0.49118417629838895,0.578125,1
283.1000000000301,0.4865309793963476,0.578125,1
283.1500000000301,0.48142214368860875,0.578125,1
283.2000000000301,0.47698334490337324,0.578125,1
283.2500000000301,0.4724755250470348,0.578125,1
283.30000000003014,0.46661087677218177,0.578125,1
283.35000000003015,0.46162374808393564,0.578125,1
283.40000000003016,0.4566200034924356,0.578125,1
283.4500000000302,0.4516044800145862,0.578125,1
283.5000000000302,0.44585101939420957,0.578125,0
283.5500000000302,0.44101935968231265,0.578125,0
283.6000000000302,0.43785310717404324,0.578125,0
283.6500000000302,0.4349741996228354,0.578125,0
283.70000000003023,0.43213210890855436,0.578125,0
283.75000000003024,0.4293300511834919,0.578125,0
283.80000000003025,0.4267690401662273,0.578125,0
283.85000000003026,0.42389509678744663,0.578125,0
283.9000000000303,0.42171216217306456,0.578125,1
283.9500000000303,0.41914377908693157,0.578125,1
284.0000000000303,0.5630570595338695,0.6328125,1
284.0500000000303,0.5627009365821168,0.6328125,1
284.1000000000303,0.5586477481403397,0.6328125,1
284.15000000003033,0.5544774791121929,0.6328125,1
284.20000000003034,0.5530524259037767,0.6328125,0
284.25000000003035,0.5497769916339326,0.6328125,1
284.30000000003037,0.5485580870254413,0.640625,1
284.3500000000304,0.5469490636071357,0.640625,1
284.4000000000304,0.54475659764099,0.640625,1
284.4500000000304,0.5416565586897648,0.640625,1
284.5000000000304,0.5388185415038493,0.640625,0
284.5500000000304,0.5388361902414929,0.640625,1
284.60000000003043,0.5336366843089783,0.640625,1
284.65000000003045,0.5295329724435195,0.640625,1
284.70000000003046,0.5251591737099169,0.640625,1
284.75000000003047,0.5211808574501493,0.640625,0
284.8000000000305,0.5175442756343805,0.640625,1
284.8500000000305,0.5129283642060537,0.640625,1
284.9000000000305,0.5088969820386766,0.640625,1
284.9500000000305,0.5032410816188989,0.640625,1
285.0000000000305,0.4792204640484932,0.578125,0
285.05000000003054,0.4747216148459757,0.578125,0
285.10000000003055,0.46895635030699256,0.578125,1
285.15000000003056,0.46313399808354383,0.578125,1
285.20000000003057,0.4572622368827217,0.578125,1
285.2500000000306,0.4522224906860234,0.578125,1
285.3000000000306,0.4473672536781137,0.578125,0
285.3500000000306,0.44428487803490374,0.578125,1
285.4000000000306,0.4429185321935604,0.578125,1
285.4500000000306,0.43998324110462655,0.578125,1
285.50000000003064,0.4370799835786848,0.578125,1
285.55000000003065,0.434212993238849,0.578125,1
285.60000000003066,0.43172124386957056,0.578125,0
285.6500000000307,0.4297735500109872,0.578125,0
285.7000000000307,0.43757632849183375,0.578125,1
285.7500000000307,0.443545507839015,0.578125,1
285.8000000000307,0.4490820128950784,0.578125,1
285.8500000000307,0.4537330429098725,0.578125,1
285.90000000003073,0.4577338664479604,0.578125,0
285.95000000003074,0.46273184586615684,0.578125,0
286.00000000003075,0.5548017370822514,0.640625,1
286.05000000003076,0.5592300863679609,0.640625,1
286.1000000000308,0.5600845889495565,0.640625,1
286.1500000000308,0.5582979362492941,0.640625,1
286.2000000000308,0.5544680623308795,0.640625,0
286.2500000000308,0.548038166847666,0.640625,0
286.3000000000308,0.5434640467384282,0.640625,0
286.35000000003083,0.5386134799533043,0.640625,0
286.40000000003084,0.5376116169747408,0.640625,0
286.45000000003085,0.5354089156794901,0.640625,0
286.50000000003087,0.5325533846476123,0.640625,0
286.5500000000309,0.5289248509216944,0.640625,1
286.6000000000309,0.5254159907467366,0.640625,1
286.6500000000309,0.5229690066199213,0.640625,1
286.7000000000309,0.520300859679977,0.640625,1
286.7500000000309,0.5194976570697188,0.640625,1
286.80000000003093,0.5199279209169851,0.640625,1
286.85000000003095,0.5199279209169851,0.640625,1
286.90000000003096,0.5199279209169851,0.640625,0
286.95000000003097,0.5199279209169851,0.640625,0
287.000000000031,0.5273332293434213,0.703125,0
287.050000000031,0.5186409799350761,0.703125,0
287.100000000031,0.5091790159528912,0.703125,0
287.150000000031,0.5053140725287276,0.703125,0
287.200000000031,0.4961472197930155,0.703125,0
287.25000000003104,0.48880336088488857,0.703125,0
287.30000000003105,0.48157812935185773,0.703125,1
287.35000000003106,0.47705111260976185,0.703125,1
287.40000000003107,0.4875365447003684,0.703125,1
287.4500000000311,0.49879577287143223,0.703125,1
287.5000000000311,0.5069990000128798,0.703125,1
287.5500000000311,0.5092539238903849,0.703125,1
287.6000000000311,0.5152203205944101,0.703125,1
287.6500000000311,0.5206544040939246,0.703125,1
287.70000000003114,0.5243283562297126,0.703125,1
287.75000000003115,0.5287537026961139,0.703125,1
287.80000000003116,0.5306457137065859,0.703125,1
287.8500000000312,0.5306457137065859,0.703125,1
287.9000000000312,0.5306457137065859,0.703125,1
287.9500000000312,0.5306457137065859,0.703125,1
288.0000000000312,0.5650050696945506,0.875,1
288.0500000000312,0.5650050696945506,0.875,1
288.10000000003123,0.5568551564681005,0.875,1
288.15000000003124,0.5555510060002861,0.875,1
288.20000000003125,0.5546397993122711,0.875,1
288.25000000003126,0.5540370134022038,0.875,1
288.3000000000313,0.553668119380573,0.875,1
288.3500000000313,0.5534754647294542,0.875,1
288.4000000000313,0.5526576396465569,0.875,1
288.4500000000313,0.5503872747598402,0.875,1
288.5000000000313,0.5531294261208884,0.875,1
288.55000000003133,0.5623615734777455,0.875,1
288.60000000003134,0.5712395315111491,0.875,1
288.65000000003135,0.5740975782375176,0.875,1
288.70000000003137,0.5740975782375176,0.875,1
288.7500000000314,0.9999999993523824,0.875,1
288.8000000000314,0.999999999330372,0.87109375,0
288.8500000000314,0.999999999313061,0.875,0
288.9000000000314,0.9999999992950422,0.87109375,0
288.9500000000314,0.9999999992182327,0.875,0
289.00000000003143,0.9999999992650989,0.8046875,0
289.05000000003145,0.9999999992787709,0.80859375,0
289.10000000003146,0.99999999930429,0.80859375,0
289.15000000003147,0.9999999993055194,0.80859375,0
289.2000000000315,0.9999999993291374,0.80859375,1
289.2500000000315,0.9999999993409547,0.80859375,1
289.3000000000315,0.9999999993522904,0.80859375,1
289.3500000000315,0.9999999993631535,0.80859375,1
289.4000000000315,0.9999999993735548,0.76953125,0
289.45000000003154,0.9999999993925586,0.8125,0
289.50000000003155,0.9999999993932503,0.8125,0
289.55000000003156,0.9999999993944761,0.8125,0
289.60000000003157,0.8742459229417481,0.8125,0
289.6500000000316,0.7971613559607097,0.8125,0
289.7000000000316,0.7396667063089436,0.8125,0
289.7500000000316,0.6978956720907151,0.8125,0
289.8000000000316,0.6598950036235891,0.78125,0
289.8500000000316,0.6532295103643174,0.77734375,0
289.90000000003164,0.649912789436986,0.25390625,0
289.95000000003165,0.6559456343149203,0.30078125,0
290.00000000003166,0.6600733015302636,0.26953125,0
290.0500000000317,0.6519426442025806,0.25,0
290.1000000000317,0.6282841870288476,0.19140625,0
290.1500000000317,0.6115087451222263,0.29296875,0
290.2000000000317,0.587845671894201,0.40234375,0
290.2500000000317,0.5562893411886916,0.25,0
290.30000000003173,0.5177818693189625,0.22265625,0
290.35000000003174,0.5183297912713518,0.24609375,0
290.40000000003175,0.46770037630662753,0.13671875,0
290.45000000003176,0.4390149611065411,0.22265625,0
290.5000000000318,0.44180365879583655,0.30078125,0
290.5500000000318,0.43027197028916736,0.26171875,0
290.6000000000318,0.42853818082787376,0.15234375,0
290.6500000000318,0.4192355981265789,0.14453125,0
290.7000000000318,0.38114443916302154,0.3203125,0
290.75000000003183,0.4037322627278188,0.28515625,0
290.80000000003184,0.3800632093465115,0.20703125,0
290.85000000003186,0.4193999835378289,0.3359375,0
290.90000000003187,0.41227693085096423,0.3515625,0
290.9500000000319,0.38609969913495146,0.23046875,0
291.0000000000319,0.3698017073097019,0.23046875,0
291.0500000000319,0.33843522131548076,0.34375,0
291.1000000000319,0.31519727295670064,0.2734375,0
291.1500000000319,0.3267154262786368,0.33203125,0
291.20000000003193,0.32211702086644683,0.17578125,0
291.25000000003195,0.2869924360752209,0.41796875,0
291.30000000003196,0.2601159336583718,0.19921875,0
291.35000000003197,0.3034684952384093,0.1640625,0
291.400000000032,0.2531651157851962,0.28125,0
291.450000000032,0.24625880080553458,0.28515625,0
291.500000000032,0.23723373577513243,0.26953125,0
291.550000000032,0.24408095422000003,0.48046875,0
291.600000000032,0.2528744646754116,0.140625,0
291.65000000003204,0.19332452337709272,0.171875,0
291.70000000003205,0.23365842267142786,0.234375,0
291.75000000003206,0.14656664312662135,0.2734375,0
291.80000000003207,0.16706681510801713,0.15234375,0
291.8500000000321,0.20444834034737405,0.234375,0
291.9000000000321,0.22768445114424873,0.2734375,0
291.9500000000321,0.222946884562862,0.41796875,0
292.0000000000321,0.23314692616210275,0.1953125,0
292.0500000000321,0.236854311292807,0.2265625,0
292.10000000003214,0.17384163311980183,0.171875,0
292.15000000003215,0.13394848025449652,0.09375,0
292.20000000003216,0.17266228561026686,0.2265625,0
292.2500000000322,0.14251882916657074,0.48046875,0
292.3000000000322,0.22598851215836818,0.234375,0
292.3500000000322,0.9999998766358793,0.234375,0
292.4000000000322,0.17972510243207676,0.22265625,0
292.4500000000322,0.2025441405926308,0.25,0
292.50000000003223,0.22177481005150668,0.28125,0
292.55000000003224,0.22532318145033856,0.21875,0
292.60000000003225,0.21204759250742056,0.2734375,0
292.65000000003226,0.19078490647565158,0.23046875,0
292.7000000000323,0.9999998777586079,0.27734375,0
292.7500000000323,0.22408481325796298,0.37890625,0
292.8000000000323,0.23437005919870185,0.3125,0
292.8500000000323,0.1774679183729785,0.2890625,0
292.9000000000323,0.22402435837313972,0.2265625,0
292.95000000003233,0.17135342495814895,0.32421875,0
293.00000000003234,0.15112205572244716,0.33203125,0
293.05000000003236,0.16394771436802083,0.35546875,0
293.10000000003237,0.1878128961167686,0.23828125,0
293.1500000000324,0.16372838157973685,0.21875,0
293.2000000000324,0.15410256234063002,0.29296875,0
293.2500000000324,0.15427291955057942,0.3125,0
293.3000000000324,0.15903385383601004,0.19921875,0
293.3500000000324,0.13108661020915602,0.19140625,0
293.40000000003243,0.17937215878781115,0.234375,0
293.45000000003245,0.2123275591290906,0.17578125,0
293.50000000003246,0.17162476245919644,0.23828125,0
293.55000000003247,0.258486269004875,0.15234375,0
293.6000000000325,0.3126417735015951,0.3359375,0
293.6500000000325,0.28907511185276275,0.2109375,0
293.7000000000325,0.2686643282142357,0.26171875,0
293.7500000000325,0.24177785769489757,0.2734375,0
293.8000000000325,0.22982742051415592,0.125,0
293.85000000003254,0.19153613287957005,0.15625,0
293.90000000003255,0.15175569658706628,0.19921875,0
293.95000000003256,0.1645528311179227,0.265625,0
294.00000000003257,0.6750031575055079,0.30078125,0
294.0500000000326,0.6929448833703065,0.28125,0
294.1000000000326,0.6694948449345074,0.2578125,0
294.1500000000326,0.6556954433172716,0.3203125,0
294.2000000000326,0.6883508327547635,0.26171875,0
294.2500000000326,0.6443303410972434,0.30078125,0
294.30000000003264,0.6402117107726812,0.2421875,1
294.35000000003265,0.6351477364710765,0.26171875,1
294.40000000003266,0.6421588860155938,0.37890625,1
294.4500000000327,0.9999999899815537,0.30859375,1
294.5000000000327,0.6453300190388458,0.18359375,1
294.5500000000327,0.6244767381426296,0.3828125,1
294.6000000000327,0.6334183104724126,0.234375,1
294.6500000000327,0.6655779992747125,0.1875,1
294.70000000003273,0.7027755353882502,0.34375,1
294.75000000003274,0.6361039738138602,0.13671875,1
294.80000000003275,0.6293786910227006,0.3515625,1
294.85000000003276,0.5763575835413286,0.30859375,1
294.9000000000328,0.6088459978159947,0.25390625,1
294.9500000000328,0.6697431429528583,0.25390625,1
295.0000000000328,0.6001733172215777,0.171875,1
295.0500000000328,0.5917282723087085,0.1953125,1
295.1000000000328,0.5670135568030717,0.35546875,1
295.15000000003283,0.6559934352304361,0.17578125,1
295.20000000003284,0.6017170646850778,0.28515625,1
295.25000000003286,0.5446764207131163,0.14453125,1
295.30000000003287,0.5390669157742672,0.3046875,1
295.3500000000329,0.5073783349963935,0.21484375,1
295.4000000000329,0.5004617317113468,0.14453125,1
295.4500000000329,0.4927804419648852,0.16796875,1
295.5000000000329,0.4723685306018122,0.23046875,1
295.5500000000329,0.46296993609596626,0.1328125,1
295.60000000003294,0.4575053931769906,0.30078125,1
295.65000000003295,0.47097454656836685,0.26953125,1
295.70000000003296,0.4487607394391341,0.2578125,1
295.75000000003297,0.4577561269497243,0.1796875,1
295.800000000033,0.4462818842146602,0.234375,1
295.850000000033,0.3833160962910481,0.1875,1
295.900000000033,0.34714730530068133,0.29296875,1
295.950000000033,0.3059308239924417,0.35546875,1
296.000000000033,0.2802049277936959,0.26171875,1
296.05000000003304,0.26435820430898116,0.31640625,1
296.10000000003305,0.2524564276560549,0.2109375,1
296.15000000003306,0.24502867249724533,0.24609375,1
296.20000000003307,0.24319913915398983,0.19921875,1
296.2500000000331,0.23999384346276856,0.2265625,1
296.3000000000331,0.24740986586137698,0.25,1
296.3500000000331,0.21219526985227383,0.2265625,1
296.4000000000331,0.20087130912730122,0.2109375,1
296.4500000000331,0.19463912137485972,0.37109375,1
296.50000000003314,0.20111726487605397,0.27734375,1
296.55000000003315,0.21097269451979028,0.32421875,1
296.60000000003316,0.2140547348638628,0.21875,1
296.6500000000332,0.19690067465456723,0.30078125,1
296.7000000000332,0.14518713394236807,0.2578125,1
296.7500000000332,0.17415845368063282,0.2421875,1
296.8000000000332,0.16111942060511283,0.34765625,1
296.8500000000332,0.1443941995302743,0.2734375,1
296.90000000003323,0.17568875523007346,0.2109375,1
296.95000000003324,0.22564008108735648,0.265625,1
297.00000000003325,0.23132093109548413,0.17578125,1
297.05000000003326,0.22776897304186658,0.3203125,1
297.1000000000333,0.2480666285449413,0.25390625,1
297.1500000000333,0.23697744475759838,0.26171875,1
297.2000000000333,0.23299333801374575,0.1484375,1
297.2500000000333,0.19083896682430718,0.15234375,1
297.3000000000333,0.2608080009322577,0.3203125,1
297.35000000003333,0.2802852789972622,0.3515625,1
297.40000000003334,0.2818568088612265,0.28125,1
297.45000000003336,0.33646234703504363,0.2578125,1
297.50000000003337,0.30646426034420216,0.11328125,1
297.5500000000334,0.29449594019780834,0.27734375,1
297.6000000000334,0.2558478118237834,0.22265625,1
297.6500000000334,0.18648266978435898,0.3046875,1
297.7000000000334,0.18750552946544707,0.2421875,1
297.7500000000334,0.2075202453021621,0.27734375,1
297.80000000003344,0.2785414367130197,0.2734375,1
297.85000000003345,0.26149941506871055,0.24609375,1
297.90000000003346,0.2414268220301277,0.19921875,1
297.95000000003347,0.25464256674927305,0.3515625,1
298.0000000000335,0.7338318026207747,0.41015625,1
298.0500000000335,0.7373492840148582,0.5,1
298.1000000000335,0.7269776548416683,0.328125,1
298.1500000000335,0.7181196743327374,0.34375,1
298.2000000000335,0.7112236118488294,0.29296875,1
298.25000000003354,0.703526924052966,0.30859375,1
298.30000000003355,0.6914413392822167,0.21875,1
298.35000000003356,0.6856808987810399,0.18359375,1
298.4000000000336,0.6726753035377939,0.140625,1
298.4500000000336,0.6585326682037352,0.29296875,1
298.5000000000336,0.6455076864855468,0.2421875,1
298.5500000000336,0.6345095607508797,0.30078125,1
298.6000000000336,0.6180791443021879,0.234375,1
298.65000000003363,0.6111410596373165,0.18359375,1
298.70000000003364,0.598720396957272,0.2734375,1
298.75000000003365,0.6055205867706934,0.234375,1
298.80000000003366,0.6078326938884159,0.265625,1
298.8500000000337,0.5974985653010408,0.28125,1
298.9000000000337,0.5621928654811635,0.23046875,1
298.9500000000337,0.5277033386210926,0.26171875,1
299.0000000000337,0.4834177686201566,0.3046875,1
299.0500000000337,0.47028638944781326,0.28125,1
299.10000000003373,0.44963161885340036,0.375,1
299.15000000003374,0.4652921288200754,0.375,1
299.20000000003375,0.4186247570690725,0.375,1
299.25000000003376,0.4204994092108173,0.375,1
299.3000000000338,0.3932675876157312,0.375,1
299.3500000000338,0.34422436100945425,0.375,1
299.4000000000338,0.3261872898297549,0.375,1
299.4500000000338,0.24486825859094116,0.375,1
299.5000000000338,0.20225189837004845,0.375,1
299.55000000003383,0.2187691795646222,0.375,1
299.60000000003384,0.21732115969358906,0.375,0
299.65000000003386,0.2194105949848383,0.38671875,0
299.70000000003387,0.22598599269049663,0.38671875,0
299.7500000000339,0.256566652937287,0.49609375,0
299.8000000000339,0.29149846042606925,0.5078125,0
299.8500000000339,0.31767182769981334,0.4765625,0
299.9000000000339,0.36304675134777187,0.4921875,0
299.9500000000339,0.29018057401968667,0.28125,0
300.00000000003394,0.26442257008887315,0.203125,0
300.05000000003395,0.9999999999999428,0.203125,0
300.10000000003396,0.22983759263889095,0.26171875,0
300.15000000003397,0.2416392983217024,0.22265625,0
300.200000000034,0.28397384114843,0.203125,0
300.250000000034,0.3443991975305122,0.24609375,0
300.300000000034,0.2923276190172972,0.26953125,0
300.350000000034,0.21719223862424578,0.1875,0
300.400000000034,0.9999998319156831,0.23046875,0
300.45000000003404,0.12101345356980837,0.23046875,0
300.50000000003405,0.11571150674462495,0.30078125,0
300.55000000003406,0.1501201200256173,0.19921875,0
300.6000000000341,0.19018330919370705,0.31640625,0
300.6500000000341,0.1896666437420328,0.234375,0
300.7000000000341,0.17043044717043784,0.328125,0
300.7500000000341,0.19179950554110003,0.22265625,0
300.8000000000341,0.24790955224510172,0.26171875,0
300.85000000003413,0.3096842672384457,0.203125,0
300.90000000003414,0.25833182904879026,0.19921875,0
300.95000000003415,0.2011647666887793,0.27734375,0
