timestamp,shape_error,presence_error,leader_off
0.05,2.9208624459595014e-16,0.0,1
0.1,0.03050046473599476,0.0,1
0.15000000000000002,0.016026125888569148,0.0,1
0.2,0.016026125888569148,0.0,1
0.25,0.010151198789134067,0.0,1
0.3,0.014444610896639802,0.0,1
0.35,0.011074812976667018,0.0,1
0.39999999999999997,2.9208624459595014e-16,0.0,0
0.44999999999999996,2.987678127262618e-16,0.05859375,0
0.49999999999999994,0.016299785328587363,0.9375,0
0.5499999999999999,0.029873682929736307,0.87890625,0
0.6,0.026142578682588215,0.8828125,0
0.65,0.01806741299978334,0.00390625,0
0.7000000000000001,0.03046740298824894,0.1796875,0
0.7500000000000001,0.03854287742792753,0.05859375,0
0.8000000000000002,0.08520100552019029,0.01171875,0
0.8500000000000002,0.08118645147432128,0.17578125,0
0.9000000000000002,0.003791972002597702,0.0078125,0
0.9500000000000003,0.012258098376136879,0.1171875,0
1.0000000000000002,0.11411873947865436,0.18359375,0
1.0500000000000003,0.11041430447292416,0.07421875,0
1.1000000000000003,0.13770691699375381,0.0703125,0
1.1500000000000004,0.11149621413957966,0.07421875,0
1.2000000000000004,0.09749813087440501,0.0703125,0
1.2500000000000004,0.09176211844858996,0.0703125,0
1.3000000000000005,0.06933164025196108,0.06640625,0
1.3500000000000005,0.07955731568636315,0.015625,0
1.4000000000000006,0.05515789242100777,0.015625,0
1.4500000000000006,0.05435656181803767,0.0703125,0
1.5000000000000007,0.05668550382530249,0.01171875,0
1.5500000000000007,0.03217334613475893,0.01171875,0
1.6000000000000008,0.010595459867413663,0.12109375,0
1.6500000000000008,0.07334493291518299,0.01171875,0
1.7000000000000008,0.025403831598037465,0.02734375,0
1.7500000000000009,0.053554619439502266,0.06640625,0
1.800000000000001,0.07432671386283597,0.01953125,0
1.850000000000001,0.07106646846109335,0.11328125,0
1.900000000000001,0.06976278305864163,0.01953125,0
1.950000000000001,0.0400628347579929,0.01171875,0
2.000000000000001,0.0729509760119364,0.078125,0
2.0500000000000007,0.08694189531938928,0.125,0
2.1000000000000005,0.1101449205321819,0.07421875,0
2.1500000000000004,0.13392652034979496,0.0703125,0
2.2,0.12276811776478619,0.0234375,0
2.25,0.0916351760487046,0.078125,0
2.3,0.06253547877458132,0.0703125,0
2.3499999999999996,0.07291420473346957,0.03125,0
2.3999999999999995,0.0795212902956701,0.0703125,0
2.4499999999999993,0.05310917855009701,0.0703125,0
2.499999999999999,0.053502020876626304,0.171875,0
2.549999999999999,0.08207258504767823,0.01953125,0
2.5999999999999988,0.05673600827244401,0.06640625,0
2.6499999999999986,0.08483744147980679,0.03125,0
2.6999999999999984,0.039935370545091185,0.0703125,0
2.7499999999999982,0.08416905576712973,0.0703125,0
2.799999999999998,0.09751863057197485,0.0703125,0
2.849999999999998,0.10173718883844472,0.1640625,0
2.8999999999999977,0.08936089273386472,0.02734375,0
2.9499999999999975,0.06380088826437916,0.0703125,0
2.9999999999999973,0.07675276575726997,0.12109375,0
3.049999999999997,0.11851115140397604,0.08203125,0
3.099999999999997,0.10077776286727118,0.08203125,0
3.149999999999997,0.0937129986899802,0.08203125,0
3.1999999999999966,0.08026193304104853,0.08203125,0
3.2499999999999964,0.0802619330410485,0.08203125,1
3.2999999999999963,0.0802619330410485,0.08203125,1
3.349999999999996,0.08026193304104846,0.08203125,1
3.399999999999996,0.08026193304104846,0.08203125,1
3.4499999999999957,0.08026193304104857,0.08203125,1
3.4999999999999956,0.08026193304104866,0.125,0
3.5499999999999954,0.08026193304104866,0.125,0
3.599999999999995,0.09160100978646184,0.640625,0
3.649999999999995,0.10504306101663086,0.59375,0
3.699999999999995,0.09487704516468314,0.03125,0
3.7499999999999947,0.09840710383033699,0.1328125,0
3.7999999999999945,0.0832632395391101,0.125,0
3.8499999999999943,0.06148555839021169,0.04296875,0
3.899999999999994,0.030018401714447383,0.07421875,0
3.949999999999994,0.04797187019413321,0.03125,0
3.999999999999994,0.03190739642653682,0.171875,0
4.049999999999994,0.09171043441252323,0.07421875,0
4.099999999999993,0.09440296639276435,0.03125,0
4.149999999999993,0.053122534882142795,0.0390625,0
4.199999999999993,0.041422838376825886,0.109375,0
4.249999999999993,0.04312672330714471,0.03515625,0
4.299999999999993,0.033784768036785706,0.08984375,0
4.3499999999999925,0.026268411539446153,0.125,0
4.399999999999992,0.05297789728363796,0.078125,0
4.449999999999992,0.07186945254474715,0.0390625,0
4.499999999999992,0.045113051188292855,0.03125,0
4.549999999999992,0.04193799054631921,0.078125,0
4.599999999999992,0.03728658455740598,0.03515625,0
4.6499999999999915,0.01756124141018128,0.08203125,0
4.699999999999991,0.018623788994944577,0.0859375,0
4.749999999999991,0.06628964162173853,0.1171875,0
4.799999999999991,0.08998020535889385,0.03125,0
4.849999999999991,0.03668861953347601,0.03515625,0
4.899999999999991,0.035163850465783346,0.12109375,0
4.94999999999999,0.04036843943435041,0.0859375,0
4.99999999999999,0.046594047313974894,0.08203125,0
5.04999999999999,0.10950512286348332,0.14453125,0
5.09999999999999,0.10798929028759836,0.16796875,0
5.14999999999999,0.09525173109538612,0.1328125,0
5.1999999999999895,0.10407711832246996,0.05078125,0
5.249999999999989,0.08396260410548972,0.0546875,0
5.299999999999989,0.06520221098987948,0.04296875,0
5.349999999999989,0.08232775137219961,0.08984375,0
5.399999999999989,0.1101442395091775,0.125,0
5.449999999999989,0.07377011907460047,0.046875,0
5.4999999999999885,0.1068776337870152,0.08984375,0
5.549999999999988,0.09725867400107525,0.0859375,0
5.599999999999988,0.10977378443201048,0.05078125,0
5.649999999999988,0.11357944257121211,0.0859375,0
5.699999999999988,0.08162331597095845,0.08984375,0
5.749999999999988,0.1083785407557028,0.046875,0
5.799999999999987,0.057817796338063526,0.08984375,0
5.849999999999987,0.03500979555304305,0.04296875,0
5.899999999999987,0.044745901570241706,0.04296875,0
5.949999999999987,0.06410448828059252,0.046875,0
5.999999999999987,0.08873787263900004,0.04296875,0
6.0499999999999865,0.4819850529086576,0.140625,0
6.099999999999986,0.47268544462856066,0.14453125,0
6.149999999999986,0.4648066718565218,0.1015625,0
6.199999999999986,0.4556606347230506,0.14453125,0
6.249999999999986,0.45695698748831515,0.10546875,0
6.299999999999986,0.4525165953460507,0.10546875,1
6.349999999999985,0.44395251174366057,0.14453125,1
6.399999999999985,0.43389294797802747,0.109375,1
6.449999999999985,0.4210481673425776,0.1484375,1
6.499999999999985,0.4162203399297216,0.1015625,1
6.549999999999985,0.41953136736926505,0.09765625,1
6.5999999999999845,0.43614074389060153,0.10546875,1
6.649999999999984,0.42307346873020446,0.09765625,1
6.699999999999984,0.4206451980691801,0.1953125,1
6.749999999999984,0.41497524615763476,0.2265625,1
6.799999999999984,0.4003087289215751,0.1015625,1
6.849999999999984,0.3804056501707812,0.14453125,1
6.8999999999999835,0.36635990460216966,0.1015625,1
6.949999999999983,0.3577411822401759,0.14453125,1
6.999999999999983,0.3527781791866006,0.14453125,1
7.049999999999983,0.5289992979200566,0.19140625,0
7.099999999999983,0.519637909183442,0.23046875,1
7.149999999999983,0.5095007966357945,0.703125,1
7.199999999999982,0.4989690259896471,0.703125,1
7.249999999999982,0.4887082463418644,0.7421875,0
7.299999999999982,0.47705843884145654,0.7421875,0
7.349999999999982,0.46730983402980725,0.7421875,0
7.399999999999982,0.45906035633224146,0.7421875,0
7.4499999999999815,0.44600345059396707,0.7421875,0
7.499999999999981,0.4324674851271664,0.703125,0
7.549999999999981,0.4186508368413529,0.69921875,1
7.599999999999981,0.40169057515861073,0.140625,1
7.649999999999981,0.38863993826420196,0.1328125,1
7.699999999999981,0.3732350949895042,0.1796875,1
7.7499999999999805,0.35985834261779787,0.23046875,1
7.79999999999998,0.3394323451989985,0.13671875,1
7.84999999999998,0.31488948213961776,0.1796875,1
7.89999999999998,0.2887215768324171,0.08984375,1
7.94999999999998,0.27616814411845964,0.0859375,1
7.99999999999998,0.24296965046928548,0.08203125,1
8.04999999999998,0.480342210479968,0.1875,1
8.09999999999998,0.47500442462788706,0.08984375,1
8.14999999999998,0.45903289504072725,0.13671875,1
8.199999999999982,0.44728334603983655,0.0859375,1
8.249999999999982,0.43212284823396413,0.08984375,1
8.299999999999983,0.43103771672999625,0.140625,1
8.349999999999984,0.41672952833738813,0.1796875,1
8.399999999999984,0.4030317752654724,0.14453125,1
8.449999999999985,0.39315280675004366,0.08984375,1
8.499999999999986,0.38177471312010286,0.1484375,1
8.549999999999986,0.3627909502420953,0.08984375,1
8.599999999999987,0.3625863929298751,0.09375,1
8.649999999999988,0.33509115459152444,0.18359375,1
8.699999999999989,0.33046833823533683,0.09765625,1
8.74999999999999,0.334285536852082,0.0859375,1
8.79999999999999,0.34165331207652155,0.1328125,0
8.84999999999999,0.3217060838868472,0.73828125,1
8.899999999999991,0.29265581443127114,0.73828125,1
8.949999999999992,0.26225745761131475,0.73828125,1
8.999999999999993,0.2431240578475946,0.73828125,0
9.049999999999994,0.24007980741518825,0.69140625,0
9.099999999999994,0.2278525094751433,0.69140625,0
9.149999999999995,0.22554377073402257,0.6484375,0
9.199999999999996,0.20749576741869138,0.1328125,0
9.249999999999996,0.19176503766981753,0.17578125,0
9.299999999999997,0.18874773696777805,0.1875,0
9.349999999999998,0.18212172205517901,0.125,0
9.399999999999999,0.15155621147953247,0.12890625,0
9.45,0.14475175400519444,0.13671875,0
9.5,0.14887593243443567,0.125,0
9.55,0.1426862026388947,0.0859375,0
9.600000000000001,0.136185714956987,0.17578125,0
9.650000000000002,0.11558652760930768,0.17578125,0
9.700000000000003,0.10096139937935092,0.1796875,0
9.750000000000004,0.09079385226542304,0.08203125,0
9.800000000000004,0.1101843949312459,0.12890625,0
9.850000000000005,0.13307145464427,0.0859375,0
9.900000000000006,0.12576895169927332,0.12890625,0
9.950000000000006,0.09246222990522594,0.0859375,0
10.000000000000007,0.2933181949520376,0.19921875,0
10.050000000000008,0.28172537255364005,0.2265625,0
10.100000000000009,0.2703464827300612,0.22265625,0
10.15000000000001,0.24555372256979813,0.22265625,0
10.20000000000001,0.2297230175573353,0.12890625,0
10.25000000000001,0.19654776128533086,0.08203125,0
10.300000000000011,0.18528899601943236,0.0859375,0
10.350000000000012,0.1501470118046777,0.078125,0
10.400000000000013,0.1347474915223278,0.08984375,0
10.450000000000014,0.10275094559490247,0.22265625,0
10.500000000000014,0.07622907557166635,0.078125,0
10.550000000000015,0.07087533466187902,0.08203125,0
10.600000000000016,0.056990287390153174,0.078125,0
10.650000000000016,0.039512805595544875,0.17578125,0
10.700000000000017,0.017720055416911934,0.0859375,0
10.750000000000018,0.021712535604277203,0.125,0
10.800000000000018,0.041532795954565,0.08203125,0
10.85000000000002,0.07006156606442217,0.0859375,0
10.90000000000002,0.10421014045789781,0.08203125,0
10.95000000000002,0.09715724262185352,0.078125,0
11.000000000000021,0.07834248385642226,0.22265625,0
11.050000000000022,0.05985249351268315,0.125,0
11.100000000000023,0.05205263836519264,0.078125,0
11.150000000000023,0.07370432962931381,0.078125,0
11.200000000000024,0.04311283714713123,0.1640625,0
11.250000000000025,0.019764202226810437,0.078125,0
11.300000000000026,0.05671219953183774,0.171875,0
11.350000000000026,0.06951400344091233,0.1328125,0
11.400000000000027,0.038663356654075366,0.08203125,0
11.450000000000028,0.06556798473076274,0.078125,0
11.500000000000028,0.025403873646723925,0.17578125,0
11.55000000000003,0.009284576536109914,0.078125,0
11.60000000000003,0.005101301116567897,0.078125,0
11.65000000000003,0.023029742669525642,0.125,0
11.700000000000031,0.030067969490187113,0.125,0
11.750000000000032,0.04557818711748745,0.0859375,0
11.800000000000033,0.05048551560819113,0.078125,0
11.850000000000033,0.020496624930550628,0.078125,0
11.900000000000034,0.007252198071724148,0.078125,0
11.950000000000035,0.004965937660711711,0.16796875,0
12.000000000000036,0.08272320752193549,0.1796875,0
12.050000000000036,0.11252831239028936,0.140625,0
12.100000000000037,0.11226269283088644,0.18359375,0
12.150000000000038,0.08664765410399226,0.1328125,0
12.200000000000038,0.09532324196258193,0.140625,0
12.250000000000039,0.11166512893025347,0.09375,0
12.30000000000004,0.12268863047073839,0.08984375,0
12.35000000000004,0.111095476505457,0.08984375,0
12.400000000000041,0.08011625182726549,0.171875,0
12.450000000000042,0.045780560999214084,0.2109375,0
12.500000000000043,0.07030014525965231,0.1328125,0
12.550000000000043,0.08025248892080597,0.21875,0
12.600000000000044,0.09831390481866062,0.12890625,0
12.650000000000045,0.5644524174791524,0.1015625,0
12.700000000000045,0.5375556620341455,0.1328125,0
12.750000000000046,0.5089200406916294,0.08984375,0
12.800000000000047,0.4781209236357764,0.09375,0
12.850000000000048,0.4452420658685492,0.08984375,0
12.900000000000048,0.41145381533747766,0.1328125,0
12.950000000000049,0.3978213329194228,0.1328125,0
13.00000000000005,0.4349694390651551,0.19921875,0
13.05000000000005,0.4044641831397549,0.2265625,0
13.100000000000051,0.3996888790901354,0.1875,0
13.150000000000052,0.40023924029239427,0.17578125,0
13.200000000000053,0.40294203205681656,0.0859375,0
13.250000000000053,0.3902082621771232,0.12890625,0
13.300000000000054,0.39275971839544654,0.0859375,0
13.350000000000055,0.40272831173959023,0.1328125,0
13.400000000000055,0.40954687170622095,0.08984375,0
13.450000000000056,0.3999678614065167,0.0859375,0
13.500000000000057,0.39236401631891316,0.0859375,0
13.550000000000058,0.40900291305957803,0.12890625,0
13.600000000000058,0.384402624423543,0.125,0
13.650000000000059,0.45195015288440665,0.0859375,0
13.70000000000006,0.4754486406866952,0.08984375,0
13.75000000000006,0.34883622429273176,0.1640625,0
13.800000000000061,0.40396048320681505,0.1328125,0
13.850000000000062,0.356882836811984,0.1015625,0
13.900000000000063,0.3166090335926777,0.0859375,0
13.950000000000063,0.3098131711784474,0.1328125,0
14.000000000000064,0.3266813009817623,0.26953125,0
14.050000000000065,0.3341995777860332,0.265625,0
14.100000000000065,0.3520179083651256,0.22265625,0
14.150000000000066,0.32071610132250744,0.109375,0
14.200000000000067,0.27762135058218845,0.1015625,0
14.250000000000068,0.2575481471274877,0.140625,0
14.300000000000068,0.2923709353157115,0.1015625,0
14.350000000000069,0.32348939879822736,0.1015625,0
14.40000000000007,0.3032667387041741,0.140625,0
14.45000000000007,0.2803771652524426,0.11328125,0
14.500000000000071,0.9999999562305205,0.140625,0
14.550000000000072,0.9999999508639548,0.10546875,0
14.600000000000072,0.9999999438353968,0.10546875,0
14.650000000000073,0.2111807056974041,0.1015625,0
14.700000000000074,0.18619274841492287,0.1015625,0
14.750000000000075,0.15947758692281921,0.1015625,0
14.800000000000075,0.1282666266648244,0.1015625,0
14.850000000000076,0.9999998628825942,0.109375,0
14.900000000000077,0.9999998055636579,0.1015625,0
14.950000000000077,0.9999997545032453,0.1015625,0
15.000000000000078,0.9999999865506493,0.1796875,0
15.050000000000079,0.9999999865506493,0.16796875,0
15.10000000000008,0.9999999865137356,0.16015625,0
15.15000000000008,0.9999999865224648,0.1328125,0
15.200000000000081,0.5317898520856791,0.078125,0
15.250000000000082,0.5362173985803688,0.15625,0
15.300000000000082,0.9999999850585071,0.15234375,0
15.350000000000083,0.4745444395587096,0.1171875,0
15.400000000000084,0.4773745852736867,0.078125,0
15.450000000000085,0.46019199128361143,0.1171875,0
15.500000000000085,0.4475384015204137,0.078125,0
15.550000000000086,0.4392120962691531,0.078125,0
15.600000000000087,0.9999999825279328,0.1171875,0
15.650000000000087,0.4117025588105811,0.12109375,0
15.700000000000088,0.48463261028740606,0.15625,0
15.750000000000089,0.9999999809261709,0.1171875,0
15.80000000000009,0.3911380118117884,0.19921875,0
15.85000000000009,0.41824018610013824,0.125,0
15.900000000000091,0.3656444532175418,0.1171875,0
15.950000000000092,0.35448467608085305,0.08203125,0
16.000000000000092,0.9999999790019788,0.203125,0
16.050000000000093,0.9999999779966284,0.16796875,0
16.100000000000094,0.9999999748372346,0.1953125,0
16.150000000000095,0.9999999766307883,0.19140625,0
16.200000000000095,0.9999999807921647,0.1328125,0
16.250000000000096,0.9999999731041292,0.17578125,0
16.300000000000097,0.9999999750052806,0.1640625,0
16.350000000000097,0.2535685906672731,0.13671875,0
16.400000000000098,0.5353814049235402,0.16796875,0
16.4500000000001,0.9999999583438981,0.140625,0
16.5000000000001,0.9999999603765476,0.13671875,0
16.5500000000001,0.15022758126268587,0.1328125,0
16.6000000000001,0.1262612629858763,0.1328125,0
16.6500000000001,0.9999999095113207,0.1328125,0
16.700000000000102,0.999999876314876,0.23046875,0
16.750000000000103,0.9999997842767613,0.13671875,0
16.800000000000104,0.9999994004833956,0.16796875,0
16.850000000000104,0.1423406751917455,0.1328125,0
16.900000000000105,0.11967895615791835,0.1640625,0
16.950000000000106,0.11892610867647889,0.171875,0
17.000000000000107,0.5324450496258217,0.21484375,0
17.050000000000107,0.5209394814251995,0.21484375,0
17.100000000000108,0.5259227081848109,0.21484375,0
17.15000000000011,0.5213424012163306,0.21484375,0
17.20000000000011,0.5143464865343452,0.20703125,1
17.25000000000011,0.5135500866157587,0.18359375,1
17.30000000000011,0.5168417086474368,0.18359375,1
17.35000000000011,0.5181528079030157,0.234375,1
17.400000000000112,0.5048925481772104,0.1796875,1
17.450000000000113,0.4906587656058482,0.1796875,1
17.500000000000114,0.4700834809976493,0.1796875,1
17.550000000000114,0.46545861260772875,0.1796875,1
17.600000000000115,0.46094509445505993,0.20703125,1
17.650000000000116,0.4558332041272323,0.18359375,1
17.700000000000117,0.45268191250452877,0.40234375,1
17.750000000000117,0.45293981939607847,0.40234375,0
17.800000000000118,0.44022256581190683,0.40234375,0
17.85000000000012,0.4275645692876958,0.40234375,0
17.90000000000012,0.43655960916650427,0.40234375,0
17.95000000000012,0.4476412865689816,0.37109375,0
18.00000000000012,0.6584128873984268,0.23828125,0
18.05000000000012,0.6556466125350191,0.23828125,0
18.100000000000122,0.6395449939139944,0.23828125,0
18.150000000000123,0.6263429959516403,0.23828125,0
18.200000000000124,0.6148515921815575,0.23828125,0
18.250000000000124,0.6061274175288006,0.23828125,1
18.300000000000125,0.5961876186403047,0.23828125,1
18.350000000000126,0.5893194616768747,0.23828125,1
18.400000000000126,0.5830886989030938,0.23828125,1
18.450000000000127,0.5767478254446292,0.23828125,1
18.500000000000128,0.5701046111016403,0.26171875,0
18.55000000000013,0.5606061037104304,0.2421875,0
18.60000000000013,0.554087951892863,0.4296875,0
18.65000000000013,0.5523146851531405,0.3984375,0
18.70000000000013,0.5456453908662877,0.40234375,0
18.75000000000013,0.5387226524508967,0.1796875,0
18.800000000000132,0.5276622253011187,0.15234375,0
18.850000000000133,0.514575006312332,0.1484375,0
18.900000000000134,0.4896773109567731,0.1484375,0
18.950000000000134,0.4766779373996749,0.15234375,0
19.000000000000135,0.7124891015814301,0.2734375,0
19.050000000000136,0.7080069740120281,0.27734375,0
19.100000000000136,0.6959272226027744,0.2421875,0
19.150000000000137,0.6865969280180986,0.3046875,0
19.200000000000138,0.6787511342787184,0.2421875,1
19.25000000000014,0.6717383909823846,0.2421875,1
19.30000000000014,0.660942384626163,0.24609375,1
19.35000000000014,0.6511313435578578,0.2734375,1
19.40000000000014,0.6442791472524731,0.2421875,1
19.45000000000014,0.6435966868093881,0.2421875,1
19.500000000000142,0.6311413213819772,0.2421875,1
19.550000000000143,0.6229728224301947,0.21875,1
19.600000000000144,0.6147547117689312,0.21875,0
19.650000000000144,0.6061590768148074,0.25,1
19.700000000000145,0.5975096384156446,0.5625,1
19.750000000000146,0.5865560072158366,0.5625,1
19.800000000000146,0.5794067226474324,0.5625,0
19.850000000000147,0.5717997883288866,0.5625,0
19.900000000000148,0.5647960245182791,0.5625,0
19.95000000000015,0.5574093665098914,0.52734375,0
20.00000000000015,0.7724115619758533,0.26953125,0
20.05000000000015,0.7881323985714997,0.38671875,0
20.10000000000015,0.7508258241027643,0.26953125,0
20.15000000000015,0.7401983747147985,0.2734375,0
20.200000000000152,0.7202974973169737,0.1640625,0
20.250000000000153,0.7000767730475655,0.19921875,0
20.300000000000153,0.689544524497987,0.2421875,0
20.350000000000154,0.6774048014458105,0.19921875,0
20.400000000000155,0.665069581138043,0.16796875,0
20.450000000000156,0.6561106125459465,0.1640625,0
20.500000000000156,0.6417239195297157,0.19921875,0
20.550000000000157,0.6284230870209221,0.171875,0
20.600000000000158,0.6116342920882222,0.1640625,0
20.65000000000016,0.5964636074187107,0.171875,0
20.70000000000016,0.5851057695594666,0.1640625,0
20.75000000000016,0.574261052929671,0.171875,0
20.80000000000016,0.5538380394556615,0.23046875,0
20.85000000000016,0.5293564027417357,0.171875,0
20.900000000000162,0.5357790785028085,0.1640625,0
20.950000000000163,0.5218522988114573,0.19921875,0
21.000000000000163,0.7899586957639021,0.359375,0
21.050000000000164,0.7920937646960751,0.32421875,0
21.100000000000165,0.7792326948942306,0.3203125,0
21.150000000000166,0.8460258990841162,0.3828125,0
21.200000000000166,0.7869525841629523,0.2890625,0
21.250000000000167,0.773672910306326,0.2265625,0
21.300000000000168,0.7647040244287406,0.23046875,0
21.35000000000017,0.7574380014722046,0.26171875,0
21.40000000000017,0.7458579984620296,0.14453125,0
21.45000000000017,0.7325295506853077,0.1875,0
21.50000000000017,0.7151206456803487,0.1796875,0
21.55000000000017,0.7111269342435548,0.14453125,0
21.600000000000172,0.682819274569239,0.1796875,0
21.650000000000173,0.7255188714365173,0.18359375,0
21.700000000000173,0.6569925126667714,0.21875,0
21.750000000000174,0.6740057286385289,0.18359375,0
21.800000000000175,0.74371273658272,0.1484375,0
21.850000000000176,0.6072849980348328,0.14453125,0
21.900000000000176,0.6013329860699416,0.1796875,0
21.950000000000177,0.573211999393942,0.14453125,0
22.000000000000178,0.6857958442891002,0.2421875,0
22.05000000000018,0.6787275291891587,0.23828125,0
22.10000000000018,0.670697251115313,0.1953125,0
22.15000000000018,0.9999999919835487,0.19921875,0
22.20000000000018,0.6207690693418642,0.19921875,0
22.25000000000018,0.6004791217929392,0.109375,0
22.300000000000182,0.5834790249184992,0.15625,0
22.350000000000183,0.5457629884106966,0.15234375,0
22.400000000000183,0.5234201418614348,0.11328125,0
22.450000000000184,0.5062120128377754,0.15625,0
22.500000000000185,0.5889411351141851,0.1171875,0
22.550000000000185,0.4498957429366442,0.12109375,0
22.600000000000186,0.3785773403308388,0.1171875,0
22.650000000000187,0.3633673684950789,0.1953125,0
22.700000000000188,0.33532631561674164,0.16015625,0
22.75000000000019,0.3383432137937852,0.11328125,0
22.80000000000019,0.2872116855562881,0.1171875,0
22.85000000000019,0.9999999337603788,0.1953125,0
22.90000000000019,0.18814905982040916,0.1171875,0
22.95000000000019,0.17314501442967728,0.15625,0
23.000000000000192,0.4735897241030788,0.28125,0
23.050000000000193,0.4692949930695736,0.21875,0
23.100000000000193,0.4536090751143506,0.3125,0
23.150000000000194,0.40748604058058885,0.13671875,0
23.200000000000195,0.4126688166950615,0.1328125,0
23.250000000000195,0.3803281624066425,0.171875,0
23.300000000000196,0.36498184098098824,0.20703125,0
23.350000000000197,0.3285530681353277,0.1640625,0
23.400000000000198,0.3549814220772208,0.12890625,0
23.4500000000002,0.9999999794687232,0.203125,0
23.5000000000002,0.23067237293102177,0.125,0
23.5500000000002,0.999999884266902,0.1640625,0
23.6000000000002,0.0940725006170126,0.125,0
23.6500000000002,0.13402436805324094,0.12890625,0
23.700000000000202,0.04758815880566521,0.12890625,0
23.750000000000203,0.05401434744248881,0.1640625,0
23.800000000000203,0.07623077563919117,0.125,0
23.850000000000204,0.04766019736071581,0.125,0
23.900000000000205,0.9999999999989078,0.125,0
23.950000000000205,0.025737261656935132,0.12890625,0
24.000000000000206,0.02573726165693642,0.125,0
24.050000000000207,0.05466070002058765,0.1640625,0
24.100000000000207,0.02573726165693543,0.2109375,0
24.150000000000208,0.02573726165693543,0.125,0
24.20000000000021,0.12471395870080128,0.125,0
24.25000000000021,0.9999999519297483,0.16796875,0
24.30000000000021,0.042152499677379066,0.125,0
24.35000000000021,0.061961468185892384,0.171875,0
24.40000000000021,0.19723594249301443,0.203125,0
24.450000000000212,0.10980742614776952,0.12890625,0
24.500000000000213,0.028074651996871064,0.15625,0
24.550000000000214,0.02837558640693433,0.125,0
24.600000000000215,0.1295711882090752,0.125,0
24.650000000000215,0.058149700834517364,0.20703125,0
24.700000000000216,0.025804009378009904,0.12890625,0
24.750000000000217,0.09183919793232503,0.12890625,0
24.800000000000217,0.04810581005868656,0.125,0
24.850000000000218,0.05009841325468345,0.15625,0
24.90000000000022,0.04881591619274273,0.16796875,0
24.95000000000022,0.9999999354848396,0.16796875,0
25.00000000000022,0.4027260479493835,0.375,0
25.05000000000022,0.4270626244206006,0.26171875,0
25.10000000000022,0.352940924099975,0.2109375,0
25.150000000000222,0.35380672585651984,0.28125,0
25.200000000000223,0.38382340940312126,0.15625,0
25.250000000000224,0.3807522929100238,0.15625,0
25.300000000000225,0.37813924405115734,0.11328125,0
25.350000000000225,0.36966399972029484,0.11328125,0
25.400000000000226,0.3560367467278429,0.11328125,0
25.450000000000227,0.33809410644422405,0.1953125,0
25.500000000000227,0.3149961577352023,0.1875,0
25.550000000000228,0.29139691737951223,0.1953125,0
25.60000000000023,0.2611531388913702,0.11328125,0
25.65000000000023,0.23491567110581643,0.23828125,0
25.70000000000023,0.2116748531798605,0.11328125,0
25.75000000000023,0.1806563348301131,0.15625,0
25.80000000000023,0.16742512490523667,0.16015625,0
25.850000000000232,0.14757438546898588,0.23828125,0
25.900000000000233,0.16496141992399796,0.109375,0
25.950000000000234,0.1473515569664707,0.1484375,0
26.000000000000234,0.24207222285463526,0.22265625,0
26.050000000000235,0.2425933506310309,0.19140625,0
26.100000000000236,0.24541851345961174,0.2265625,0
26.150000000000237,0.24270576975143907,0.21875,0
26.200000000000237,0.2325703436683338,0.17578125,0
26.250000000000238,0.22757120271343786,0.09375,0
26.30000000000024,0.21326398831897994,0.08984375,0
26.35000000000024,0.18916390402023692,0.09375,0
26.40000000000024,0.15979244647949806,0.09375,0
26.45000000000024,0.13159686040143873,0.09765625,0
26.50000000000024,0.11171357076776638,0.09375,0
26.550000000000242,0.1032423953415729,0.08984375,0
26.600000000000243,0.09489589037390243,0.08984375,0
26.650000000000244,0.08753575954542227,0.1328125,0
26.700000000000244,0.09091484768376766,0.17578125,0
26.750000000000245,0.1205259771357315,0.1328125,0
26.800000000000246,0.13413053053728902,0.13671875,0
26.850000000000247,0.13212136700612184,0.13671875,0
26.900000000000247,0.1349181215264912,0.09375,0
26.950000000000248,0.12210470958144037,0.1328125,0
27.00000000000025,0.0910112199718756,0.109375,0
27.05000000000025,0.1252288815567563,0.12890625,0
27.10000000000025,0.06490933283439351,0.09765625,0
27.15000000000025,0.030306088886679645,0.1796875,0
27.20000000000025,0.058172003586073155,0.12890625,0
27.250000000000252,0.09824722757461221,0.18359375,0
27.300000000000253,0.10653894723355467,0.18359375,0
27.350000000000254,0.12781360135479833,0.13671875,0
27.400000000000254,0.08612174334999063,0.140625,0
27.450000000000255,0.09149467416336823,0.13671875,0
27.500000000000256,0.09375013912433353,0.1328125,0
27.550000000000257,0.10718299745980849,0.09375,0
27.600000000000257,0.12064082402182362,0.12890625,0
27.650000000000258,0.12382402795051292,0.13671875,0
27.70000000000026,0.1240177556052752,0.09765625,0
27.75000000000026,0.07365781272685665,0.1328125,0
27.80000000000026,0.08830445787811474,0.13671875,0
27.85000000000026,0.09451565312590207,0.12890625,0
27.90000000000026,0.11040356905513078,0.1328125,0
27.950000000000262,0.13343722990446635,0.09375,0
28.000000000000263,0.4789480071821002,0.33203125,0
28.050000000000264,0.490126912866784,0.2578125,0
28.100000000000264,0.4747297622339077,0.21484375,0
28.150000000000265,0.46720573856684344,0.296875,0
28.200000000000266,0.4661143659425376,0.2890625,1
28.250000000000266,0.4553700538097459,0.1796875,1
28.300000000000267,0.44312002069397505,0.171875,0
28.350000000000268,0.4374934575915614,0.2109375,0
28.40000000000027,0.4334167378803857,0.6796875,0
28.45000000000027,0.42827687578660667,0.640625,0
28.50000000000027,0.42008239050121216,0.6328125,0
28.55000000000027,0.409905124139898,0.078125,0
28.60000000000027,0.39430084547458355,0.1171875,0
28.650000000000272,0.37811879018183686,0.125,0
28.700000000000273,0.3683307067225377,0.1171875,0
28.750000000000274,0.3522334057781731,0.07421875,0
28.800000000000274,0.33491003082407494,0.12109375,0
28.850000000000275,0.33221313182510176,0.0703125,0
28.900000000000276,0.3093744445802264,0.125,0
28.950000000000276,0.29100418276049633,0.078125,0
29.000000000000277,0.2792851370359378,0.07421875,0
29.050000000000278,0.27111286559226927,0.07421875,0
29.10000000000028,0.26101976260477494,0.12109375,0
29.15000000000028,0.24474089076051758,0.16796875,0
29.20000000000028,0.22577518148862882,0.07421875,0
29.25000000000028,0.20781353584294662,0.125,0
29.30000000000028,0.20673408123211212,0.125,0
29.350000000000282,0.20423549746008898,0.1171875,0
29.400000000000283,0.1951225003463223,0.21484375,0
29.450000000000284,0.18732998765117614,0.12109375,0
29.500000000000284,0.1704265546265083,0.16015625,0
29.550000000000285,0.14962988929923599,0.2578125,0
29.600000000000286,0.16100575967702607,0.21484375,0
29.650000000000286,0.1584437791276739,0.1171875,0
29.700000000000287,0.15679017961231018,0.07421875,0
29.750000000000288,0.13840048962070295,0.07421875,0
29.80000000000029,0.13455900841891333,0.0703125,0
29.85000000000029,0.16009377575354505,0.125,0
29.90000000000029,0.13035527877953507,0.0703125,0
29.95000000000029,0.1417043718088302,0.0703125,0
30.00000000000029,0.4242446618271449,0.265625,0
30.050000000000292,0.43300499546671567,0.17578125,0
30.100000000000293,0.4268433295901085,0.125,0
30.150000000000293,0.42070520762775204,0.13671875,0
30.200000000000294,0.4086936642532063,0.22265625,0
30.250000000000295,0.39198148500123103,0.125,0
30.300000000000296,0.3895717858813906,0.13671875,1
30.350000000000296,0.3779739312237096,0.171875,1
30.400000000000297,0.3820027070189858,0.12890625,1
30.450000000000298,0.3727462670714172,0.28125,1
30.5000000000003,0.3593019656232694,0.21875,1
30.5500000000003,0.338862577698022,0.12890625,1
30.6000000000003,0.3301144337375284,0.265625,1
30.6500000000003,0.3115785606623739,0.1796875,1
30.7000000000003,0.3086719781542451,0.125,1
30.750000000000302,0.30390989774852656,0.13671875,1
30.800000000000303,0.30175252491182986,0.1171875,1
30.850000000000303,0.2932491004520701,0.10546875,1
30.900000000000304,0.2880735624677797,0.09765625,1
30.950000000000305,0.269449507613856,0.1484375,1
31.000000000000306,0.44744132680811405,0.25390625,1
31.050000000000306,0.44219639725629883,0.1640625,1
31.100000000000307,0.44012069930917974,0.16015625,1
31.150000000000308,0.42920452503874373,0.20703125,1
31.20000000000031,0.4197676106553203,0.21484375,1
31.25000000000031,0.41203199812186314,0.11328125,1
31.30000000000031,0.397552078292156,0.1171875,1
31.35000000000031,0.387933053151118,0.12890625,1
31.40000000000031,0.37592960282225,0.125,1
31.450000000000312,0.3616695147509825,0.15625,1
31.500000000000313,0.37282662156907925,0.16796875,1
31.550000000000313,0.3636728882618595,0.11328125,1
31.600000000000314,0.35027648150172797,0.1640625,1
31.650000000000315,0.35583885981289015,0.11328125,1
31.700000000000315,0.34378604436399707,0.16015625,1
31.750000000000316,0.3342450424850131,0.16015625,1
31.800000000000317,0.3259901737017038,0.1171875,1
31.850000000000318,0.316470059241006,0.16015625,1
31.90000000000032,0.310347907338365,0.203125,1
31.95000000000032,0.2953546586958168,0.09765625,1
32.00000000000032,0.32284255675934537,0.2734375,1
32.05000000000032,0.3061025811550628,0.2734375,1
32.100000000000314,0.31334443241790466,0.1796875,1
32.15000000000031,0.3178773708282441,0.1796875,1
32.20000000000031,0.2988019484146802,0.140625,1
32.250000000000306,0.2789957346391269,0.125,1
32.3000000000003,0.2548488427588661,0.09375,1
32.3500000000003,0.24087102882873018,0.171875,1
32.4000000000003,0.19907661409421917,0.140625,1
32.450000000000294,0.15297345845067487,0.125,1
32.50000000000029,0.12315856842498739,0.1328125,1
32.55000000000029,0.1252630963430055,0.12890625,1
32.600000000000286,0.11965890598406619,0.12890625,1
32.65000000000028,0.14109276305716298,0.12890625,1
32.70000000000028,0.12768222767302256,0.1640625,1
32.75000000000028,0.13234050001938363,0.2578125,1
32.800000000000274,0.13447918604422177,0.09765625,1
32.85000000000027,0.12605889255586594,0.1328125,1
32.90000000000027,0.11765645323945072,0.08984375,1
32.950000000000266,0.13203431648110173,0.1328125,1
33.00000000000026,0.4614132433518885,0.1953125,1
33.05000000000026,0.4613260554982181,0.21875,1
33.10000000000026,0.4603865774812637,0.2734375,1
33.150000000000254,0.44251952807703165,0.23046875,1
33.20000000000025,0.4278876956300661,0.2734375,1
33.25000000000025,0.42388351723372436,0.15234375,1
33.300000000000246,0.407050814860804,0.19140625,1
33.35000000000024,0.4026027855882223,0.16015625,1
33.40000000000024,0.38586737711478897,0.16015625,1
33.45000000000024,0.37041755790852277,0.15625,1
33.500000000000234,0.3545456200907669,0.15625,1
33.55000000000023,0.3459070875884827,0.15234375,1
33.60000000000023,0.3363898332318203,0.1953125,1
33.650000000000226,0.3260296074735559,0.15234375,1
33.70000000000022,0.31477967328364664,0.125,1
33.75000000000022,0.31660573177688783,0.12890625,1
33.80000000000022,0.29254094841152783,0.12109375,1
33.850000000000215,0.27540470632382863,0.16015625,1
33.90000000000021,0.26044252686980707,0.125,1
33.95000000000021,0.2514505525723555,0.078125,1
34.000000000000206,0.25990409746070114,0.1796875,1
34.0500000000002,0.23401833375485842,0.14453125,1
34.1000000000002,0.2195277512254371,0.18359375,1
34.1500000000002,0.21980274536824398,0.14453125,1
34.200000000000195,0.20931465119577716,0.1796875,1
34.25000000000019,0.20162615975865938,0.1796875,1
34.30000000000019,0.17330410644562966,0.140625,1
34.350000000000186,0.15372800603086462,0.1015625,1
34.40000000000018,0.16177759193276967,0.10546875,1
34.45000000000018,0.13034008620595414,0.10546875,1
34.50000000000018,0.12020735803722232,0.11328125,1
34.550000000000175,0.09979765154136425,0.14453125,1
34.60000000000017,0.08632232562193522,0.1015625,1
34.65000000000017,0.0741819259400716,0.1015625,1
34.700000000000166,0.06186708353703754,0.1484375,1
34.75000000000016,0.03811981891446119,0.1015625,1
34.80000000000016,0.0360349907517163,0.10546875,1
34.85000000000016,0.07073012659837394,0.1015625,1
34.900000000000155,0.08865874270114063,0.1015625,1
34.95000000000015,0.11126264764544153,0.1015625,1
35.00000000000015,0.08003680961328741,0.140625,1
35.050000000000146,0.04612885436681247,0.109375,1
35.10000000000014,0.04391897652302172,0.1484375,1
35.15000000000014,0.03144527754202704,0.140625,1
35.20000000000014,0.017479764701677336,0.1015625,1
35.250000000000135,0.05037494189911953,0.1015625,1
35.30000000000013,0.07708697972835095,0.10546875,1
35.35000000000013,0.06484835100951879,0.10546875,1
35.40000000000013,0.0497075794695305,0.14453125,1
35.450000000000124,0.06906148296109267,0.1328125,1
35.50000000000012,0.08251552170065457,0.1015625,1
35.55000000000012,0.083409095667457,0.10546875,1
35.600000000000115,0.04743349803273921,0.1796875,1
35.65000000000011,0.033495670202614375,0.10546875,1
35.70000000000011,0.0417994535584535,0.1015625,1
35.75000000000011,0.07675070591528885,0.140625,1
35.800000000000104,0.03828298017137507,0.140625,1
35.8500000000001,0.04834663103445809,0.1015625,1
35.9000000000001,0.03590190270133758,0.1015625,1
35.950000000000095,0.01717779980348658,0.1015625,1
36.00000000000009,0.2976692465734528,0.21875,1
36.05000000000009,0.2870287857030522,0.26953125,1
36.10000000000009,0.2650323801464692,0.19140625,1
36.150000000000084,0.2580647013842415,0.1953125,1
36.20000000000008,0.24170021051501014,0.15234375,1
36.25000000000008,0.2169776458867188,0.11328125,1
36.300000000000075,0.1918759637899649,0.11328125,1
36.35000000000007,0.17333540947829507,0.1171875,1
36.40000000000007,0.1487436015977508,0.19140625,1
36.45000000000007,0.12584047744678023,0.15234375,1
36.500000000000064,0.11925468391077497,0.11328125,1
36.55000000000006,0.08620241847992162,0.15625,1
36.60000000000006,0.08301419980549406,0.1171875,1
36.650000000000055,0.10865896634671326,0.12109375,1
36.70000000000005,0.1314545429033066,0.15625,1
36.75000000000005,0.10992303997740323,0.15625,1
36.80000000000005,0.09014552212338806,0.15625,1
36.850000000000044,0.11295897931952245,0.15625,1
36.90000000000004,0.11394239738951945,0.1953125,1
36.95000000000004,0.1260213482274027,0.15234375,1
37.000000000000036,0.24701776869198905,0.2890625,1
37.05000000000003,0.24374106200053122,0.21875,1
37.10000000000003,0.22870223151722668,0.16796875,1
37.15000000000003,0.20546210041830187,0.06640625,1
37.200000000000024,0.18103983766282244,0.11328125,1
37.25000000000002,0.12937716969689286,0.11328125,1
37.30000000000002,0.11621118321221331,0.1171875,1
37.350000000000016,0.08794591825396128,0.0703125,1
37.40000000000001,0.06791706703318755,0.0703125,1
37.45000000000001,0.06090720330916254,0.16015625,1
37.50000000000001,0.055431139113256624,0.06640625,1
37.550000000000004,0.07662497253754434,0.11328125,1
37.6,0.029586156149060534,0.0703125,1
37.65,0.012532599073586953,0.11328125,1
37.699999999999996,0.018128445257987715,0.11328125,1
37.74999999999999,0.5644056384533477,0.06640625,1
37.79999999999999,0.5396119367096978,0.12109375,1
37.84999999999999,0.51081914614897,0.11328125,1
37.899999999999984,0.47499991515013446,0.1640625,1
37.94999999999998,0.4512902319044068,0.16015625,1
37.99999999999998,0.43699297082833094,0.1171875,1
38.049999999999976,0.40266060536745546,0.24609375,1
38.09999999999997,0.38366372312055463,0.1015625,1
38.14999999999997,0.3897755286080112,0.05078125,1
38.19999999999997,0.39652322959213565,0.05078125,1
38.249999999999964,0.4005697361225937,0.09765625,1
38.29999999999996,0.4144490842758045,0.05078125,1
38.34999999999996,0.431098772647541,0.046875,1
38.399999999999956,0.43584647520611686,0.1015625,1
38.44999999999995,0.43540220521366807,0.05078125,1
38.49999999999995,0.4606756264984497,0.10546875,1
38.54999999999995,0.40570210954777647,0.09765625,1
38.599999999999945,0.4295798065825265,0.15234375,1
38.64999999999994,0.48048421479659253,0.1015625,1
38.69999999999994,0.715144744219176,0.05078125,1
38.749999999999936,0.7469906066113498,0.046875,1
38.79999999999993,0.48472294393477383,0.0546875,1
38.84999999999993,0.4418447157044905,0.0546875,1
38.89999999999993,0.4245841873336766,0.046875,1
38.949999999999925,0.35382403044167243,0.09375,1
38.99999999999992,0.31955896582253684,0.10546875,1
39.04999999999992,0.4719977817521487,0.15625,1
39.099999999999916,0.4622433582069505,0.1953125,1
39.14999999999991,0.44105786357700316,0.15234375,1
39.19999999999991,0.4065124576790421,0.09765625,1
39.24999999999991,0.41842973190306004,0.09375,1
39.299999999999905,0.3926887074343731,0.08984375,1
39.3499999999999,0.38074043994407164,0.140625,1
39.3999999999999,0.40171996495962226,0.04296875,1
39.449999999999896,0.41054493495447497,0.046875,1
39.49999999999989,0.39290327966606525,0.08984375,1
39.54999999999989,0.37803259145060764,0.08984375,1
39.59999999999989,0.36838698872398845,0.0859375,1
39.649999999999885,0.34727877188727085,0.04296875,1
39.69999999999988,0.3075841187459206,0.08984375,1
39.74999999999988,0.29723682538588797,0.1484375,1
39.799999999999876,0.9999998853949235,0.08984375,1
39.84999999999987,0.9999998875867026,0.09765625,1
39.89999999999987,0.9999999416367195,0.0546875,1
39.94999999999987,0.21912504966393473,0.08984375,1
39.999999999999865,0.23752623939512016,0.1953125,1
40.04999999999986,0.1863435662830728,0.19921875,1
40.09999999999986,0.16538024679877464,0.19921875,1
40.14999999999986,0.1088906654510697,0.1015625,1
40.199999999999854,0.10927040492692257,0.1015625,1
40.24999999999985,0.12384916578061862,0.09765625,1
40.29999999999985,0.1288640923142945,0.1015625,1
40.349999999999845,0.04652015168288789,0.10546875,1
40.39999999999984,0.14181337173121847,0.0546875,1
40.44999999999984,0.09007543802556146,0.10546875,1
40.49999999999984,0.18351632298231474,0.0546875,1
40.549999999999834,0.10232009222581644,0.05859375,1
40.59999999999983,0.16535727877138479,0.1015625,1
40.64999999999983,0.05121098722442461,0.05859375,1
40.699999999999825,0.1415443694409565,0.10546875,1
40.74999999999982,0.11468984384761208,0.10546875,1
40.79999999999982,0.1318610324720767,0.0625,1
40.84999999999982,0.15399383194046168,0.109375,1
40.899999999999814,0.13479709345164148,0.0625,1
40.94999999999981,0.11216645239839859,0.0625,1
40.99999999999981,0.9999999612524867,0.0625,1
41.049999999999805,0.6508837168550861,0.09375,1
41.0999999999998,0.6339114695485429,0.19140625,1
41.1499999999998,0.6413651732463985,0.140625,1
41.1999999999998,0.637964418751865,0.04296875,1
41.249999999999794,0.6995833222402464,0.09765625,1
41.29999999999979,0.6067165941970135,0.08203125,1
41.34999999999979,0.5950343019195729,0.0390625,1
41.399999999999785,0.5921685124734639,0.140625,1
41.44999999999978,0.5836051806984871,0.0546875,1
41.49999999999978,0.5934470461419561,0.0390625,1
41.54999999999978,0.5910351676308333,0.04296875,1
41.599999999999774,0.5836235572179123,0.0859375,1
41.64999999999977,0.5777246453119721,0.140625,1
41.69999999999977,0.5637730269751879,0.0390625,1
41.749999999999766,0.5584547616073876,0.09375,1
41.79999999999976,0.6675347718074679,0.05078125,1
41.84999999999976,0.5203661406385336,0.14453125,1
41.89999999999976,0.5150247916136952,0.09375,1
41.949999999999754,0.5093529308912665,0.09765625,1
41.99999999999975,0.5108393668599744,0.04296875,1
42.04999999999975,0.5163708052269403,0.25,1
42.099999999999746,0.5080944767199951,0.19921875,1
42.14999999999974,0.5519597453510058,0.23828125,1
42.19999999999974,0.4674332557376361,0.12109375,1
42.24999999999974,0.9999999819266522,0.08984375,1
42.299999999999734,0.9999999999999679,0.0859375,1
42.34999999999973,0.41496726260604067,0.08203125,1
42.39999999999973,0.5087416179211303,0.12109375,1
42.449999999999726,0.368090428997489,0.12109375,1
42.49999999999972,0.3688483832404509,0.08984375,1
42.54999999999972,0.37377191675941807,0.12890625,1
42.59999999999972,0.36835780328408163,0.12109375,1
42.649999999999714,0.33107369308130646,0.0859375,1
42.69999999999971,0.2924820496710622,0.09375,1
42.74999999999971,0.3047530022894556,0.0859375,1
42.799999999999706,0.9999999999999343,0.08203125,1
42.8499999999997,0.2197200882688182,0.1171875,1
42.8999999999997,0.9999999542497695,0.19140625,1
42.9499999999997,0.9999999435230933,0.08203125,1
42.999999999999694,0.9999999383852757,0.125,1
43.04999999999969,0.14093063862544636,0.08984375,1
43.09999999999969,0.22510599269665998,0.12109375,1
43.149999999999686,0.1444772510113156,0.08203125,1
43.19999999999968,0.9999998509714251,0.08203125,1
43.24999999999968,0.9999999999994165,0.08984375,1
43.29999999999968,0.9999999999987316,0.1328125,1
43.349999999999675,0.9999999999994327,0.125,1
43.39999999999967,0.039833955903314386,0.08203125,1
43.44999999999967,0.999999662464262,0.0859375,1
43.499999999999666,0.9999999999995701,0.0859375,1
43.54999999999966,0.9999994319983112,0.1171875,1
43.59999999999966,0.1542981950206114,0.12109375,1
43.64999999999966,0.18674799808278242,0.08203125,1
43.699999999999655,0.18550274057151014,0.12109375,1
43.74999999999965,0.15924771862872555,0.08203125,1
43.79999999999965,0.2347126052951759,0.08203125,1
43.849999999999646,0.18643272971168923,0.0859375,1
43.89999999999964,0.11798012962767525,0.12890625,1
43.94999999999964,0.08299069548792681,0.125,1
43.99999999999964,0.9999999999995905,0.12109375,1
44.049999999999635,0.9999999940036851,0.18359375,1
44.09999999999963,0.8795304173973967,0.1875,1
44.14999999999963,0.999999999999999,0.1484375,1
44.199999999999626,0.678668667982436,0.18359375,1
44.24999999999962,0.6689451724854676,0.1484375,1
44.29999999999962,0.650202520436131,0.15234375,1
44.34999999999962,0.6446555422133108,0.1484375,1
44.399999999999615,0.6354456085681145,0.1484375,1
44.44999999999961,0.6222418841341085,0.15234375,1
44.49999999999961,0.6021780753036063,0.15234375,1
44.549999999999606,0.6022340690082048,0.1484375,1
44.5999999999996,0.6085382129954818,0.17578125,1
44.6499999999996,0.9999999910879097,0.13671875,1
44.6999999999996,0.9999999908071763,0.13671875,1
44.749999999999595,0.588508145698932,0.13671875,1
44.79999999999959,0.5448108928877475,0.13671875,1
44.84999999999959,0.5293502859634706,0.13671875,1
44.89999999999959,0.5160106389315284,0.1328125,1
44.949999999999584,0.5020079534708779,0.171875,1
44.99999999999958,0.9999999999999805,0.484375,1
45.04999999999958,0.7177880855947394,0.5234375,1
45.099999999999575,0.6888522779879046,0.5234375,0
45.14999999999957,0.6718141003981273,0.5546875,0
45.19999999999957,0.6591153518397102,0.5546875,1
45.24999999999957,0.6486939195215049,0.51953125,1
45.299999999999564,0.6386300276283221,0.27734375,1
45.34999999999956,0.6282392517819899,0.203125,1
45.39999999999956,0.6175472523666837,0.22265625,1
45.449999999999555,0.6010584075900957,0.18359375,1
45.49999999999955,0.5795985456185816,0.1875,1
45.54999999999955,0.5586583606407838,0.21484375,1
45.59999999999955,0.5461926206581348,0.2578125,1
45.649999999999544,0.5399795291844667,0.14453125,1
45.69999999999954,0.5038454136196587,0.1796875,1
45.74999999999954,0.48960618005555345,0.140625,1
45.799999999999535,0.4809426007457838,0.14453125,1
45.84999999999953,0.46576385132291764,0.21875,1
45.89999999999953,0.4501004738593084,0.140625,1
45.94999999999953,0.45123310353042717,0.1484375,1
45.999999999999524,0.42010481496164714,0.140625,1
46.04999999999952,0.4308518173315143,0.18359375,1
46.09999999999952,0.4325579021468745,0.14453125,1
46.149999999999515,0.4035976893240128,0.14453125,1
46.19999999999951,0.3890363446065552,0.14453125,1
46.24999999999951,0.4015721608774468,0.140625,1
46.29999999999951,0.3696917137547822,0.14453125,1
46.349999999999504,0.343256878555236,0.140625,1
46.3999999999995,0.33129590924733665,0.14453125,1
46.4499999999995,0.3155787274559675,0.1875,1
46.499999999999496,0.3156773536314447,0.1796875,1
46.54999999999949,0.32766402847779,0.140625,1
46.59999999999949,0.35186701306372536,0.140625,1
46.64999999999949,0.32413550687817533,0.140625,1
46.699999999999484,0.3011960217655623,0.15625,1
46.74999999999948,0.2701476914201486,0.140625,1
46.79999999999948,0.2364818008389097,0.21875,1
46.849999999999476,0.23588918823618013,0.1484375,1
46.89999999999947,0.2845753482007082,0.140625,1
46.94999999999947,0.2067376785406574,0.1796875,1
46.99999999999947,0.16134526807780933,0.140625,1
47.049999999999464,0.8756252938805242,0.25,1
47.09999999999946,0.8522293893736338,0.296875,1
47.14999999999946,0.9999999952328165,0.23828125,1
47.199999999999456,0.7448247526444777,0.09765625,1
47.24999999999945,0.7618345575427873,0.08203125,1
47.29999999999945,0.9999999941600642,0.08984375,1
47.34999999999945,0.999999993632203,0.12890625,1
47.399999999999444,0.6888243899195878,0.08984375,1
47.44999999999944,0.9999999928563122,0.19140625,1
47.49999999999944,0.999999992450719,0.18359375,1
47.549999999999436,0.6481564428896287,0.0859375,1
47.59999999999943,0.6194217272045072,0.0859375,1
47.64999999999943,0.6874983789830286,0.08203125,1
47.69999999999943,0.8586546845460763,0.1328125,1
47.749999999999424,0.9999999881387079,0.08203125,1
47.79999999999942,0.4770539430858267,0.0859375,1
47.84999999999942,0.44314955953389035,0.1328125,1
47.899999999999416,0.39014365587467126,0.13671875,1
47.94999999999941,0.39162580081833315,0.0859375,1
47.99999999999941,0.9999999825175224,0.1328125,1
48.04999999999941,0.27956847560721587,0.140625,1
48.099999999999405,0.26967575869143684,0.13671875,1
48.1499999999994,0.17667972725343445,0.13671875,1
48.1999999999994,0.15467478707415955,0.08984375,1
48.249999999999396,0.14578596449450248,0.08984375,1
48.29999999999939,0.07787807468190133,0.09375,1
48.34999999999939,0.9999995593356437,0.18359375,1
48.39999999999939,0.9999993240004464,0.1015625,1
48.449999999999385,0.14718648287174174,0.13671875,1
48.49999999999938,0.08923319524478539,0.1015625,1
48.54999999999938,0.9999997497036004,0.140625,1
48.599999999999376,0.9999994035958241,0.09375,1
48.64999999999937,0.1511347706964571,0.140625,1
48.69999999999937,0.9999991619992944,0.140625,1
48.74999999999937,0.14116276711014714,0.22265625,1
48.799999999999365,0.1340805982257804,0.09375,1
48.84999999999936,0.1577534980387612,0.234375,1
48.89999999999936,0.1878275566067813,0.140625,1
48.949999999999356,0.16598936999706074,0.09375,1
48.99999999999935,0.21333108410316234,0.140625,1
49.04999999999935,0.4481807831159072,0.16796875,1
49.09999999999935,0.3257560241346455,0.12109375,1
49.149999999999345,0.3063074079779675,0.2109375,1
49.19999999999934,0.9999999601993158,0.11328125,1
49.24999999999934,0.9999999558797155,0.11328125,1
49.299999999999336,0.9999999999998834,0.11328125,1
49.34999999999933,0.9999999999999548,0.11328125,1
49.39999999999933,0.9999998017832872,0.1171875,1
49.44999999999933,0.9999998501096542,0.109375,1
49.499999999999325,0.10702912059645714,0.0625,1
49.54999999999932,0.9999999240705432,0.1171875,1
49.59999999999932,0.9999999483174024,0.1640625,1
49.64999999999932,0.1990297277228073,0.06640625,1
49.699999999999314,0.14692037220037416,0.16796875,1
49.74999999999931,0.0017626283591945229,0.06640625,1
49.79999999999931,0.14814579192596314,0.06640625,1
49.849999999999305,0.06650562999267473,0.06640625,1
49.8999999999993,0.02588314403690311,0.1171875,1
49.9499999999993,0.02588314403690311,0.11328125,1
49.9999999999993,0.026251367199155332,0.125,1
50.049999999999294,0.12374599238595846,0.12890625,1
50.09999999999929,0.1411686190064194,0.125,1
50.14999999999929,0.9999998724766702,0.18359375,1
50.199999999999285,0.9999999999999227,0.01953125,1
50.24999999999928,0.23486820659642332,0.0703125,1
50.29999999999928,0.3777952118620001,0.015625,1
50.34999999999928,0.3704279113130587,0.08203125,1
50.399999999999274,0.3656376683807963,0.125,1
50.44999999999927,0.35359951866749756,0.1328125,1
50.49999999999927,0.3412207805359019,0.015625,1
50.549999999999265,0.32732441851062044,0.08203125,1
50.59999999999926,0.3106599946907446,0.23828125,1
50.64999999999926,0.2883572490525819,0.07421875,1
50.69999999999926,0.2672052964531992,0.0703125,1
50.749999999999254,0.2393521245662315,0.015625,1
50.79999999999925,0.20033439818573404,0.01953125,1
50.84999999999925,0.1586866685006389,0.1328125,1
50.899999999999245,0.1290848126909171,0.015625,1
50.94999999999924,0.1322697014172645,0.03515625,1
50.99999999999924,0.12866209122712402,0.06640625,1
51.04999999999924,0.14562519094513568,0.0234375,1
51.099999999999234,0.11856780725996041,0.1328125,1
51.14999999999923,0.09702119842056357,0.015625,1
51.19999999999923,0.07714329984200227,0.0703125,1
51.249999999999226,0.08854439292203432,0.0703125,1
51.29999999999922,0.08970551931578874,0.0703125,1
51.34999999999922,0.0888586365434202,0.015625,1
51.39999999999922,0.06765795156752792,0.07421875,1
51.449999999999214,0.07064884932363621,0.07421875,1
51.49999999999921,0.08155257132155587,0.0703125,1
51.54999999999921,0.03845079281768578,0.078125,1
51.599999999999206,0.058600271571380244,0.01953125,1
51.6499999999992,0.07712147275404202,0.015625,1
51.6999999999992,0.048158954323253636,0.0234375,1
51.7499999999992,0.03248721169412855,0.015625,1
51.799999999999194,0.0009229541625411746,0.01953125,1
51.84999999999919,0.009332382859200095,0.0703125,1
51.89999999999919,0.035584321881718596,0.015625,1
51.949999999999186,0.029808909821403953,0.015625,1
51.99999999999918,0.031548422430792034,0.078125,1
52.04999999999918,0.09647166862564698,0.18359375,1
52.09999999999918,0.11791240137520875,0.08203125,1
52.149999999999174,0.08640636433648631,0.0859375,1
52.19999999999917,0.08042393890423423,0.1328125,1
52.24999999999917,0.09643139274981069,0.078125,1
52.299999999999166,0.13636960023810707,0.02734375,1
52.34999999999916,0.1514439577677537,0.12109375,1
52.39999999999916,0.13489812727614595,0.04296875,1
52.44999999999916,0.10280399197357784,0.0859375,1
52.499999999999154,0.11068333678434965,0.18359375,1
52.54999999999915,0.11145765668239525,0.078125,1
52.59999999999915,0.13233751163506016,0.08203125,1
52.649999999999146,0.10667895540223553,0.078125,1
52.69999999999914,0.08485210071457704,0.03515625,1
52.74999999999914,0.09879354729052697,0.02734375,1
52.79999999999914,0.08758223200009595,0.046875,1
52.849999999999135,0.10708907492725431,0.03125,1
52.89999999999913,0.07981108716314529,0.02734375,1
52.94999999999913,0.06405663710367872,0.078125,1
52.999999999999126,0.06155561484829552,0.02734375,1
53.04999999999912,0.2821658138569638,0.078125,1
53.09999999999912,0.2837706764844969,0.18359375,1
53.14999999999912,0.2804137471221855,0.07421875,1
53.199999999999115,0.2665994047645282,0.06640625,1
53.24999999999911,0.2560399099720346,0.06640625,1
53.29999999999911,0.23934325755369615,0.0625,1
53.349999999999106,0.21976958444874614,0.015625,1
53.3999999999991,0.214028539485528,0.015625,1
53.4499999999991,0.20155723219435046,0.06640625,1
53.4999999999991,0.2051473557099199,0.01171875,1
53.549999999999095,0.2003313777871047,0.125,1
53.59999999999909,0.20392650009271657,0.1796875,1
53.64999999999909,0.20656915424528788,0.07421875,1
53.699999999999086,0.18437397246568063,0.01953125,1
53.74999999999908,0.16856298408446996,0.0703125,1
53.79999999999908,0.15650146526549716,0.12109375,1
53.84999999999908,0.1846107089924674,0.0234375,1
53.899999999999075,0.1562718652989881,0.06640625,1
53.94999999999907,0.13481016331458578,0.12890625,1
53.99999999999907,0.1527914258584844,0.01171875,1
54.049999999999066,0.12110515758784693,0.01171875,1
54.09999999999906,0.07954662582637306,0.015625,1
54.14999999999906,0.07578078305662603,0.01171875,1
54.19999999999906,0.06856729675816323,0.01953125,1
54.249999999999055,0.08272565875689288,0.015625,1
54.29999999999905,0.058071646760558225,0.07421875,1
54.34999999999905,0.052439965027276735,0.015625,1
54.39999999999905,0.0621101667945912,0.12890625,1
54.449999999999044,0.056662376245143954,0.078125,1
54.49999999999904,0.06030421144620505,0.01953125,1
54.54999999999904,0.060337422773121326,0.0859375,1
54.599999999999035,0.0950598367333456,0.125,1
54.64999999999903,0.06503219190342963,0.078125,1
54.69999999999903,0.07713490658355432,0.17578125,1
54.74999999999903,0.03914932436369014,0.07421875,1
54.799999999999024,0.024825492395755676,0.01953125,1
54.84999999999902,0.024101487256144853,0.015625,1
54.89999999999902,0.032108107188042315,0.078125,1
54.949999999999015,0.0813249361701526,0.17578125,1
54.99999999999901,0.06500164501973649,0.06640625,1
55.04999999999901,0.11369742354350394,0.015625,1
55.09999999999901,0.09346198987514942,0.06640625,1
55.149999999999004,0.07380617995498388,0.0703125,1
55.199999999999,0.06787173941284606,0.06640625,1
55.249999999999,0.06514934923252015,0.06640625,1
55.299999999998995,0.07570925963246264,0.01171875,1
55.34999999999899,0.02386453057678967,0.015625,1
55.39999999999899,0.006392884904553919,0.01171875,1
55.44999999999899,0.0063928849045537875,0.02734375,1
55.499999999998984,0.0063928849045537875,0.18359375,1
55.54999999999898,0.07134827009017608,0.0703125,1
55.59999999999898,0.06585092025701764,0.0703125,1
55.649999999998975,0.08728369602161416,0.0703125,1
55.69999999999897,0.06722417960351783,0.01953125,1
55.74999999999897,0.055251881280484194,0.12890625,1
55.79999999999897,0.08786925681894765,0.06640625,1
55.849999999998964,0.11005804569754642,0.015625,1
55.89999999999896,0.12023320878907036,0.0703125,1
55.94999999999896,0.09612603243721189,0.17578125,1
55.999999999998956,0.12229046971193439,0.015625,1
56.04999999999895,0.11929316793854879,0.125,1
56.09999999999895,0.06413145215121129,0.015625,1
56.14999999999895,0.07553741608547097,0.01953125,1
56.199999999998944,0.08188217399249187,0.0234375,1
56.24999999999894,0.08478658171704767,0.12890625,1
56.29999999999894,0.0793503040329476,0.125,1
56.349999999998936,0.07800686716634271,0.0703125,1
56.39999999999893,0.05592377191555694,0.0234375,1
56.44999999999893,0.09443018426324844,0.07421875,1
56.49999999999893,0.07931761510526272,0.015625,1
56.549999999998924,0.08879676371628191,0.125,1
56.59999999999892,0.09747375294151213,0.0703125,1
56.64999999999892,0.10441168147985884,0.0625,1
56.699999999998916,0.0555042017675064,0.015625,1
56.74999999999891,0.05463854089960059,0.07421875,1
56.79999999999891,0.05438249841216707,0.07421875,1
56.84999999999891,0.04807094418331651,0.0703125,1
56.899999999998904,0.027057966649087422,0.07421875,1
56.9499999999989,0.050519087791445656,0.01171875,1
56.9999999999989,0.05238852400618142,0.015625,1
57.049999999998896,0.4626202996642349,0.12109375,1
57.09999999999889,0.4476533212495884,0.0703125,1
57.14999999999889,0.4413426378524084,0.125,1
57.19999999999889,0.4460270894461541,0.08203125,1
57.249999999998884,0.4502454978800626,0.0625,1
57.29999999999888,0.44432591300256424,0.0859375,1
57.34999999999888,0.4412363553769315,0.0859375,1
57.399999999998876,0.4178271885418238,0.0859375,1
57.44999999999887,0.4022489306885283,0.0859375,1
57.49999999999887,0.39226905131046164,0.0859375,1
57.54999999999887,0.38408182975657734,0.140625,1
57.599999999998865,0.378436560680922,0.1171875,1
57.64999999999886,0.370079199472757,0.8828125,0
57.69999999999886,0.3498914151454694,0.9375,0
57.749999999998856,0.3350212113682179,0.9375,0
57.79999999999885,0.3228584093510506,0.9375,0
57.84999999999885,0.31669023815476555,0.9375,0
57.89999999999885,0.3121696099570171,0.9375,0
57.949999999998845,0.312836860180779,0.9375,0
57.99999999999884,0.3052698375892096,0.9375,1
58.04999999999884,0.30166219326422716,0.9375,1
58.099999999998836,0.2977444341640921,0.9375,1
58.14999999999883,0.2932828209445646,0.9375,1
58.19999999999883,0.2878079541414102,0.9375,0
58.24999999999883,0.28135194248326956,0.9375,0
58.299999999998825,0.27604636572083113,0.9375,0
58.34999999999882,0.2780396002021745,0.9375,0
58.39999999999882,0.28858011951176504,0.9375,0
58.449999999998816,0.3033267596000196,0.87890625,0
58.49999999999881,0.30881200070824605,0.12109375,0
58.54999999999881,0.3021671873947052,0.00390625,0
58.59999999999881,0.2661791246847857,0.0,0
58.649999999998805,0.23914509538100578,0.0,0
58.6999999999988,0.2507071792440085,0.0625,0
58.7499999999988,0.19865450457311534,0.0,0
58.799999999998796,0.15087038795198096,0.0625,0
58.84999999999879,0.15173574055328384,0.00390625,0
58.89999999999879,0.12707704744037607,0.06640625,0
58.94999999999879,0.09333544855330499,0.0,0
58.999999999998785,0.07204237731647958,0.17578125,0
59.04999999999878,0.15426375446931517,0.203125,0
59.09999999999878,0.15180088957557628,0.23046875,0
59.149999999998776,0.1373255143638212,0.19140625,0
59.199999999998774,0.12856107758160787,0.140625,0
59.24999999999877,0.10411876182249515,0.09765625,0
59.29999999999877,0.08671413486251904,0.05078125,0
59.349999999998765,0.09546883763043966,0.09375,0
59.39999999999876,0.07867108494431253,0.0546875,0
59.44999999999876,0.08788927314579487,0.0546875,0
59.49999999999876,0.05989746199011726,0.05859375,0
59.549999999998754,0.07719451240800042,0.09375,0
59.59999999999875,0.05650410312646789,0.046875,0
59.64999999999875,0.06618632891211942,0.140625,0
59.699999999998745,0.0902014161424953,0.09765625,0
59.74999999999874,0.07089305549843058,0.09375,0
59.79999999999874,0.04420559407154011,0.09375,0
59.84999999999874,0.05238075085723319,0.0546875,0
59.899999999998734,0.0900202120139121,0.09375,0
59.94999999999873,0.04403688578083599,0.09765625,0
59.99999999999873,0.07285434512910398,0.09765625,0
60.049999999998725,0.08407526186391652,0.1015625,0
60.09999999999872,0.08411086188714773,0.05078125,0
60.14999999999872,0.05809073821943377,0.140625,0
60.19999999999872,0.09538554480766633,0.046875,0
60.249999999998714,0.07842626062429553,0.0546875,0
60.29999999999871,0.06592169289802223,0.1484375,0
60.34999999999871,0.04953132914185337,0.0546875,0
60.399999999998705,0.041295608406084997,0.140625,0
60.4499999999987,0.03349673245091331,0.046875,0
60.4999999999987,0.07744564598079341,0.09375,0
60.5499999999987,0.044067229083080604,0.1015625,0
60.599999999998694,0.014327758078147202,0.1015625,0
60.64999999999869,0.022346582740373457,0.1484375,0
60.69999999999869,0.05580498531555849,0.046875,0
60.749999999998685,0.08156782057219665,0.1015625,0
60.79999999999868,0.08092082693121845,0.05078125,0
60.84999999999868,0.03705324704342999,0.05078125,0
60.89999999999868,0.03643121360617622,0.09765625,0
60.949999999998674,0.03094048907918152,0.09765625,0
60.99999999999867,0.07073282099863154,0.0546875,0
61.04999999999867,0.1029529747141077,0.16796875,0
61.099999999998666,0.08827163615419013,0.078125,0
61.14999999999866,0.10768273033949673,0.078125,0
61.19999999999866,0.09450998379709169,0.03515625,0
61.24999999999866,0.0818082949602826,0.078125,0
61.299999999998654,0.060874248936488774,0.046875,0
61.34999999999865,0.05919332948452678,0.15234375,0
61.39999999999865,0.049989324534497385,0.078125,0
61.449999999998646,0.04290958377395158,0.03515625,0
61.49999999999864,0.024982346405499224,0.078125,0
61.54999999999864,0.010205171211589066,0.08203125,0
61.59999999999864,0.04629411581783866,0.03515625,0
61.649999999998634,0.06703425792595342,0.078125,0
61.69999999999863,0.08042032715549281,0.04296875,0
61.74999999999863,0.09010308215928463,0.125,0
61.799999999998626,0.09948187598723632,0.078125,0
61.84999999999862,0.07518449355659211,0.0390625,0
61.89999999999862,0.08616895515631623,0.078125,0
61.94999999999862,0.04551430353377634,0.12890625,0
61.999999999998614,0.06581553694374803,0.1171875,0
62.04999999999861,0.10266611536423029,0.0390625,0
62.09999999999861,0.13864647433446012,0.0390625,0
62.149999999998606,0.16417122939148354,0.078125,0
62.1999999999986,0.15417208084263592,0.03515625,0
62.2499999999986,0.13631387414826562,0.0390625,0
62.2999999999986,0.1138917782618667,0.08203125,0
62.349999999998595,0.10458185521157015,0.03515625,0
62.39999999999859,0.08962659309437189,0.12109375,0
62.44999999999859,0.08312826396125202,0.0390625,0
62.499999999998586,0.06568258061613268,0.078125,0
62.54999999999858,0.06248778910323765,0.078125,0
62.59999999999858,0.07196600050568097,0.03515625,0
62.64999999999858,0.09484871819310649,0.03515625,0
62.699999999998575,0.04840677636629719,0.03515625,0
62.74999999999857,0.02485278591196079,0.078125,0
62.79999999999857,0.017575551853140445,0.03515625,0
62.849999999998566,0.5605267258692337,0.03515625,0
62.89999999999856,0.5339265884324382,0.03515625,0
62.94999999999856,0.5046425906453207,0.15625,0
62.99999999999856,0.4694517482613521,0.0390625,0
63.049999999998555,0.4606462046216221,0.140625,0
63.09999999999855,0.44672162620032013,0.13671875,0
63.14999999999855,0.4308766513414869,0.09765625,0
63.199999999998546,0.4136615812884422,0.0546875,0
63.24999999999854,0.4023205222079788,0.0546875,0
63.29999999999854,0.37515609507651826,0.08984375,0
63.34999999999854,0.35111387534826394,0.0546875,0
63.399999999998535,0.379902895902836,0.0625,0
63.44999999999853,0.3647276179223941,0.09375,0
63.49999999999853,0.38091350682188996,0.13671875,0
63.549999999998526,0.48384071870782097,0.08984375,0
63.59999999999852,0.46043603719435955,0.0625,0
63.64999999999852,0.4114470862069298,0.0625,0
63.69999999999852,0.3936777137679238,0.09375,0
63.749999999998515,0.3618684038283614,0.05859375,0
63.79999999999851,0.3616184343009358,0.09375,0
63.84999999999851,0.4147532751092575,0.09765625,0
63.899999999998506,0.4526696519341969,0.0546875,0
63.949999999998504,0.3584679432614442,0.09375,0
63.9999999999985,0.3523615091912035,0.05859375,0
64.0499999999985,0.43649479064518076,0.24609375,0
64.0999999999985,0.4291221440114374,0.234375,0
64.1499999999985,0.4259771237390061,0.234375,0
64.1999999999985,0.44069616236736225,0.03125,0
64.2499999999985,0.4162483857375449,0.03515625,0
64.29999999999849,0.3815794454691463,0.0859375,0
64.34999999999849,0.36087934114747433,0.03125,0
64.39999999999849,0.3545735049406891,0.03515625,0
64.44999999999848,0.32731891516455824,0.08984375,0
64.49999999999848,0.26119061810417166,0.03515625,0
64.54999999999848,0.23899350478593281,0.05078125,0
64.59999999999847,0.23801223878680672,0.03125,0
64.64999999999847,0.2287555570713713,0.03515625,0
64.69999999999847,0.2219937361162405,0.08203125,0
64.74999999999847,0.2595136508865221,0.08203125,0
64.79999999999846,0.23994250561553412,0.0390625,0
64.84999999999846,0.15498846965191906,0.03515625,0
64.89999999999846,0.08170644570463223,0.08984375,0
64.94999999999845,0.09190504088134147,0.08203125,0
64.99999999999845,0.10014807323906448,0.08203125,0
65.04999999999845,0.15443813567039433,0.1015625,0
65.09999999999845,0.0976782811060153,0.140625,0
65.14999999999844,0.10809917537828599,0.15234375,0
65.19999999999844,0.21160262822002002,0.05078125,0
65.24999999999844,0.9999998955068459,0.05078125,0
65.29999999999843,0.0831808612780491,0.046875,0
65.34999999999843,0.9999982563798263,0.05078125,0
65.39999999999843,0.08259554205717724,0.09375,0
65.44999999999843,0.13711211763347814,0.05078125,0
65.49999999999842,0.9999996504427351,0.09765625,0
65.54999999999842,0.08444566462829044,0.09765625,0
65.59999999999842,0.09134523748051405,0.09765625,0
65.64999999999841,0.09102534332835914,0.1328125,0
65.69999999999841,0.13527567527613976,0.05078125,0
65.74999999999841,0.04780621672262077,0.0859375,0
65.7999999999984,0.9999996620001114,0.046875,0
65.8499999999984,0.9999997862119345,0.0546875,0
65.8999999999984,0.9999997067224483,0.14453125,0
65.9499999999984,0.9999997067224483,0.046875,0
65.9999999999984,0.9999995915025777,0.05078125,0
66.04999999999839,0.4619676295765966,0.11328125,0
66.09999999999839,0.4485342928870475,0.11328125,0
66.14999999999839,0.4410488606904149,0.1171875,0
66.19999999999838,0.44476978506237513,0.15625,1
66.24999999999838,0.4406976422209792,0.09375,1
66.29999999999838,0.43649828673793684,0.140625,1
66.34999999999837,0.4335595223765674,0.18359375,0
66.39999999999837,0.43453896405291226,0.69921875,1
66.44999999999837,0.4367201706016901,0.703125,1
66.49999999999837,0.434022369081053,0.703125,1
66.54999999999836,0.42803818883964107,0.1875,0
66.59999999999836,0.42362621110084064,0.1875,0
66.64999999999836,0.4295594094721451,0.74609375,0
66.69999999999835,0.4277412960223855,0.69921875,0
66.74999999999835,0.4200644206848056,0.0859375,0
66.79999999999835,0.411622045327708,0.23828125,0
66.84999999999835,0.42240797261840424,0.09375,0
66.89999999999834,0.39086630609876316,0.04296875,0
66.94999999999834,0.3610226467647485,0.0859375,0
66.99999999999834,0.3411410469870162,0.08984375,0
67.04999999999833,0.3408728211904611,0.03515625,0
67.09999999999833,0.31643384932154767,0.140625,0
67.14999999999833,0.3003660804497621,0.08203125,0
67.19999999999833,0.26817241241011947,0.03515625,0
67.24999999999832,0.25486652583616337,0.0390625,0
67.29999999999832,0.2886312657239828,0.1328125,0
67.34999999999832,0.28157333113740984,0.0390625,0
67.39999999999831,0.25673428877329507,0.05859375,0
67.44999999999831,0.2793795197142292,0.140625,0
67.49999999999831,0.2469840870798812,0.04296875,0
67.5499999999983,0.20835755176527238,0.08984375,0
67.5999999999983,0.2321682445226541,0.05078125,0
67.6499999999983,0.21132354536597137,0.0390625,0
67.6999999999983,0.2398305523389772,0.03515625,0
67.7499999999983,0.17146287209042138,0.0390625,0
67.79999999999829,0.18577659524685777,0.0390625,0
67.84999999999829,0.07365476185717766,0.0390625,0
67.89999999999829,0.145544120536622,0.03515625,0
67.94999999999828,0.0881321560150202,0.08984375,0
67.99999999999828,0.03289619458290778,0.03515625,0
68.04999999999828,0.6614283372238957,0.09375,0
68.09999999999827,0.6548498507504268,0.08984375,0
68.14999999999827,0.6514101624060458,0.09765625,0
68.19999999999827,0.9999999999999779,0.08984375,0
68.24999999999827,0.6446056051729817,0.08984375,1
68.29999999999826,0.9999999863342193,0.08984375,1
68.34999999999826,0.6305409021276128,0.09375,1
68.39999999999826,0.6202074677327889,0.1875,1
68.44999999999825,0.6157631433174845,0.078125,1
68.49999999999825,0.6116962691949528,0.171875,1
68.54999999999825,0.6035386521286848,0.125,1
68.59999999999825,0.9999999999999858,0.07421875,1
68.64999999999824,0.9999999835059725,0.078125,1
68.69999999999824,0.9999999829012842,0.18359375,1
68.74999999999824,0.9999999822527018,0.0234375,1
68.79999999999824,0.5633077229715211,0.16796875,1
68.84999999999823,0.5557308649700481,0.1171875,1
68.89999999999823,0.5604821640509938,0.015625,1
68.94999999999823,0.5390405697805027,0.0859375,1
68.99999999999822,0.522657578829605,0.0703125,1
69.04999999999822,0.5292089975430481,0.15625,1
69.09999999999822,0.5598970955868792,0.19921875,1
69.14999999999822,0.5525701858902196,0.109375,1
69.19999999999821,0.513047123686832,0.1484375,1
69.24999999999821,0.5398121061642227,0.09375,1
69.2999999999982,0.485198309021595,0.09375,1
69.3499999999982,0.47795128725969505,0.09375,1
69.3999999999982,0.9999999999999812,0.07421875,1
69.4499999999982,0.9999999999999782,0.046875,1
69.4999999999982,0.9999999999999771,0.046875,1
69.54999999999819,0.3749371602413238,0.19140625,1
69.59999999999819,0.9999999999999862,0.046875,1
69.64999999999819,0.9999999660491432,0.09765625,1
69.69999999999818,0.34903643955643315,0.05078125,1
69.74999999999818,0.30300474507018393,0.046875,1
69.79999999999818,0.9999999535325858,0.05078125,1
69.84999999999818,0.32795289647844356,0.0546875,1
69.89999999999817,0.9999999999999716,0.09375,1
69.94999999999817,0.21013960997266196,0.140625,1
69.99999999999817,0.999999999999932,0.05078125,1
70.04999999999816,0.9999999999999833,0.10546875,1
70.09999999999816,0.9999999902038536,0.109375,1
70.14999999999816,0.9999999897904839,0.109375,1
70.19999999999816,0.6595872097446454,0.1015625,1
70.24999999999815,0.9999999897643624,0.11328125,1
70.29999999999815,0.9999999887363946,0.15625,1
70.34999999999815,0.9999999999999787,0.10546875,1
70.39999999999814,0.9999999999999778,0.109375,1
70.44999999999814,0.6248338490963292,0.10546875,1
70.49999999999814,0.6172298607584925,0.08984375,1
70.54999999999814,0.6092187356980914,0.08984375,1
70.59999999999813,0.596419879574054,0.08203125,1
70.64999999999813,0.5841937021852701,0.0390625,1
70.69999999999813,0.5748473322026179,0.03515625,1
70.74999999999812,0.5588108654221123,0.03515625,1
70.79999999999812,0.5465743065093086,0.0859375,1
70.84999999999812,0.5351816978733481,0.08984375,1
70.89999999999812,0.5221909696562884,0.0390625,1
70.94999999999811,0.9999999999999675,0.04296875,1
70.99999999999811,0.48824862356675164,0.08984375,1
71.04999999999811,0.4851336875479507,0.16015625,1
71.0999999999981,0.4854008540227656,0.10546875,1
71.1499999999981,0.9999999780652669,0.140625,1
71.1999999999981,0.9999999765438558,0.09765625,1
71.2499999999981,0.40963875899759566,0.1328125,1
71.2999999999981,0.4310809741198917,0.046875,1
71.34999999999809,0.3419869015457258,0.09375,1
71.39999999999809,0.9999999680569798,0.10546875,1
71.44999999999808,0.9999999646575078,0.09765625,1
71.49999999999808,0.9999999425725881,0.14453125,1
71.54999999999808,0.9999999603035994,0.0546875,1
71.59999999999808,0.23599691613881127,0.046875,1
71.64999999999807,0.18851962227453378,0.046875,1
71.69999999999807,0.9999999296642893,0.09765625,1
71.74999999999807,0.9999998528919178,0.05078125,1
71.79999999999806,0.9999997459156512,0.1484375,1
71.84999999999806,0.9999998701742352,0.05859375,1
71.89999999999806,0.9999998767209027,0.046875,1
71.94999999999806,0.999999862067244,0.0625,1
71.99999999999805,0.1222373960343304,0.05078125,1
72.04999999999805,0.17147567772043482,0.171875,1
72.09999999999805,0.2437479244854281,0.2109375,1
72.14999999999804,0.11181428629346137,0.12890625,1
72.19999999999804,0.12847975235104564,0.0859375,1
72.24999999999804,0.13957261932659062,0.125,1
72.29999999999804,0.09268306168160775,0.125,1
72.34999999999803,0.10667100226608978,0.09765625,1
72.39999999999803,0.9999997210360624,0.125,1
72.44999999999803,0.10922900386479488,0.1640625,1
72.49999999999802,0.12054845281052617,0.125,1
72.54999999999802,0.9999997963124868,0.08984375,1
72.59999999999802,0.999999878734894,0.125,1
72.64999999999802,0.13273324362045955,0.08984375,1
72.69999999999801,0.13290705487122567,0.09375,1
72.74999999999801,0.9999998538924071,0.125,1
72.79999999999801,0.15270427397309388,0.08984375,1
72.849999999998,0.9999997558157209,0.0859375,1
72.899999999998,0.999999397031743,0.08984375,1
72.949999999998,0.9999995160002252,0.09375,1
72.999999999998,0.999999582014536,0.1015625,1
73.049999999998,0.10038190055953167,0.0859375,1
73.09999999999799,0.0456039874912369,0.12890625,1
73.14999999999799,0.9999999099728105,0.0859375,1
73.19999999999798,0.09913785466723297,0.08984375,1
73.24999999999798,0.026776219097936396,0.125,1
73.29999999999798,0.9999998000127954,0.12890625,1
73.34999999999798,0.9999996393687461,0.1328125,1
73.39999999999797,0.9999995456957801,0.12890625,1
73.44999999999797,0.1348819141054705,0.0859375,1
73.49999999999797,0.9999997319333256,0.125,1
73.54999999999797,0.9999997846662938,0.0859375,1
73.59999999999796,0.14479936129531323,0.09375,1
73.64999999999796,0.18043503052392004,0.125,1
73.69999999999796,0.1246158761294871,0.0859375,1
73.74999999999795,0.1783675860741506,0.16015625,1
73.79999999999795,0.05123636161261514,0.125,1
73.84999999999795,0.9999999999999367,0.08984375,1
73.89999999999795,0.9999999999998429,0.15234375,1
73.94999999999794,0.11387301669164764,0.1328125,1
73.99999999999794,0.10822147389848327,0.09375,1
74.04999999999794,0.6795009514013705,0.21875,1
74.09999999999793,0.659803378322259,0.1484375,1
74.14999999999793,0.6706498823076871,0.2578125,1
74.19999999999793,0.6364691679715585,0.19921875,1
74.24999999999793,0.6212623319796214,0.1015625,1
74.29999999999792,0.5827680193949446,0.140625,1
74.34999999999792,0.5559866049780818,0.1015625,1
74.39999999999792,0.525159711569146,0.0546875,1
74.44999999999791,0.4808247026943707,0.1484375,1
74.49999999999791,0.41315509029983755,0.10546875,1
74.54999999999791,0.36679675261378036,0.1015625,1
74.5999999999979,0.328962132392583,0.1953125,1
74.6499999999979,0.2558216041001813,0.06640625,1
74.6999999999979,0.21402960430345425,0.0546875,1
74.7499999999979,0.18071608224851388,0.1015625,1
74.7999999999979,0.9999999999975256,0.1015625,1
74.84999999999789,0.028538724858076688,0.1015625,1
74.89999999999789,0.20110935943429736,0.1015625,1
74.94999999999789,0.12068380337819033,0.19921875,1
74.99999999999788,0.23018734973557853,0.0546875,1
75.04999999999788,0.1731742452445527,0.05859375,1
75.09999999999788,0.16961547718797174,0.15234375,1
75.14999999999787,0.9999999407673689,0.10546875,1
75.19999999999787,0.12867800035506888,0.10546875,1
75.24999999999787,0.1420276755236056,0.05859375,1
75.29999999999787,0.11327770600853783,0.10546875,1
75.34999999999786,0.13421448025608196,0.10546875,1
75.39999999999786,0.3943139931015283,0.1015625,1
75.44999999999786,0.3920664300199755,0.05859375,1
75.49999999999785,0.3772750639470589,0.09765625,1
75.54999999999785,0.36970265653876644,0.05859375,1
75.59999999999785,0.358179025305411,0.0625,1
75.64999999999785,0.3441403344253271,0.15625,1
75.69999999999784,0.3242720422242923,0.0546875,1
75.74999999999784,0.29379395396977837,0.1015625,1
75.79999999999784,0.26451520491054326,0.0546875,1
75.84999999999783,0.23451567469824777,0.0546875,1
75.89999999999783,0.19038646291954064,0.0546875,1
75.94999999999783,0.15235384875465363,0.05859375,1
75.99999999999783,0.1256677794192306,0.14453125,1
76.04999999999782,0.21306981755195112,0.1953125,1
76.09999999999782,0.22542768148724715,0.09375,1
76.14999999999782,0.21860245823988309,0.09765625,1
76.19999999999781,0.2041165205957039,0.05078125,1
76.24999999999781,0.19201849549218414,0.046875,1
76.29999999999781,0.18271551629694632,0.0390625,1
76.3499999999978,0.16939655537394022,0.08984375,1
76.3999999999978,0.15467221178810542,0.04296875,1
76.4499999999978,0.18384155105019712,0.04296875,1
76.4999999999978,0.17522548994733317,0.10546875,1
76.5499999999978,0.17408350901697583,0.04296875,1
76.59999999999779,0.15084849319608748,0.0390625,1
76.64999999999779,0.13146584666419095,0.09765625,1
76.69999999999779,0.13912155990149672,0.09375,1
76.74999999999778,0.13634556716858032,0.05078125,1
76.79999999999778,0.12902208129990134,0.04296875,1
76.84999999999778,0.11704497554141813,0.0390625,1
76.89999999999777,0.10730418247263614,0.09375,1
76.94999999999777,0.11896463415293547,0.13671875,1
76.99999999999777,0.11479694863469882,0.05078125,1
77.04999999999777,0.3535276456062329,0.25390625,1
77.09999999999776,0.3560483428292981,0.2265625,1
77.14999999999776,0.35267027648604243,0.1171875,1
77.19999999999776,0.34840250657728083,0.171875,1
77.24999999999775,0.3323342900607248,0.00390625,1
77.29999999999775,0.31364842531518256,0.0546875,1
77.34999999999775,0.3123054849105959,0.0625,1
77.39999999999775,0.3061304848145637,0.0078125,1
77.44999999999774,0.28952948708802506,0.06640625,1
77.49999999999774,0.2674314497806871,0.17578125,1
77.54999999999774,0.24888352216788467,0.0,1
77.59999999999773,0.22750821807832888,0.00390625,1
77.64999999999773,0.22133900995060832,0.0,1
77.69999999999773,0.21646634248350852,0.0078125,1
77.74999999999773,0.20412143172629388,0.0078125,1
77.79999999999772,0.19381705187827628,0.0078125,1
77.84999999999772,0.22509481634425008,0.00390625,1
77.89999999999772,0.24539026534930428,0.0078125,1
77.94999999999771,0.21000005565387497,0.1171875,1
77.99999999999771,0.21761427116175472,0.015625,1
78.04999999999771,0.1899561154119723,0.0,1
78.0999999999977,0.1886541962903825,0.05859375,1
78.1499999999977,0.19532754559258864,0.00390625,1
78.1999999999977,0.19296914019295436,0.05859375,1
78.2499999999977,0.20164292668070316,0.0078125,1
78.2999999999977,0.17845076583495975,0.0546875,1
78.34999999999769,0.14525411141126296,0.00390625,1
78.39999999999769,0.1397690260565544,0.0078125,1
78.44999999999769,0.17917844500784386,0.06640625,1
78.49999999999768,0.19308948887108782,0.0078125,1
78.54999999999768,0.1617002455736785,0.06640625,1
78.59999999999768,0.1788278288812154,0.06640625,1
78.64999999999768,0.11963438696653363,0.0078125,1
78.69999999999767,0.1355507009249669,0.0,1
78.74999999999767,0.16146336675633544,0.01953125,1
78.79999999999767,0.14359365366854218,0.05859375,1
78.84999999999766,0.12497475980164015,0.015625,1
78.89999999999766,0.11517215617253387,0.0,1
78.94999999999766,0.13929279769294176,0.1796875,1
78.99999999999766,0.09913274863700823,0.1171875,1
79.04999999999765,0.07420795321059373,0.0078125,1
79.09999999999765,0.08097895596902212,0.125,1
79.14999999999765,0.0718647224110214,0.0703125,1
79.19999999999764,0.04728087151136423,0.0078125,1
79.24999999999764,0.047479600951593794,0.01953125,1
79.29999999999764,0.0655158911906467,0.05078125,1
79.34999999999764,0.04445886488196334,0.0625,1
79.39999999999763,0.06371247017193557,0.01171875,1
79.44999999999763,0.06294401960135154,0.0,1
79.49999999999763,0.08617913959599233,0.0,1
79.54999999999762,0.11005540863715867,0.05859375,1
79.59999999999762,0.10295744390258828,0.0625,1
79.64999999999762,0.09629999925672358,0.17578125,1
79.69999999999762,0.07985085954036936,0.0703125,1
79.74999999999761,0.07367905070950875,0.16015625,1
79.79999999999761,0.08950826657579519,0.00390625,1
79.8499999999976,0.1064989017467529,0.00390625,1
79.8999999999976,0.13112182338072256,0.12109375,1
79.9499999999976,0.1410325758459686,0.0625,1
79.9999999999976,0.12638436028076244,0.00390625,1
80.0499999999976,0.06466380880957087,0.0703125,1
80.09999999999759,0.03830542696321713,0.0625,1
80.14999999999759,0.060690407563215615,0.01171875,1
80.19999999999759,0.13679382413714308,0.00390625,1
80.24999999999758,0.18513781068408258,0.06640625,1
80.29999999999758,0.15870019601291005,0.01953125,1
80.34999999999758,0.14372541555057847,0.0625,1
80.39999999999758,0.10029069053970874,0.05859375,1
80.44999999999757,0.084546813395294,0.05859375,1
80.49999999999757,0.0715339681404633,0.05859375,1
80.54999999999757,0.040955976600560856,0.0078125,1
80.59999999999756,0.010579131239186775,0.01171875,1
80.64999999999756,0.020231683327491593,0.07421875,1
80.69999999999756,0.09755345633636466,0.125,1
80.74999999999756,0.12214464516979776,0.0078125,1
80.79999999999755,0.10949903173829119,0.0,1
80.84999999999755,0.1168196966284355,0.05859375,1
80.89999999999755,0.08299472045901721,0.0625,1
80.94999999999754,0.04465214314174634,0.0,1
80.99999999999754,0.04790163099906365,0.0625,1
81.04999999999754,0.05522623961876097,0.0078125,1
81.09999999999754,0.06015033164398397,0.00390625,1
81.14999999999753,0.06775562380614016,0.12109375,1
81.19999999999753,0.045046867372414486,0.109375,1
81.24999999999753,0.06737051859532363,0.234375,1
81.29999999999752,0.09298716007776837,0.00390625,1
81.34999999999752,0.09210550846186963,0.125,1
81.39999999999752,0.1275434611918145,0.125,1
81.44999999999752,0.06972148062113684,0.0078125,1
81.49999999999751,0.07064530403730687,0.01953125,1
81.54999999999751,0.09421801712070171,0.0078125,1
81.59999999999751,0.10402768677801001,0.05859375,1
81.6499999999975,0.10345802545813283,0.125,1
81.6999999999975,0.06793861460492984,0.0078125,1
81.7499999999975,0.07341237045197499,0.00390625,1
81.7999999999975,0.032273266530855486,0.1171875,1
81.8499999999975,0.043077298295514724,0.00390625,1
81.89999999999749,0.09443643711095062,0.0625,1
81.94999999999749,0.060922238375252784,0.05859375,1
81.99999999999748,0.04409852619932192,0.0078125,1
82.04999999999748,0.16241777871941748,0.19140625,1
82.09999999999748,0.1993415021255399,0.2734375,1
82.14999999999748,0.2143760019300547,0.12890625,1
82.19999999999747,0.2122198937131264,0.05078125,1
82.24999999999747,0.20251892725120227,0.04296875,1
82.29999999999747,0.19314295690038208,0.1328125,1
82.34999999999746,0.18465045821145823,0.04296875,1
82.39999999999746,0.1777634248657112,0.046875,1
82.44999999999746,0.18685122857278627,0.125,1
82.49999999999746,0.1988838693019097,0.078125,1
82.54999999999745,0.16038717197367564,0.12109375,1
82.59999999999745,0.1371363039986661,0.12890625,1
82.64999999999745,0.11911930349791638,0.0390625,1
82.69999999999744,0.09012385751167672,0.04296875,1
82.74999999999744,0.0843998636467329,0.12109375,1
82.79999999999744,0.09436977684360845,0.0390625,1
82.84999999999744,0.08096570078765714,0.1640625,1
82.89999999999743,0.04814305026129735,0.0390625,1
82.94999999999743,0.07305494041341135,0.08203125,1
82.99999999999743,0.04860781534508354,0.08203125,1
83.04999999999742,0.09966536613532112,0.109375,1
83.09999999999742,0.08910479579360514,0.09765625,1
83.14999999999742,0.08458680443211196,0.0546875,1
83.19999999999742,0.10924181809338922,0.0546875,1
83.24999999999741,0.06643133477969516,0.1015625,1
83.29999999999741,0.047270253990695364,0.09765625,1
83.34999999999741,0.025013295851398096,0.125,1
83.3999999999974,0.009685921820941624,0.0546875,1
83.4499999999974,0.0057061457038839365,0.05859375,1
83.4999999999974,0.01666357033400886,0.0625,1
83.5499999999974,0.004452263853790644,0.09765625,1
83.5999999999974,0.05371406425014108,0.0546875,1
83.64999999999739,0.1032007128756432,0.0546875,1
83.69999999999739,0.07773569019795666,0.1015625,1
83.74999999999739,0.07761493291031235,0.140625,1
83.79999999999738,0.07805687827065302,0.05859375,1
83.84999999999738,0.054828328720700044,0.09765625,1
83.89999999999738,0.03278375019121556,0.05859375,1
83.94999999999737,0.05783881207308246,0.09765625,1
83.99999999999737,0.038759500651915905,0.0546875,1
84.04999999999737,0.13507580021654797,0.12109375,1
84.09999999999737,0.15469780754084758,0.1484375,1
84.14999999999736,0.1329198509280704,0.12109375,1
84.19999999999736,0.10887363168391517,0.07421875,1
84.24999999999736,0.1140266348580712,0.07421875,1
84.29999999999735,0.11929019724394735,0.07421875,1
84.34999999999735,0.09496110586212483,0.109375,1
84.39999999999735,0.09169864363176392,0.11328125,1
84.44999999999735,0.08559276960294376,0.15234375,1
84.49999999999734,0.07823463576132185,0.11328125,1
84.54999999999734,0.08875120156583986,0.19921875,1
84.59999999999734,0.06058680439134244,0.12109375,1
84.64999999999733,0.02977801481433287,0.07421875,1
84.69999999999733,0.07261189805000928,0.078125,1
84.74999999999733,0.1056910484068916,0.078125,1
84.79999999999733,0.13879053678403874,0.15234375,1
84.84999999999732,0.10004440616068998,0.078125,1
84.89999999999732,0.08613703813224788,0.15625,1
84.94999999999732,0.06155364083688734,0.08203125,1
84.99999999999731,0.08279100195895646,0.1171875,1
85.04999999999731,0.03074203174182568,0.140625,1
85.09999999999731,0.05347110690633315,0.1796875,1
85.1499999999973,0.06939663419363475,0.1796875,1
85.1999999999973,0.05837647951107613,0.1796875,1
85.2499999999973,0.051086310898327554,0.1796875,1
85.2999999999973,0.042524596697384225,0.1796875,1
85.3499999999973,0.033638961300699786,0.1796875,1
85.39999999999729,0.030742031741825587,0.1796875,1
85.44999999999729,0.03074203174182564,0.1796875,1
85.49999999999729,0.03074203174182564,0.20703125,0
85.54999999999728,0.0307420317418257,0.20703125,0
85.59999999999728,0.033642413520462724,0.453125,0
85.64999999999728,0.03640757012133716,0.42578125,0
85.69999999999727,0.04967657709416121,0.421875,0
85.74999999999727,0.03396191953509958,0.11328125,0
85.79999999999727,0.05928508734948586,0.109375,0
85.84999999999727,0.07144462721129177,0.10546875,0
85.89999999999726,0.0915338455030758,0.13671875,0
85.94999999999726,0.0684988659837285,0.171875,0
85.99999999999726,0.07188313612618123,0.109375,0
86.04999999999725,0.11300101413295041,0.1640625,0
86.09999999999725,0.08269638207409016,0.10546875,0
86.14999999999725,0.07474456531402554,0.10546875,0
86.19999999999725,0.1110411745285971,0.10546875,0
86.24999999999724,0.10252823362966162,0.140625,0
86.29999999999724,0.10038457032484906,0.171875,0
86.34999999999724,0.10209634837513462,0.1015625,0
86.39999999999723,0.11739205440280713,0.1015625,0
86.44999999999723,0.08627642925431367,0.1015625,0
86.49999999999723,0.08230809215001175,0.1015625,0
86.54999999999723,0.06812566612717182,0.109375,0
86.59999999999722,0.06718278244284201,0.10546875,0
86.64999999999722,0.07462683739874758,0.140625,0
86.69999999999722,0.06976221125757738,0.1484375,0
86.74999999999721,0.09565572796972745,0.10546875,0
86.79999999999721,0.10904798325169088,0.11328125,0
86.84999999999721,0.08127968832837257,0.1015625,0
86.8999999999972,0.06196766867167721,0.10546875,0
86.9499999999972,0.04751333506769653,0.1328125,0
86.9999999999972,0.05082538243746326,0.13671875,0
87.0499999999972,0.3799949848799978,0.328125,0
87.0999999999972,0.3587981019500697,0.28515625,0
87.14999999999719,0.3383725328588074,0.28515625,0
87.19999999999719,0.31619268423623625,0.28515625,0
87.24999999999719,0.2990811389137397,0.28515625,1
87.29999999999718,0.2663555530592566,0.28515625,1
87.34999999999718,0.22704299212655174,0.28515625,1
87.39999999999718,0.19391014181594746,0.28515625,1
87.44999999999717,0.16552279301414094,0.28515625,0
87.49999999999717,0.14165744180711393,0.3125,0
87.54999999999717,0.1435401231670302,0.609375,0
87.59999999999717,0.14580783151875534,0.56640625,0
87.64999999999716,0.15692571057897717,0.56640625,0
87.69999999999716,0.1596106599412406,0.09765625,0
87.74999999999716,0.1570622168072062,0.13671875,0
87.79999999999715,0.1378492442949478,0.09765625,0
87.84999999999715,0.11579240166379504,0.09375,0
87.89999999999715,0.09885904229258508,0.10546875,0
87.94999999999715,0.5513160449680056,0.09375,0
87.99999999999714,0.5241011853642155,0.13671875,0
88.04999999999714,0.5463445236856381,0.125,0
88.09999999999714,0.50503758270584,0.125,0
88.14999999999714,0.4641616337519948,0.12109375,0
88.19999999999713,0.4305765437106231,0.078125,0
88.24999999999713,0.41325644888550134,0.125,0
88.29999999999713,0.3931853753826932,0.171875,0
88.34999999999712,0.39775507296298107,0.078125,0
88.39999999999712,0.3899707037345019,0.07421875,0
88.44999999999712,0.3988796724821576,0.21875,0
88.49999999999712,0.3992235782869439,0.16796875,0
88.54999999999711,0.4289830278003451,0.12109375,0
88.59999999999711,0.4047845187096428,0.07421875,0
88.6499999999971,0.4129681276029155,0.16015625,0
88.6999999999971,0.41842766844610974,0.12109375,0
88.7499999999971,0.43198103167068996,0.07421875,0
88.7999999999971,0.47221750126034534,0.16796875,0
88.8499999999971,0.49330276786393223,0.078125,0
88.89999999999709,0.40030359416203753,0.1171875,0
88.94999999999709,0.3398596201556548,0.12890625,0
88.99999999999709,0.3314627594202097,0.20703125,0
89.04999999999708,0.4886081734670696,0.1640625,0
89.09999999999708,0.4793210478637284,0.109375,0
89.14999999999708,0.4974442391009998,0.2578125,0
89.19999999999708,0.5021789414295736,0.05859375,0
89.24999999999707,0.46658777524204276,0.0546875,0
89.29999999999707,0.43735524960706273,0.05859375,0
89.34999999999707,0.43308807316295617,0.10546875,0
89.39999999999706,0.40523807682837937,0.05859375,0
89.44999999999706,0.3939204250138656,0.109375,0
89.49999999999706,0.41502396047238993,0.10546875,0
89.54999999999706,0.3934545042866966,0.10546875,0
89.59999999999705,0.3786461153967232,0.109375,0
89.64999999999705,0.3715025189477452,0.20703125,0
89.69999999999705,0.4289993025244049,0.15234375,0
89.74999999999704,0.4077103248480222,0.10546875,0
89.79999999999704,0.9999999722648565,0.05859375,0
89.84999999999704,0.37398804363177,0.10546875,0
89.89999999999704,0.9999999767880237,0.0625,0
89.94999999999703,0.35809884693433736,0.05859375,0
89.99999999999703,0.31451954601654597,0.10546875,0
90.04999999999703,0.58004864961419,0.26171875,0
90.09999999999702,0.5745872645747904,0.19921875,0
90.14999999999702,0.5546584374112793,0.19921875,0
90.19999999999702,0.5864471416347072,0.06640625,0
90.24999999999702,0.5386274355500399,0.05859375,0
90.29999999999701,0.5045886342556963,0.05859375,0
90.34999999999701,0.47688406787317456,0.109375,0
90.39999999999701,0.4890430876696624,0.14453125,0
90.449999999997,0.4913933453614731,0.10546875,0
90.499999999997,0.4726335261191899,0.06640625,0
90.549999999997,0.42155764745579705,0.10546875,0
90.599999999997,0.40648217635023653,0.05859375,0
90.649999999997,0.38526715000888234,0.0625,0
90.69999999999699,0.355765996546802,0.109375,0
90.74999999999699,0.350391202646623,0.109375,0
90.79999999999698,0.341539769764164,0.15234375,0
90.84999999999698,0.36585568423867293,0.0625,0
90.89999999999698,0.3433154799547135,0.109375,0
90.94999999999698,0.294619969425459,0.10546875,0
90.99999999999697,0.31748745920884264,0.0625,0
91.04999999999697,0.3032240945923224,0.16015625,0
91.09999999999697,0.3526634825537399,0.05859375,0
91.14999999999696,0.26680626551402925,0.05859375,0
91.19999999999696,0.20903233827130535,0.06640625,0
91.24999999999696,0.18303537138827294,0.05859375,0
91.29999999999696,0.16287876372266394,0.05859375,0
91.34999999999695,0.14262245676577168,0.10546875,0
91.39999999999695,0.10756235943336254,0.11328125,0
91.44999999999695,0.11529120550444413,0.0703125,0
91.49999999999694,0.10614754921836024,0.15234375,0
91.54999999999694,0.19693130148747787,0.10546875,0
91.59999999999694,0.12198939587262003,0.10546875,0
91.64999999999694,0.13027652568531958,0.1015625,0
91.69999999999693,0.13651517008474004,0.0625,0
91.74999999999693,0.14461181235591286,0.05859375,0
91.79999999999693,0.10486143249928018,0.15625,0
91.84999999999692,0.11995219009263554,0.109375,0
91.89999999999692,0.15388633671481944,0.10546875,0
91.94999999999692,0.9999991635791533,0.05859375,0
91.99999999999692,0.9999993240004446,0.05859375,0
92.04999999999691,0.999999989290391,0.17578125,0
92.09999999999691,0.9999999893396447,0.2109375,0
92.14999999999691,0.9999999892933348,0.17578125,0
92.1999999999969,0.9999999896571721,0.125,0
92.2499999999969,0.9999999882007038,0.11328125,0
92.2999999999969,0.6078932073065697,0.15234375,0
92.3499999999969,0.9999999875263733,0.10546875,0
92.3999999999969,0.5941613364613854,0.15234375,0
92.44999999999689,0.6204586012749138,0.0625,0
92.49999999999689,0.592133018508969,0.0546875,0
92.54999999999688,0.581337536957166,0.06640625,0
92.59999999999688,0.9999999999999797,0.0546875,0
92.64999999999688,0.5598656372436237,0.1015625,0
92.69999999999688,0.5551907637821341,0.1015625,0
92.74999999999687,0.5770143896464065,0.05859375,0
92.79999999999687,0.5295125033113696,0.0625,0
92.84999999999687,0.5235986376213703,0.05859375,0
92.89999999999687,0.9999999841275864,0.15625,0
92.94999999999686,0.5166103082571246,0.0546875,0
92.99999999999686,0.9999999999999681,0.0625,0
93.04999999999686,0.9999999999999668,0.0625,0
93.09999999999685,0.9999999804331275,0.15234375,0
93.14999999999685,0.9999999792321679,0.1015625,0
93.19999999999685,0.9999999782657331,0.0546875,0
93.24999999999685,0.9999999999999608,0.05859375,0
93.29999999999684,0.4109703855320289,0.1015625,0
93.34999999999684,0.4101312770338302,0.05859375,0
93.39999999999684,0.6911281512138437,0.0546875,0
93.44999999999683,0.999999999999949,0.10546875,0
93.49999999999683,0.9999999999999443,0.0546875,0
93.54999999999683,0.9999999999999711,0.14453125,0
93.59999999999683,0.34648115225827764,0.140625,0
93.64999999999682,0.9999999623860538,0.0546875,0
93.69999999999682,0.9999999999999631,0.09765625,0
93.74999999999682,0.9999999536803489,0.1484375,0
93.79999999999681,0.999999948334454,0.05859375,0
93.84999999999681,0.9999999390143148,0.16015625,0
93.89999999999681,0.9999999350482387,0.1484375,0
93.9499999999968,0.30851914553723847,0.15234375,0
93.9999999999968,0.21419604234188871,0.0625,0
94.0499999999968,0.15157938166507762,0.12109375,0
94.0999999999968,0.9999999999999071,0.1640625,0
94.1499999999968,0.19475958244895958,0.11328125,0
94.19999999999679,0.2111805567184799,0.07421875,0
94.24999999999679,0.21215095396867717,0.109375,0
94.29999999999679,0.2077001646113829,0.07421875,0
94.34999999999678,0.15815398026660954,0.1171875,0
94.39999999999678,0.17018904397244544,0.1171875,0
94.44999999999678,0.9999999999998923,0.11328125,0
94.49999999999677,0.07924906873269819,0.08203125,0
94.54999999999677,0.05531763036699517,0.11328125,0
94.59999999999677,0.055327163122875424,0.07421875,0
94.64999999999677,0.012060995120329168,0.16015625,0
94.69999999999676,0.02760315927445792,0.07421875,0
94.74999999999676,0.08989330161881683,0.078125,0
94.79999999999676,0.9999999999999231,0.078125,0
94.84999999999675,0.1342268829797757,0.07421875,0
94.89999999999675,0.17365228583848596,0.16015625,0
94.94999999999675,0.1703812433917409,0.0703125,0
94.99999999999675,0.1663317626309192,0.15625,0
95.04999999999674,0.7210777025755611,0.20703125,0
95.09999999999674,0.6902718372750105,0.171875,0
95.14999999999674,0.6785466143245202,0.16796875,0
95.19999999999673,0.6706596530567894,0.171875,0
95.24999999999673,0.6678482277606046,0.1640625,1
95.29999999999673,0.6603835498896459,0.203125,1
95.34999999999673,0.6510155145778517,0.28515625,1
95.39999999999672,0.6469166849001564,0.203125,1
95.44999999999672,0.6370500663444989,0.24609375,1
95.49999999999672,0.6392473040008306,0.2421875,1
95.54999999999671,0.6904676106453124,0.2421875,1
95.59999999999671,0.624406739563519,0.140625,1
95.64999999999671,0.6234724152203085,0.140625,1
95.6999999999967,0.6152501646675596,0.140625,1
95.7499999999967,0.5964633215148242,0.140625,1
95.7999999999967,0.5880289230587672,0.140625,1
95.8499999999967,0.5543571667259588,0.140625,1
95.8999999999967,0.5341233000535608,0.1328125,0
95.94999999999669,0.5206227082350002,0.1328125,0
95.99999999999669,0.4968819035206793,0.08203125,0
96.04999999999669,0.5114215735157719,0.08203125,0
96.09999999999668,0.49434634879675654,0.7421875,0
96.14999999999668,0.46595878030814836,0.703125,0
96.19999999999668,0.4343514950866477,0.03515625,0
96.24999999999667,0.40547746154893227,0.1015625,0
96.29999999999667,0.36670068910362097,0.1328125,0
96.34999999999667,0.9999999816265657,0.04296875,0
96.39999999999667,0.3237988878216047,0.12890625,0
96.44999999999666,0.2730597356818924,0.08984375,0
96.49999999999666,0.3015388171864135,0.03515625,0
96.54999999999666,0.20311914093724498,0.03515625,0
96.59999999999665,0.23353308027175346,0.03515625,0
96.64999999999665,0.23534172874217416,0.03515625,0
96.69999999999665,0.1884158418998802,0.08203125,0
96.74999999999665,0.15234993687544118,0.03515625,0
96.79999999999664,0.06694795270580237,0.08203125,0
96.84999999999664,0.03258961432711267,0.08203125,0
96.89999999999664,0.11100841370480348,0.078125,0
96.94999999999663,0.07032678776397859,0.1328125,0
96.99999999999663,0.08948013707358254,0.125,0
97.04999999999663,0.6338467174679617,0.19140625,0
97.09999999999663,0.6197828030833284,0.08984375,0
97.14999999999662,0.6129304779463421,0.1875,0
97.19999999999662,0.9999999832212518,0.07421875,0
97.24999999999662,0.999999980140701,0.07421875,0
97.29999999999661,0.5774073826113756,0.0703125,0
97.34999999999661,0.5662935563378805,0.1796875,0
97.39999999999661,0.5493963911785873,0.01953125,0
97.4499999999966,0.5629416368206851,0.015625,0
97.4999999999966,0.9999999792712095,0.07421875,0
97.5499999999966,0.5130923885130981,0.015625,0
97.5999999999966,0.9999999763758023,0.0234375,0
97.6499999999966,0.9999999740235801,0.078125,0
97.69999999999659,0.999999972432634,0.125,0
97.74999999999659,0.43515558144297983,0.125,0
97.79999999999659,0.49649723705398513,0.0703125,0
97.84999999999658,0.4110998009998312,0.07421875,0
97.89999999999658,0.9999999582000417,0.015625,0
97.94999999999658,0.9999999536122125,0.015625,0
97.99999999999658,0.3054619985576969,0.015625,0
98.04999999999657,0.2926855501070191,0.015625,0
98.09999999999657,0.21729242722921693,0.03125,0
98.14999999999657,0.9999998719009557,0.015625,0
98.19999999999656,0.9999998109561326,0.02734375,0
98.24999999999656,0.9999999151008544,0.0234375,0
98.29999999999656,0.9999994945804807,0.078125,0
98.34999999999656,0.12735226308862732,0.234375,0
98.39999999999655,0.15301874370889454,0.015625,0
98.44999999999655,0.16056283941702457,0.01953125,0
98.49999999999655,0.04673359166071421,0.07421875,0
98.54999999999654,0.9999994603461655,0.07421875,0
98.59999999999654,0.06806675293731654,0.015625,0
98.64999999999654,0.14065592665753854,0.125,0
98.69999999999654,0.07218901058910394,0.01953125,0
98.74999999999653,0.10628097731425863,0.01953125,0
98.79999999999653,0.07300664694348398,0.015625,0
98.84999999999653,0.9999993919036099,0.01953125,0
98.89999999999652,0.9999991000007983,0.015625,0
98.94999999999652,0.9999996414209342,0.01953125,0
98.99999999999652,0.9999999999992006,0.0234375,0
99.04999999999652,0.9999999999999447,0.06640625,0
99.09999999999651,0.9999999999999447,0.05859375,0
99.14999999999651,0.4353806183967726,0.234375,0
99.1999999999965,0.3884065434620832,0.0,0
99.2499999999965,0.3825071544378336,0.109375,0
99.2999999999965,0.3151433077996851,0.0,0
99.3499999999965,0.34729873049389914,0.0078125,0
99.3999999999965,0.24217226805178205,0.1796875,0
99.44999999999649,0.2171423915337823,0.07421875,0
99.49999999999649,0.10937257741054027,0.1171875,0
99.54999999999649,0.14541896344450134,0.0,0
99.59999999999648,0.15604637119689313,0.0546875,0
99.64999999999648,0.027161303533325975,0.0,0
99.69999999999648,0.9999998596571849,0.0078125,0
99.74999999999648,0.0523722065695676,0.1171875,0
99.79999999999647,0.03331041018342009,0.00390625,0
99.84999999999647,0.06374639238315823,0.0078125,0
99.89999999999647,0.06061866251124396,0.0078125,0
99.94999999999646,0.999999999999943,0.17578125,0
99.99999999999646,0.1629690860441437,0.05859375,0
100.04999999999646,0.35999259822625096,0.2265625,0
100.09999999999646,0.9999999796893771,0.18359375,0
100.14999999999645,0.9999999781732577,0.1328125,0
100.19999999999645,0.23163501373132056,0.12109375,0
100.24999999999645,0.20089165297805378,0.12890625,0
100.29999999999644,0.20098955759509934,0.07421875,0
100.34999999999644,0.1208064860057437,0.078125,0
100.39999999999644,0.1306990294399958,0.078125,0
100.44999999999644,0.9999999999998397,0.078125,0
100.49999999999643,0.40133733731527854,0.0234375,0
100.54999999999643,0.4003306229198029,0.02734375,0
100.59999999999643,0.39318629908131364,0.0703125,0
100.64999999999642,0.3799934465307471,0.02734375,0
100.69999999999642,0.3602783207743679,0.11328125,0
100.74999999999642,0.3383757226432506,0.0234375,0
100.79999999999642,0.312919930997809,0.12890625,0
100.84999999999641,0.28105909218117786,0.18359375,0
100.89999999999641,0.2509124905364372,0.07421875,0
100.94999999999641,0.23159320984883575,0.0234375,0
100.9999999999964,0.19109524250216992,0.02734375,0
101.0499999999964,0.1817628981813459,0.13671875,0
101.0999999999964,0.1553365636542869,0.1796875,0
101.1499999999964,0.1499421026279429,0.08203125,0
101.1999999999964,0.13482683764236858,0.03515625,0
101.24999999999639,0.13151386148150826,0.0390625,0
101.29999999999639,0.10811171535330838,0.08203125,0
101.34999999999638,0.06612046828568877,0.04296875,0
101.39999999999638,0.06601570221114339,0.0390625,0
101.44999999999638,0.05361023596099235,0.09375,0
101.49999999999638,0.03675744776037932,0.0390625,0
101.54999999999637,0.035795197379597826,0.05078125,0
101.59999999999637,0.02742274209416307,0.03515625,0
101.64999999999637,0.008857325701603908,0.0859375,0
101.69999999999636,0.039697865666637834,0.08203125,0
101.74999999999636,0.06677004234504272,0.08984375,0
101.79999999999636,0.09201598414006211,0.0390625,0
101.84999999999636,0.10219644215538969,0.08984375,0
101.89999999999635,0.106828022246021,0.1328125,0
101.94999999999635,0.09119679633978943,0.03515625,0
101.99999999999635,0.06134712539488608,0.046875,0
102.04999999999634,0.06105843520180434,0.125,0
102.09999999999634,0.09702517947145602,0.12890625,0
102.14999999999634,0.11606069894073437,0.13671875,0
102.19999999999634,0.12425608882509928,0.0859375,0
102.24999999999633,0.12127361302767499,0.0859375,0
102.29999999999633,0.12251587041409023,0.08203125,0
102.34999999999633,0.12175397834627587,0.0390625,0
102.39999999999633,0.0994422306082389,0.12109375,0
102.44999999999632,0.09912252064555414,0.125,0
102.49999999999632,0.11763717003268949,0.03515625,0
102.54999999999632,0.1233211866915655,0.1328125,0
102.59999999999631,0.12046120996912144,0.0703125,0
102.64999999999631,0.12253459408733097,0.046875,0
102.69999999999631,0.10826676541859676,0.140625,0
102.7499999999963,0.08821381471319065,0.1796875,0
102.7999999999963,0.06526367624656845,0.03515625,0
102.8499999999963,0.04386595555759352,0.08203125,0
102.8999999999963,0.02189127705906948,0.03515625,0
102.9499999999963,0.021630412955441602,0.03515625,0
102.99999999999629,0.01447962570064929,0.03515625,0
103.04999999999629,0.01797179659579727,0.1328125,0
103.09999999999629,0.06764875969686306,0.07421875,0
103.14999999999628,0.050564236809554686,0.03515625,0
103.19999999999628,0.04963578707345788,0.04296875,0
103.24999999999628,0.06264923591239116,0.08203125,0
103.29999999999627,0.06585176196155493,0.08984375,0
103.34999999999627,0.09033257735528093,0.08203125,0
103.39999999999627,0.08529258419185555,0.03515625,0
103.44999999999627,0.04001399113715077,0.078125,0
103.49999999999626,0.08127421897890065,0.03515625,0
103.54999999999626,0.04213097833205202,0.04296875,0
103.59999999999626,0.008930264239253315,0.125,0
103.64999999999625,0.04942016904435115,0.03515625,0
103.69999999999625,0.031170740238056167,0.04296875,0
103.74999999999625,0.027010812521642016,0.0390625,0
103.79999999999625,0.010660360807641494,0.046875,0
103.84999999999624,0.008527555668101004,0.0390625,0
103.89999999999624,0.008527555668101152,0.05859375,0
103.94999999999624,0.008527555668101152,0.03515625,0
103.99999999999623,0.0336841071642045,0.04296875,0
104.04999999999623,0.041758536323842174,0.08203125,0
104.09999999999623,0.05142567102436785,0.0859375,0
104.14999999999623,0.07218423341003112,0.03515625,0
104.19999999999622,0.04845432052376549,0.03515625,0
104.24999999999622,0.03197072270235596,0.0390625,0
104.29999999999622,0.01332582279360959,0.08203125,0
104.34999999999621,0.013126506820455316,0.0390625,0
104.39999999999621,0.048366102547152484,0.08203125,0
104.44999999999621,0.06821615705088528,0.0390625,0
104.4999999999962,0.06057417517829396,0.03515625,0
104.5499999999962,0.030678360431025623,0.04296875,0
104.5999999999962,0.02696357668320843,0.08203125,0
104.6499999999962,0.020352664379948582,0.12890625,0
104.6999999999962,0.04553511160517871,0.0390625,0
104.74999999999619,0.028907237140878787,0.046875,0
104.79999999999619,0.02410863216284207,0.17578125,0
104.84999999999619,0.03829058478247661,0.03515625,0
104.89999999999618,0.01966281629767214,0.08203125,0
104.94999999999618,0.06292736735290376,0.0390625,0
104.99999999999618,0.08619666250769532,0.03515625,0
105.04999999999617,0.47075621086038366,0.12890625,0
105.09999999999617,0.463704061340601,0.17578125,0
105.14999999999617,0.4563523147900736,0.17578125,0
105.19999999999617,0.4494626559282669,0.1328125,0
105.24999999999616,0.44119572883125485,0.1796875,0
105.29999999999616,0.4378406093374728,0.22265625,1
105.34999999999616,0.4357548424699726,0.1328125,1
105.39999999999615,0.4274300273840237,0.13671875,1
105.44999999999615,0.4177929063448552,0.1328125,1
105.49999999999615,0.41152376100529925,0.18359375,1
105.54999999999615,0.40890839509517396,0.18359375,1
105.59999999999614,0.408924749371255,0.18359375,1
105.64999999999614,0.40878761291298205,0.18359375,1
105.69999999999614,0.4022548436368762,0.18359375,1
105.74999999999613,0.39744041278316833,0.1875,0
105.79999999999613,0.39241542518977834,0.1875,1
105.84999999999613,0.3847393323585645,0.23046875,0
105.89999999999613,0.37497784928293876,0.23046875,0
105.94999999999612,0.3658600583945693,0.83203125,0
105.99999999999612,0.35806915923620225,0.78125,0
106.04999999999612,0.5412977228243541,0.3359375,0
106.09999999999611,0.538733921357014,0.17578125,0
106.14999999999611,0.5294144578611997,0.19140625,0
106.19999999999611,0.5182581233821023,0.125,1
106.2499999999961,0.4994932841682818,0.171875,1
106.2999999999961,0.49241243870089974,0.22265625,1
106.3499999999961,0.488768606323699,0.17578125,1
106.3999999999961,0.48353603036987763,0.17578125,1
106.4499999999961,0.46819359225869844,0.12890625,1
106.49999999999609,0.4649772817009311,0.171875,1
106.54999999999609,0.4578024564424831,0.1796875,1
106.59999999999609,0.4399955280822385,0.2890625,1
106.64999999999608,0.4250245027277846,0.328125,0
106.69999999999608,0.4218873409193274,0.71875,0
106.74999999999608,0.41830123116631,0.68359375,1
106.79999999999607,0.4137281626517311,0.6796875,1
106.84999999999607,0.40930388730106,0.29296875,1
106.89999999999607,0.39658295686774636,0.3359375,1
106.94999999999607,0.3835040873800203,0.2890625,1
106.99999999999606,0.3788269271989737,0.28125,0
107.04999999999606,0.37297302187640363,0.32421875,0
107.09999999999606,0.3650959437930421,0.875,0
107.14999999999606,0.3506133198940368,0.875,0
107.19999999999605,0.34304734724970914,0.8203125,0
107.24999999999605,0.32155763905957985,0.0546875,0
107.29999999999605,0.30393124978575314,0.0546875,0
107.34999999999604,0.28753546306446726,0.2265625,0
107.39999999999604,0.2712522113332882,0.05859375,0
107.44999999999604,0.25908910321486417,0.1171875,0
107.49999999999604,0.24574276791040287,0.11328125,0
107.54999999999603,0.2357538070380923,0.0703125,0
107.59999999999603,0.21220948000802237,0.1640625,0
107.64999999999603,0.18079272514690395,0.0703125,0
107.69999999999602,0.20129918325140328,0.11328125,0
107.74999999999602,0.19929373035734185,0.11328125,0
107.79999999999602,0.18092501308333964,0.05859375,0
107.84999999999602,0.16642165447171228,0.11328125,0
107.89999999999601,0.14883541419170104,0.0546875,0
107.94999999999601,0.10627522907674758,0.109375,0
107.999999999996,0.11733147486354548,0.0546875,0
108.049999999996,0.11014593283694168,0.109375,0
108.099999999996,0.09747945337569489,0.109375,0
108.149999999996,0.09422985370674435,0.109375,0
108.199999999996,0.08594755402935533,0.109375,0
108.24999999999599,0.07971539965742545,0.109375,1
108.29999999999599,0.08293445189748314,0.109375,1
108.34999999999599,0.08190064578874623,0.109375,1
108.39999999999598,0.0797369379708658,0.109375,1
108.44999999999598,0.07741350933709762,0.109375,1
108.49999999999598,0.0756056993290599,0.15625,0
108.54999999999598,0.0756056993290599,0.71875,0
108.59999999999597,0.0785722327871721,0.765625,0
108.64999999999597,0.07950299295661607,0.71875,0
108.69999999999597,0.08878046558114035,0.0546875,0
108.74999999999596,0.0831178859886504,0.10546875,0
108.79999999999596,0.0788624720319634,0.10546875,0
108.84999999999596,0.07634270282280373,0.15625,0
108.89999999999596,0.07013006157085648,0.0546875,0
108.94999999999595,0.045458778020081414,0.0625,0
108.99999999999595,0.02304089179383172,0.1640625,0
109.04999999999595,0.0375603998501552,0.05859375,0
109.09999999999594,0.07824176482116385,0.10546875,0
109.14999999999594,0.10906858646965377,0.05859375,0
109.19999999999594,0.11151661427969647,0.0546875,0
109.24999999999594,0.09847238729544759,0.05859375,0
109.29999999999593,0.07860382694112938,0.10546875,0
109.34999999999593,0.04634510833016751,0.0546875,0
109.39999999999593,0.05817687516633841,0.0546875,0
109.44999999999592,0.017277069965804227,0.0703125,0
109.49999999999592,0.009032348370396888,0.0546875,0
109.54999999999592,0.009032348370396888,0.0546875,0
109.59999999999592,0.07813541324591435,0.2421875,0
109.64999999999591,0.05463648460003401,0.16015625,0
109.69999999999591,0.02782835897391795,0.109375,0
109.74999999999591,0.0399043348787091,0.10546875,0
109.7999999999959,0.05865986475426444,0.10546875,0
109.8499999999959,0.05248728598303409,0.1484375,0
109.8999999999959,0.053180032852690386,0.109375,0
109.9499999999959,0.044348342523675886,0.05859375,0
109.9999999999959,0.036517518022671336,0.1640625,0
110.04999999999589,0.05358747288163475,0.0625,0
110.09999999999589,0.05774904304538748,0.15625,0
110.14999999999588,0.024817983987071652,0.0546875,0
110.19999999999588,0.07327333283386797,0.0625,0
110.24999999999588,0.12086127209996606,0.09765625,0
110.29999999999588,0.08317253641197851,0.109375,0
110.34999999999587,0.07850637943005567,0.16015625,0
110.39999999999587,0.046228465523410756,0.16015625,0
110.44999999999587,0.055568276335430065,0.0546875,0
110.49999999999586,0.05928355887058587,0.0546875,0
110.54999999999586,0.013899785386795788,0.0546875,0
110.59999999999586,0.007921275868331855,0.10546875,0
110.64999999999586,0.007791281967154774,0.05859375,0
110.69999999999585,0.0006034903033235818,0.0625,0
110.74999999999585,0.017870967944363467,0.0625,0
110.79999999999585,0.05596720322686657,0.0546875,0
110.84999999999584,0.07186196587906639,0.0625,0
110.89999999999584,0.03744389430678977,0.16015625,0
110.94999999999584,0.007111559552238457,0.10546875,0
110.99999999999584,0.08014833704090568,0.109375,0
111.04999999999583,0.30687618993467125,0.125,0
111.09999999999583,0.2823589781774739,0.1171875,0
111.14999999999583,0.2947044405498997,0.3203125,0
111.19999999999582,0.2709852710218885,0.11328125,0
111.24999999999582,0.24099820181558612,0.12109375,0
111.29999999999582,0.2155311672767605,0.17578125,0
111.34999999999582,0.20974284509346589,0.109375,0
111.39999999999581,0.19953960665520323,0.0703125,0
111.44999999999581,0.16897562719925446,0.078125,0
111.49999999999581,0.15943372375757092,0.06640625,0
111.5499999999958,0.1383685456612167,0.02734375,0
111.5999999999958,0.16199082957934266,0.09765625,0
111.6499999999958,0.18876575869361317,0.0234375,0
111.6999999999958,0.17313629893094526,0.1328125,0
111.7499999999958,0.12545371209802483,0.26953125,0
111.79999999999579,0.14582725039936817,0.0390625,0
111.84999999999579,0.16660819544007807,0.01953125,0
111.89999999999579,0.09625866701850146,0.01953125,0
111.94999999999578,0.0967439446587839,0.0703125,0
111.99999999999578,0.09169354657103687,0.01953125,0
112.04999999999578,0.07577040503092988,0.21875,0
112.09999999999577,0.06672903837443751,0.01953125,0
112.14999999999577,0.12349152657124852,0.0625,0
112.19999999999577,0.0905786583156371,0.015625,0
112.24999999999577,0.08596186542464629,0.07421875,0
112.29999999999576,0.09885205285535804,0.015625,0
112.34999999999576,0.10052940043164807,0.015625,0
112.39999999999576,0.08146431630907125,0.0703125,0
112.44999999999575,0.05986496167303522,0.0625,0
112.49999999999575,0.09559729047791182,0.06640625,0
112.54999999999575,0.11380616008372187,0.0234375,0
112.59999999999575,0.10126130711157451,0.02734375,0
112.64999999999574,0.06679884430207078,0.015625,0
112.69999999999574,0.045888958922367475,0.01953125,0
112.74999999999574,0.04056566529882438,0.12109375,0
112.79999999999573,0.0626637070163829,0.015625,0
112.84999999999573,0.0738659287934147,0.06640625,0
112.89999999999573,0.01593016470442906,0.01953125,0
112.94999999999573,0.04553880954709361,0.0703125,0
112.99999999999572,0.02950233270235856,0.125,0
113.04999999999572,0.6310808956028803,0.125,0
113.09999999999572,0.6056095818437008,0.0625,0
113.14999999999571,0.5726679505273145,0.06640625,0
113.19999999999571,0.5337614707802053,0.0078125,0
113.24999999999571,0.5006064338102834,0.0078125,0
113.2999999999957,0.47583683502404717,0.01171875,0
113.3499999999957,0.4458712484246492,0.0625,0
113.3999999999957,0.4227565896514107,0.0625,0
113.4499999999957,0.4234656654637798,0.0078125,0
113.4999999999957,0.41758285265687556,0.01171875,0
113.54999999999569,0.41160334833300727,0.07421875,0
113.59999999999569,0.42643146924041075,0.0703125,0
113.64999999999569,0.4227820326913012,0.1171875,0
113.69999999999568,0.4314020984216508,0.0078125,0
113.74999999999568,0.42469447524327897,0.01171875,0
113.79999999999568,0.4376682381398101,0.0625,0
113.84999999999567,0.43459028908702907,0.01171875,0
113.89999999999567,0.45503793031518436,0.0625,0
113.94999999999567,0.45464188591167626,0.06640625,0
113.99999999999567,0.4151723880918957,0.01953125,0
114.04999999999566,0.44095611080307284,0.21875,0
114.09999999999566,0.43319397046415564,0.06640625,0
114.14999999999566,0.41148669291053913,0.0703125,0
114.19999999999565,0.3913490229204059,0.0625,0
114.24999999999565,0.3764667555365733,0.01953125,0
114.29999999999565,0.33749988785512036,0.1640625,0
114.34999999999565,0.3637631041897338,0.01171875,0
114.39999999999564,0.34500165529549315,0.06640625,0
114.44999999999564,0.34582291290116157,0.06640625,0
114.49999999999564,0.3368917912230037,0.0703125,0
114.54999999999563,0.29957710699398943,0.1171875,0
114.59999999999563,0.2738998369469833,0.0703125,0
114.64999999999563,0.23872192282961052,0.0078125,0
114.69999999999563,0.19360268641751255,0.07421875,0
114.74999999999562,0.14742405134284045,0.0625,0
114.79999999999562,0.13232425741853537,0.125,0
114.84999999999562,0.20039351286165297,0.1171875,0
114.89999999999561,0.1643958687977234,0.015625,0
114.94999999999561,0.0865899794389049,0.01171875,0
114.99999999999561,0.0879794296219919,0.0703125,0
115.0499999999956,0.09027467797775439,0.0625,0
115.0999999999956,0.09027467797775439,0.1171875,0
115.1499999999956,0.09658788838384227,0.0546875,0
115.1999999999956,0.13918063432335803,0.1640625,0
115.2499999999956,0.9999999082611376,0.01953125,0
115.29999999999559,0.05416726073192926,0.1171875,0
115.34999999999559,0.12093262574541665,0.06640625,0
115.39999999999559,0.038868603423734466,0.11328125,0
115.44999999999558,0.032406548427244324,0.12109375,0
115.49999999999558,0.11809864361711407,0.109375,0
115.54999999999558,0.10503702656576576,0.01171875,0
115.59999999999557,0.007386393712193618,0.01171875,0
115.64999999999557,0.04874005265473882,0.1171875,0
115.69999999999557,0.13081175005614123,0.0625,0
115.74999999999557,0.0262380232180308,0.02734375,0
115.79999999999556,0.007386393712192956,0.01953125,0
115.84999999999556,0.0271817739577273,0.015625,0
115.89999999999556,0.06032067970786034,0.21484375,0
115.94999999999555,0.13095659067161788,0.015625,0
115.99999999999555,0.02564447439581039,0.06640625,0
116.04999999999555,0.999999982467144,0.1875,0
116.09999999999555,0.999999981059928,0.140625,0
116.14999999999554,0.9999999794959437,0.12890625,0
116.19999999999554,0.6317687220683574,0.0859375,0
116.24999999999554,0.6309002486313184,0.02734375,0
116.29999999999553,0.6284426117410249,0.02734375,0
116.34999999999553,0.6127325233300867,0.08203125,0
116.39999999999553,0.9999999876552944,0.078125,0
116.44999999999553,0.6022301854598865,0.02734375,0
116.49999999999552,0.999999984315668,0.02734375,0
116.54999999999552,0.5960609620142678,0.03125,0
116.59999999999552,0.5799968179969018,0.03125,0
116.64999999999552,0.5720545080480781,0.02734375,0
116.69999999999551,0.5595767783659741,0.02734375,0
116.74999999999551,0.5516859128487283,0.02734375,0
116.7999999999955,0.5516090619187369,0.078125,0
116.8499999999955,0.539884916759023,0.03125,0
116.8999999999955,0.5374248198140127,0.078125,0
116.9499999999955,0.5161472088404679,0.03125,0
116.9999999999955,0.5037247060172048,0.1328125,0
117.04999999999549,0.9999999797947269,0.10546875,0
117.09999999999549,0.9999999808638457,0.140625,0
117.14999999999549,0.4911186856936354,0.140625,0
117.19999999999548,0.47951124339999446,0.1875,0
117.24999999999548,0.46480322556819803,0.09375,0
117.29999999999548,0.4481927603711027,0.0546875,0
117.34999999999548,0.8388023239748966,0.140625,0
117.39999999999547,0.4195330999065648,0.05078125,0
117.44999999999547,0.3688129599112718,0.08984375,0
117.49999999999547,0.3670135261914308,0.09765625,0
117.54999999999546,0.3509051550139155,0.046875,0
117.59999999999546,0.333669926960787,0.1484375,0
117.64999999999546,0.30740875972458803,0.140625,0
117.69999999999546,0.3375801959254641,0.046875,0
117.74999999999545,0.9999999999999197,0.046875,0
117.79999999999545,0.9999999999999102,0.05078125,0
117.84999999999545,0.9999999452662474,0.09375,0
117.89999999999544,0.9999999353942833,0.19140625,0
117.94999999999544,0.9999999126195828,0.140625,0
117.99999999999544,0.9999999370050989,0.05078125,0
118.04999999999544,0.23056002095587216,0.09765625,0
118.09999999999543,0.9999998801254648,0.09765625,0
118.14999999999543,0.9999999999996958,0.0546875,0
118.19999999999543,0.9999999999997453,0.09765625,0
118.24999999999542,0.9999999999996547,0.046875,0
118.29999999999542,0.9999999999996473,0.14453125,0
118.34999999999542,0.07790505876654964,0.09765625,0
118.39999999999542,0.9999999999995228,0.09765625,0
118.44999999999541,0.136314972216684,0.09765625,0
118.49999999999541,0.17667444003234106,0.08984375,0
118.5499999999954,0.1111155840580258,0.09375,0
118.5999999999954,0.9999996620001154,0.0546875,0
118.6499999999954,0.9999996617201651,0.046875,0
118.6999999999954,0.9999994771138021,0.09765625,0
118.7499999999954,0.999999715325061,0.13671875,0
118.79999999999539,0.06929207269505354,0.0546875,0
118.84999999999539,0.1762128292076724,0.09765625,0
118.89999999999539,0.1514413542809928,0.09765625,0
118.94999999999538,0.16662104073313044,0.09765625,0
118.99999999999538,0.1490906191077589,0.05078125,0
119.04999999999538,0.12015310805131775,0.09375,0
119.09999999999538,0.15075924038529293,0.09375,0
119.14999999999537,0.12649302822685712,0.09375,0
119.19999999999537,0.0311811177324831,0.09375,0
119.24999999999537,0.9999999999994903,0.09765625,0
119.29999999999536,0.9999999999998436,0.10546875,0
119.34999999999536,0.9999992040020526,0.09375,0
119.39999999999536,0.13169859170202985,0.07421875,0
119.44999999999536,0.9999999999999563,0.05078125,0
119.49999999999535,0.9999999999994493,0.140625,0
119.54999999999535,0.16821950207124842,0.14453125,0
119.59999999999535,0.09538026773712718,0.09375,0
119.64999999999534,0.10394525307578364,0.046875,0
119.69999999999534,0.10394788820896798,0.046875,0
119.74999999999534,0.9999999999998913,0.0859375,0
119.79999999999534,0.9999999999996777,0.05078125,0
119.84999999999533,0.9999996112694062,0.14453125,0
119.89999999999533,0.9999999999997965,0.140625,0
119.94999999999533,0.18432187494963925,0.05078125,0
119.99999999999532,0.1859105343316481,0.046875,0
120.04999999999532,0.6940294738767536,0.1015625,0
120.09999999999532,0.6849720176370431,0.10546875,0
120.14999999999532,0.9999999999999907,0.109375,0
120.19999999999531,0.9999999999999905,0.2890625,0
120.24999999999531,0.6611796936340412,0.1171875,0
120.29999999999531,0.999999989130387,0.1015625,1
120.3499999999953,0.9999999888206448,0.15234375,1
120.3999999999953,0.9999999890809781,0.15234375,1
120.4499999999953,0.671494206935326,0.14453125,1
120.4999999999953,0.7143253264873621,0.140625,1
120.5499999999953,0.9999999999999756,0.09765625,1
120.59999999999529,0.9999999999999742,0.19921875,1
120.64999999999529,0.9999999847954493,0.19921875,1
120.69999999999528,0.9999999842273065,0.19921875,1
120.74999999999528,0.6090813085329614,0.19921875,1
120.79999999999528,0.5831526409918265,0.19921875,1
120.84999999999528,0.9999999999999609,0.19921875,1
120.89999999999527,0.99999999999996,0.19921875,1
120.94999999999527,0.9999999766523967,0.1875,0
120.99999999999527,0.533843768849504,0.03515625,0
121.04999999999526,0.7579509684609026,0.140625,0
121.09999999999526,0.7605128841143822,0.75,0
121.14999999999526,0.7486719247619639,0.7578125,0
121.19999999999526,0.7387588757810453,0.75390625,0
121.24999999999525,0.728615296007475,0.1484375,0
121.29999999999525,0.7407048971568531,0.19140625,0
121.34999999999525,0.9999999880050695,0.1875,0
121.39999999999525,0.999999987356858,0.1328125,0
121.44999999999524,0.7032924620907596,0.01953125,0
121.49999999999524,0.9999999880093701,0.0234375,0
121.54999999999524,0.6680655705151973,0.01953125,0
121.59999999999523,0.9999999874897548,0.02734375,0
121.64999999999523,0.9999999866429824,0.078125,0
121.69999999999523,0.9999999857497218,0.02734375,0
121.74999999999523,0.9999999848110901,0.0234375,0
121.79999999999522,0.5920656122435216,0.078125,0
121.84999999999522,0.6223294639681431,0.1875,0
121.89999999999522,0.9999999799090691,0.08203125,0
121.94999999999521,0.5487120149918663,0.13671875,0
121.99999999999521,0.5228059848909081,0.125,0
122.04999999999521,0.675010810673392,0.13671875,0
122.0999999999952,0.6745919143623998,0.125,0
122.1499999999952,0.6623081155187387,0.2421875,0
122.1999999999952,0.6465424865444575,0.12890625,0
122.2499999999952,0.6440314965111105,0.0703125,0
122.2999999999952,0.6255429944400803,0.0703125,0
122.34999999999519,0.6020781846119745,0.01953125,0
122.39999999999519,0.573289159364424,0.06640625,0
122.44999999999519,0.5547521820152965,0.02734375,0
122.49999999999518,0.5358550805668335,0.01953125,0
122.54999999999518,0.520974459005796,0.12890625,0
122.59999999999518,0.5215440498976837,0.0234375,0
122.64999999999517,0.49381074437964184,0.12890625,0
122.69999999999517,0.47280440780075894,0.07421875,0
122.74999999999517,0.47267385915081156,0.0234375,0
122.79999999999517,0.47449663639347117,0.12109375,0
122.84999999999516,0.44925102598891553,0.0703125,0
122.89999999999516,0.4603692404665503,0.01953125,0
122.94999999999516,0.4380029810926983,0.0703125,0
122.99999999999515,0.41310949404630304,0.0703125,0
123.04999999999515,0.4311571803040488,0.08203125,0
123.09999999999515,0.407273135827091,0.078125,0
123.14999999999515,0.3944821976267678,0.125,0
123.19999999999514,0.3817173914337235,0.03125,0
123.24999999999514,0.36100186404290263,0.02734375,0
123.29999999999514,0.34615600386202394,0.03125,0
123.34999999999513,0.3220433109203896,0.02734375,0
123.39999999999513,0.3429356174617173,0.078125,0
123.44999999999513,0.2904673685517833,0.1328125,0
123.49999999999513,0.16523670892539408,0.08203125,0
123.54999999999512,0.20439859045913852,0.078125,0
123.59999999999512,0.12638581375427396,0.03125,0
123.64999999999512,0.9999999385999421,0.08203125,0
123.69999999999511,0.04666180434638859,0.02734375,0
123.74999999999511,0.9999999403965607,0.03125,0
123.79999999999511,0.05296119359148099,0.02734375,0
123.8499999999951,0.01630382248735435,0.02734375,0
123.8999999999951,0.03828357229832296,0.08203125,0
123.9499999999951,0.0050602224205768985,0.078125,0
123.9999999999951,0.9999998493113392,0.08203125,0
124.0499999999951,0.0791469419726887,0.0859375,0
124.09999999999509,0.11695845281389534,0.22265625,0
124.14999999999509,0.9999999999997413,0.13671875,0
124.19999999999509,0.9999999999998697,0.12890625,0
124.24999999999508,0.9999999999997576,0.03515625,0
124.29999999999508,0.06910435660104641,0.03515625,0
124.34999999999508,0.9999999999993996,0.046875,0
124.39999999999507,0.9999999999993996,0.17578125,0
124.44999999999507,0.9999996620001147,0.0390625,0
124.49999999999507,0.1352607267435559,0.08203125,0
124.54999999999507,0.246537619632737,0.0859375,0
124.59999999999506,0.17082834097171323,0.12890625,0
124.64999999999506,0.09948913466643271,0.0390625,0
124.69999999999506,0.2490090826762754,0.08203125,0
124.74999999999505,0.9999999999997047,0.08984375,0
124.79999999999505,0.16669544683085472,0.03515625,0
124.84999999999505,0.13307921904663642,0.03515625,0
124.89999999999505,0.08828156585215566,0.03515625,0
124.94999999999504,0.082093392182607,0.0390625,0
124.99999999999504,0.06746855989110971,0.04296875,0
125.04999999999504,0.9999999999999669,0.19921875,0
125.09999999999503,0.999999999999964,0.15234375,0
125.14999999999503,0.1725800233920339,0.19140625,0
125.19999999999503,0.9999999521705462,0.12109375,0
125.24999999999503,0.9999999501246547,0.11328125,0
125.29999999999502,0.1532268089906497,0.08203125,0
125.34999999999502,0.14346566734368216,0.078125,0
125.39999999999502,0.03874054207568525,0.07421875,0
125.44999999999501,0.9999999999996152,0.15234375,0
125.49999999999501,0.9999999999996776,0.07421875,0
125.54999999999501,0.9999999999999345,0.078125,0
125.599999999995,0.3944304033206682,0.1171875,0
125.649999999995,0.39566711772142565,0.11328125,0
125.699999999995,0.3908432778026484,0.11328125,0
125.749999999995,0.37706338503480086,0.07421875,0
125.799999999995,0.35936848272799066,0.11328125,0
125.84999999999499,0.3372190858524053,0.078125,0
125.89999999999499,0.31058095817231257,0.07421875,0
125.94999999999499,0.2781415181039114,0.07421875,0
125.99999999999498,0.24720059472674447,0.078125,0
126.04999999999498,0.20998016056838795,0.07421875,0
126.09999999999498,0.169458721212853,0.07421875,0
126.14999999999498,0.13250205582086366,0.07421875,0
126.19999999999497,0.1111091976013974,0.07421875,0
126.24999999999497,0.09611537057657425,0.08203125,0
126.29999999999497,0.06982987622079716,0.07421875,0
126.34999999999496,0.06964500007571077,0.08203125,0
126.39999999999496,0.05523910885623699,0.1484375,0
126.44999999999496,0.047552641316146546,0.1171875,0
126.49999999999496,0.08783917599656317,0.1171875,0
126.54999999999495,0.0922783563293346,0.16015625,0
126.59999999999495,0.10127837595721342,0.078125,0
126.64999999999495,0.1083340558944346,0.07421875,0
126.69999999999494,0.07363411658827111,0.07421875,0
126.74999999999494,0.04720260972095119,0.15234375,0
126.79999999999494,0.036301361888392725,0.07421875,0
126.84999999999494,0.07311191590556494,0.07421875,0
126.89999999999493,0.047517913916378565,0.109375,0
126.94999999999493,0.026086446322467725,0.0859375,0
126.99999999999493,0.028092811169224144,0.078125,0
127.04999999999492,0.25529242327055507,0.15625,0
127.09999999999492,0.24270954026713412,0.11328125,0
127.14999999999492,0.2372942892110726,0.109375,0
127.19999999999492,0.23207558417008065,0.0703125,0
127.24999999999491,0.2197963188271174,0.109375,0
127.29999999999491,0.20987922435174977,0.06640625,0
127.3499999999949,0.1966573806332236,0.15625,0
127.3999999999949,0.20690892659601948,0.109375,0
127.4499999999949,0.2027277851675125,0.06640625,0
127.4999999999949,0.1759638559982712,0.0703125,0
127.5499999999949,0.17328531927465543,0.109375,0
127.59999999999489,0.17795352536347853,0.0703125,0
127.64999999999489,0.1875508449968824,0.109375,0
127.69999999999489,0.18998385340524446,0.07421875,0
127.74999999999488,0.17785698024895458,0.11328125,0
127.79999999999488,0.17628989086187288,0.109375,0
127.84999999999488,0.17151748884495227,0.109375,0
127.89999999999488,0.15795306982958202,0.109375,0
127.94999999999487,0.12544701441334227,0.0703125,0
127.99999999999487,0.11568585149020967,0.11328125,0
128.04999999999487,0.2959733194135549,0.21484375,0
128.09999999999488,0.297200458784387,0.16796875,0
128.1499999999949,0.2892466672334988,0.1640625,0
128.1999999999949,0.27787951666867594,0.0859375,0
128.2499999999949,0.26690440822977707,0.078125,0
128.29999999999492,0.2439559583221363,0.0859375,0
128.34999999999494,0.2262656124817445,0.12109375,0
128.39999999999495,0.2344957642495616,0.078125,0
128.44999999999496,0.22254969554170195,0.08203125,0
128.49999999999497,0.21791321554114498,0.125,0
128.54999999999498,0.20842200250743265,0.078125,0
128.599999999995,0.19231341040756872,0.12109375,0
128.649999999995,0.1865952510083145,0.078125,0
128.69999999999501,0.18569413047993785,0.08203125,0
128.74999999999503,0.1716944128021187,0.1171875,0
128.79999999999504,0.16180574673748932,0.1640625,0
128.84999999999505,0.15611520765060222,0.08203125,0
128.89999999999506,0.12775971471754055,0.16796875,0
128.94999999999507,0.14754231035316234,0.125,0
128.99999999999508,0.137105249566038,0.078125,0
129.0499999999951,0.4398628237129218,0.12109375,0
129.0999999999951,0.4312695408532828,0.15625,0
129.14999999999512,0.42218135154866254,0.15625,0
129.19999999999513,0.42668840357344906,0.1171875,0
129.24999999999514,0.40716313063817056,0.109375,0
129.29999999999515,0.40059894374739635,0.109375,0
129.34999999999516,0.4046801991900515,0.109375,0
129.39999999999517,0.4019820690603618,0.15625,0
129.44999999999519,0.3909266432866011,0.0625,0
129.4999999999952,0.3769966493188435,0.078125,0
129.5499999999952,0.3734505034938159,0.1640625,0
129.59999999999522,0.3695170151074698,0.07421875,0
129.64999999999523,0.357895350254544,0.11328125,0
129.69999999999524,0.3576688121410364,0.0625,0
129.74999999999525,0.3558936227349827,0.06640625,0
129.79999999999526,0.34473829274475326,0.0625,0
129.84999999999528,0.3283594345064385,0.109375,0
129.8999999999953,0.3292730028155373,0.0625,0
129.9499999999953,0.3153900504440166,0.0625,0
129.9999999999953,0.30449288021895393,0.0703125,0
130.04999999999532,0.5689113756806736,0.140625,0
130.09999999999533,0.5700638592659738,0.19140625,0
130.14999999999534,0.565443023472608,0.1328125,0
130.19999999999536,0.5601734346486376,0.02734375,0
130.24999999999537,0.5505808213942208,0.03125,0
130.29999999999538,0.5402459565107178,0.03515625,0
130.3499999999954,0.5325992549071099,0.02734375,0
130.3999999999954,0.5307315396616538,0.078125,0
130.4499999999954,0.5281126467341729,0.02734375,0
130.49999999999542,0.517379212352853,0.0234375,0
130.54999999999544,0.5058683079728872,0.03125,0
130.59999999999545,0.4974505811597706,0.13671875,0
130.64999999999546,0.4927515388140656,0.19140625,0
130.69999999999547,0.48494266392320373,0.03515625,0
130.74999999999548,0.4770688078066581,0.08203125,0
130.7999999999955,0.46782658623338536,0.02734375,0
130.8499999999955,0.45776775949161774,0.08203125,0
130.89999999999552,0.4459968809695033,0.1328125,0
130.94999999999553,0.43547292378217684,0.03515625,0
130.99999999999554,0.41885976940201747,0.02734375,0
131.04999999999555,0.40067880446226656,0.12890625,0
131.09999999999556,0.39756165155970924,0.07421875,0
131.14999999999557,0.3893049211678334,0.12109375,0
131.19999999999558,0.37752785320801596,0.07421875,0
131.2499999999956,0.3537717635198603,0.0234375,0
131.2999999999956,0.33173016950592527,0.0234375,0
131.34999999999562,0.3241455158790164,0.078125,0
131.39999999999563,0.3131962782240466,0.1796875,0
131.44999999999564,0.30896596248032815,0.0234375,0
131.49999999999565,0.3110249722937708,0.03125,0
131.54999999999566,0.28557249104800775,0.12890625,0
131.59999999999567,0.26571835465209565,0.0234375,0
131.64999999999569,0.2524517886740603,0.07421875,0
131.6999999999957,0.2409162597893906,0.02734375,0
131.7499999999957,0.2158552330486902,0.078125,0
131.79999999999572,0.201709247514083,0.03125,0
131.84999999999573,0.17665757675619387,0.02734375,0
131.89999999999574,0.16827970151659402,0.02734375,0
131.94999999999575,0.1553106687887046,0.07421875,0
131.99999999999577,0.1550061584865173,0.0234375,0
132.04999999999578,0.12239439796555744,0.03125,0
132.0999999999958,0.10369157131270541,0.02734375,0
132.1499999999958,0.0871178533822701,0.08203125,0
132.1999999999958,0.08139304938171091,0.07421875,0
132.24999999999582,0.09043214739588498,0.07421875,0
132.29999999999583,0.10404792777507452,0.078125,0
132.34999999999584,0.09710901360480745,0.02734375,0
132.39999999999586,0.08655206303906603,0.07421875,0
132.44999999999587,0.09841015749559642,0.02734375,0
132.49999999999588,0.07354298901148439,0.1171875,0
132.5499999999959,0.06243299840524023,0.1328125,0
132.5999999999959,0.07352306173998534,0.03125,0
132.6499999999959,0.05754207922537236,0.1328125,0
132.69999999999592,0.07947553422236026,0.078125,0
132.74999999999594,0.07580322969583615,0.12890625,0
132.79999999999595,0.06305668002968792,0.08203125,0
132.84999999999596,0.08696310530783193,0.12109375,0
132.89999999999597,0.09001524608097129,0.07421875,0
132.94999999999598,0.07600442922617837,0.02734375,0
132.999999999996,0.05683934154572,0.0703125,0
133.049999999996,0.11826081982749516,0.15625,0
133.09999999999602,0.11728691291151234,0.1484375,0
133.14999999999603,0.12052784222667966,0.2265625,0
133.19999999999604,0.11064813329882389,0.06640625,0
133.24999999999605,0.1175855372814276,0.15625,0
133.29999999999606,0.09021892178033872,0.14453125,0
133.34999999999607,0.09386441313119538,0.15234375,0
133.39999999999608,0.10621126625747628,0.109375,0
133.4499999999961,0.06949074230978791,0.10546875,0
133.4999999999961,0.06963234638048084,0.0625,0
133.54999999999612,0.09163709017597804,0.0625,0
133.59999999999613,0.10220206944535325,0.10546875,0
133.64999999999614,0.08464012209898672,0.0625,0
133.69999999999615,0.07148326353719474,0.1484375,0
133.74999999999616,0.033597740361342186,0.0625,0
133.79999999999617,0.022163025401239256,0.06640625,0
133.8499999999962,0.011799973508740024,0.0703125,0
133.8999999999962,0.007064272177029755,0.0625,0
133.9499999999962,0.007064272177029755,0.07421875,0
133.99999999999622,0.031649926807969436,0.10546875,0
134.04999999999623,0.013548669711252258,0.06640625,0
134.09999999999624,0.06901978694420187,0.1953125,0
134.14999999999625,0.02128592539255009,0.0625,0
134.19999999999627,0.01815886654876621,0.06640625,0
134.24999999999628,0.06251459936441764,0.06640625,0
134.2999999999963,0.09294138349843506,0.1484375,0
134.3499999999963,0.06844547370620072,0.109375,0
134.3999999999963,0.08527964313479779,0.109375,0
134.44999999999632,0.04921541528246082,0.10546875,0
134.49999999999633,0.05951475077442175,0.10546875,0
134.54999999999634,0.08323631879160369,0.06640625,0
134.59999999999636,0.08767664494278152,0.109375,0
134.64999999999637,0.09378096576542734,0.109375,0
134.69999999999638,0.0836636684261089,0.11328125,0
134.7499999999964,0.07676224632150709,0.109375,0
134.7999999999964,0.09693719173899996,0.078125,0
134.8499999999964,0.0997652475132971,0.0625,0
134.89999999999642,0.08794122351041637,0.109375,0
134.94999999999644,0.06638323603183022,0.19140625,0
134.99999999999645,0.06998021455080194,0.06640625,0
135.04999999999646,0.07124412669108855,0.1484375,0
135.09999999999647,0.058679271539137656,0.06640625,0
135.14999999999648,0.04874320816837776,0.0625,0
135.1999999999965,0.03480363936787085,0.0625,0
135.2499999999965,0.018736415910668432,0.10546875,0
135.29999999999652,0.010972767385065018,0.0625,0
135.34999999999653,0.005447406642419802,0.0625,0
135.39999999999654,0.0054345116200790935,0.06640625,0
135.44999999999655,0.005337818602541565,0.0703125,0
135.49999999999656,0.021996736301703627,0.10546875,0
135.54999999999657,0.05750866617577892,0.078125,0
135.59999999999658,0.07651599239553172,0.0625,0
135.6499999999966,0.05313928370197293,0.06640625,0
135.6999999999966,0.03440125749211778,0.109375,0
135.74999999999662,0.038555896523666935,0.109375,0
135.79999999999663,0.05198518772372134,0.10546875,0
135.84999999999664,0.060529616310032015,0.10546875,0
135.89999999999665,0.07376197406768785,0.109375,0
135.94999999999666,0.05552867132980333,0.1015625,0
135.99999999999667,0.044259658037998514,0.0625,0
136.0499999999967,0.33067639222899164,0.28515625,0
136.0999999999967,0.3107470287582417,0.28515625,0
136.1499999999967,0.2899664930204103,0.28515625,0
136.19999999999672,0.27292826847189017,0.28515625,0
136.24999999999673,0.2554306681254226,0.28515625,1
136.29999999999674,0.2374272181198992,0.28515625,1
136.34999999999675,0.21876278836012933,0.28515625,1
136.39999999999677,0.20619492410318993,0.28515625,1
136.44999999999678,0.18340776813303453,0.28515625,1
136.4999999999968,0.17880878154339497,0.28515625,1
136.5499999999968,0.17873462446748106,0.28515625,1
136.5999999999968,0.17831449314520323,0.28515625,1
136.64999999999682,0.17283030887085965,0.28515625,1
136.69999999999683,0.16717485706083804,0.28515625,1
136.74999999999685,0.16717485706083804,0.28515625,1
136.79999999999686,0.16717485706083804,0.28515625,1
136.84999999999687,0.16717485706083807,0.28515625,1
136.89999999999688,0.16717485706083804,0.28515625,1
136.9499999999969,0.16717485706083798,0.28515625,1
136.9999999999969,0.16717485706083804,0.28515625,1
137.0499999999969,0.19515570187085196,0.33203125,1
137.09999999999692,0.19515570187085196,0.33203125,1
137.14999999999694,0.19515570187085196,0.33203125,1
137.19999999999695,0.19515570187085196,0.33203125,1
137.24999999999696,0.19515570187085188,0.33203125,1
137.29999999999697,0.19515570187085202,0.33203125,1
137.34999999999698,0.1951557018708519,0.33203125,1
137.399999999997,0.19515570187085202,0.33203125,1
137.449999999997,0.19515570187085202,0.33203125,1
137.49999999999702,0.19515570187085202,0.33203125,1
137.54999999999703,0.19515570187085196,0.33203125,1
137.59999999999704,0.19515570187085196,0.33203125,1
137.64999999999705,0.19515570187085202,0.33203125,1
137.69999999999706,0.19515570187085196,0.33203125,1
137.74999999999707,0.19515570187085196,0.33203125,1
137.79999999999708,0.19515570187085196,0.33203125,1
137.8499999999971,0.19515570187085196,0.33203125,1
137.8999999999971,0.19515570187085196,0.33203125,1
137.94999999999712,0.19515570187085196,0.33203125,1
137.99999999999713,0.19515570187085196,0.33203125,1
138.04999999999714,0.2711146329581014,0.46484375,1
138.09999999999715,0.2622551637046187,0.46484375,1
138.14999999999716,0.6189848719829083,0.46484375,1
138.19999999999717,0.5988627542845103,0.46484375,1
138.2499999999972,0.5811668009614985,0.46484375,1
138.2999999999972,0.5603522437545557,0.46484375,1
138.3499999999972,0.5517377050155666,0.46484375,1
138.39999999999722,0.5411579870675977,0.46484375,1
138.44999999999723,0.5376219284646359,0.46484375,1
138.49999999999724,0.5287198484669625,0.46484375,1
138.54999999999725,0.541020361270867,0.46484375,1
138.59999999999727,0.5442044510582628,0.46484375,1
138.64999999999728,0.5447406912395184,0.46484375,0
138.6999999999973,0.546470883966124,0.48828125,0
138.7499999999973,0.5498228037292772,0.640625,0
138.7999999999973,0.5648283833779387,0.6015625,0
138.84999999999732,0.5505997551543497,0.125,0
138.89999999999733,0.5586312872064583,0.125,0
138.94999999999735,0.5377428558058566,0.17578125,0
138.99999999999736,0.526551297347038,0.1328125,0
139.04999999999737,0.492741525759768,0.12890625,0
139.09999999999738,0.531534739511312,0.125,0
139.1499999999974,0.4350244799417353,0.1640625,0
139.1999999999974,0.36715968422226164,0.125,0
139.2499999999974,0.3416440018739151,0.1328125,0
139.29999999999742,0.33628748818328275,0.16796875,0
139.34999999999744,0.3538564551170237,0.125,0
139.39999999999745,0.298259297023534,0.12890625,0
139.44999999999746,0.2697749965585113,0.16796875,0
139.49999999999747,0.2123578970022271,0.125,0
139.54999999999748,0.1949510282618052,0.12890625,0
139.5999999999975,0.18532609577866457,0.125,0
139.6499999999975,0.14115322100375044,0.16796875,0
139.69999999999752,0.2073356352598856,0.12890625,0
139.74999999999753,0.16814089477634522,0.12890625,0
139.79999999999754,0.169371274960383,0.1328125,0
139.84999999999755,0.12280772796830353,0.1640625,0
139.89999999999756,0.11886872885074513,0.125,0
139.94999999999757,0.038414256747573754,0.171875,0
139.99999999999758,0.9999999613513565,0.16796875,0
140.0499999999976,0.9999999581431317,0.1328125,0
140.0999999999976,0.10415847908661256,0.125,0
140.14999999999762,0.030894537647102538,0.25390625,0
140.19999999999763,0.01665709846402901,0.3046875,0
140.24999999999764,0.08236946444963472,0.25390625,0
140.29999999999765,0.17669305600168342,0.171875,0
140.34999999999766,0.9999994617202601,0.125,0
140.39999999999768,0.07291392452212261,0.125,0
140.4499999999977,0.04368772904685995,0.12890625,0
140.4999999999977,0.05830004391482626,0.171875,0
140.5499999999977,0.06593633966488517,0.171875,0
140.59999999999772,0.1081028262884965,0.21484375,0
140.64999999999773,0.17374330124353612,0.125,0
140.69999999999774,0.06670597891089758,0.1328125,0
140.74999999999775,0.05007307697845229,0.12890625,0
140.79999999999777,0.007562748409334401,0.17578125,0
140.84999999999778,0.999999768714887,0.16796875,0
140.8999999999978,0.9999997492958043,0.21875,0
140.9499999999978,0.17153172865628194,0.171875,0
140.9999999999978,0.1486117454567019,0.2578125,0
141.04999999999782,0.7586427291216347,0.2734375,0
141.09999999999783,0.767810227966782,0.296875,0
141.14999999999785,0.7528342049259897,0.24609375,0
141.19999999999786,0.7445650451080696,0.05078125,0
141.24999999999787,0.7374625162504681,0.1953125,0
141.29999999999788,0.7458179490269311,0.04296875,0
141.3499999999979,0.7253917052114328,0.09375,0
141.3999999999979,0.7386138807906056,0.046875,0
141.4499999999979,0.7132704624613371,0.04296875,0
141.49999999999793,0.7063385609811175,0.09375,0
141.54999999999794,0.999999993730788,0.09375,0
141.59999999999795,0.9999999934173351,0.046875,0
141.64999999999796,0.6913710995025107,0.046875,0
141.69999999999797,0.6912468969672441,0.09375,0
141.74999999999798,0.9999999928622594,0.09375,0
141.799999999998,0.6534452618415302,0.04296875,0
141.849999999998,0.6500132101558023,0.1015625,0
141.89999999999802,0.6337129271236974,0.046875,0
141.94999999999803,0.62181523289257,0.046875,0
141.99999999999804,0.6163020447606928,0.04296875,0
142.04999999999805,0.7660399536178676,0.23828125,0
142.09999999999806,0.7642501172394036,0.2421875,0
142.14999999999807,0.7587520882070541,0.19921875,0
142.19999999999808,0.7484224321756788,0.16015625,0
142.2499999999981,0.7697251898125897,0.11328125,0
142.2999999999981,0.7302018352290348,0.16015625,1
142.34999999999812,0.7221165957039372,0.09765625,1
142.39999999999813,0.7186526904228047,0.109375,1
142.44999999999814,0.708322581022624,0.09375,1
142.49999999999815,0.9999999930924058,0.046875,1
142.54999999999816,0.9999999927060348,0.0625,1
142.59999999999818,0.9999999924372958,0.05078125,1
142.6499999999982,0.9999999918103238,0.05078125,1
142.6999999999982,0.999999999999985,0.14453125,1
142.7499999999982,0.9999999999999845,0.09765625,1
142.79999999999822,0.6194522346685528,0.05078125,1
142.84999999999823,0.6102093370762145,0.1484375,1
142.89999999999824,0.5802006151641512,0.05078125,1
142.94999999999825,0.5597884393051668,0.0625,1
142.99999999999827,0.5273729625643352,0.0546875,1
143.04999999999828,0.5274610493691244,0.17578125,1
143.0999999999983,0.5113334348333232,0.20703125,1
143.1499999999983,0.9999999902172304,0.10546875,1
143.1999999999983,0.9999999999999819,0.08984375,1
143.24999999999832,0.46212561304655964,0.08984375,1
143.29999999999833,0.9999999841038483,0.20703125,1
143.34999999999835,0.9999999824047506,0.09765625,1
143.39999999999836,0.39859989174644017,0.09375,1
143.44999999999837,0.45764829364839166,0.08984375,1
143.49999999999838,0.9999999999999621,0.1640625,1
143.5499999999984,0.37235220310267114,0.12890625,1
143.5999999999984,0.3345713064341249,0.09375,1
143.6499999999984,0.4801922805209134,0.16796875,1
143.69999999999843,0.9999999999999465,0.08984375,1
143.74999999999844,0.9999999999999725,0.12890625,1
143.79999999999845,0.2778102835198059,0.08984375,1
143.84999999999846,0.9999999605623561,0.1328125,1
143.89999999999847,0.9999999999999581,0.12890625,1
143.94999999999848,0.9999999447059035,0.08984375,1
143.9999999999985,0.18464036518378846,0.09765625,1
144.0499999999985,0.1556995974557095,0.08984375,1
144.09999999999852,0.14813695037254523,0.08984375,1
144.14999999999853,0.14212168354978402,0.09375,1
144.19999999999854,0.08491032053841206,0.08984375,1
144.24999999999855,0.999999999999865,0.09765625,1
144.29999999999856,0.9999999999999006,0.09375,1
144.34999999999857,0.9999999999996906,0.09375,1
144.39999999999858,0.9999999999994228,0.12890625,1
144.4499999999986,0.2705439425087824,0.12890625,1
144.4999999999986,0.20028109259809834,0.1328125,1
144.54999999999862,0.9999999999999685,0.1328125,1
144.59999999999863,0.9999999999998619,0.09375,1
144.64999999999864,0.08172712185908894,0.08984375,1
144.69999999999865,0.9999999999990454,0.08984375,1
144.74999999999866,0.9999999999995701,0.12890625,1
144.79999999999868,0.9999999999995697,0.08984375,1
144.8499999999987,0.9999999999998791,0.1015625,1
144.8999999999987,0.9999999999997851,0.09765625,1
144.9499999999987,0.06606711429226318,0.08984375,1
144.99999999999872,0.1582629425756473,0.1796875,1
145.04999999999873,0.9999998592128683,0.19140625,1
145.09999999999874,0.9999998148784683,0.15234375,1
145.14999999999876,0.11808631889486464,0.1484375,1
145.19999999999877,0.09191253117483011,0.11328125,1
145.24999999999878,0.05802426781277179,0.1484375,1
145.2999999999988,0.027612065213816657,0.18359375,1
145.3499999999988,0.0035253687460280706,0.11328125,1
145.3999999999988,0.02687008289306948,0.12890625,1
145.44999999999882,0.02687008289306948,0.1484375,1
145.49999999999883,0.026456854079042788,0.11328125,1
145.54999999999885,0.018717791247229783,0.12109375,1
145.59999999999886,0.11451965254667694,0.11328125,1
145.64999999999887,0.05524211289296906,0.12109375,1
145.69999999999888,0.999999999999866,0.1875,1
145.7499999999989,0.041854629111623444,0.1484375,1
145.7999999999989,0.055423521527216434,0.21875,1
145.84999999999891,0.038097564447759996,0.15625,1
145.89999999999893,0.999999933619919,0.1171875,1
145.94999999999894,0.024116201582504347,0.11328125,1
145.99999999999895,0.16202884184214633,0.1484375,1
146.04999999999896,0.9999999999999912,0.26953125,1
146.09999999999897,0.6637060299292108,0.23046875,1
146.14999999999898,0.6340619324814166,0.26953125,1
146.199999999999,0.6209596115684306,0.234375,1
146.249999999999,0.608783508816516,0.2109375,1
146.29999999999902,0.6264766959989853,0.2890625,1
146.34999999999903,0.5961441284396166,0.25390625,1
146.39999999999904,0.5864641273477998,0.27734375,0
146.44999999999905,0.5976429171928501,0.44140625,0
146.49999999999906,0.5701813333000743,0.4140625,1
146.54999999999907,0.5519541389440418,0.41796875,1
146.59999999999908,0.5379442485385296,0.21875,1
146.6499999999991,0.5219258465717723,0.25,1
146.6999999999991,0.5036715269104445,0.20703125,1
146.74999999999912,0.49563582012581914,0.13671875,1
146.79999999999913,0.4732112647364961,0.171875,1
146.84999999999914,0.46039597782813885,0.13671875,1
146.89999999999915,0.4129688792350279,0.13671875,1
146.94999999999916,0.3577139667301183,0.13671875,1
146.99999999999918,0.3288979557173742,0.140625,1
147.0499999999992,0.8044748639176293,0.203125,1
147.0999999999992,0.7956507189634274,0.19140625,1
147.1499999999992,0.8047345239319946,0.1953125,1
147.19999999999922,0.9999999951043367,0.109375,1
147.24999999999923,0.7669197822138747,0.1484375,1
147.29999999999924,0.7546460198932734,0.109375,1
147.34999999999926,0.9999999944999522,0.14453125,1
147.39999999999927,0.7274619238818852,0.10546875,1
147.44999999999928,0.7140653414789414,0.15234375,1
147.4999999999993,0.7065567668297292,0.15625,1
147.5499999999993,0.6983804929397679,0.15625,1
147.5999999999993,0.6951945855090137,0.15625,1
147.64999999999932,0.7261661253593504,0.11328125,1
147.69999999999933,0.6667390047014429,0.10546875,1
147.74999999999935,0.6797254356290191,0.109375,1
147.79999999999936,0.7549154097863281,0.1484375,1
147.84999999999937,0.5960174322081235,0.109375,1
147.89999999999938,0.582873359932738,0.15234375,1
147.9499999999994,0.540508462794074,0.15625,1
147.9999999999994,0.5092360902338777,0.1484375,1
148.04999999999941,0.99999999317193,0.203125,1
148.09999999999943,0.6397741939133241,0.1875,1
148.14999999999944,0.6340917188424079,0.23046875,1
148.19999999999945,0.5470668933770939,0.140625,1
148.24999999999946,0.5331583008295624,0.14453125,1
148.29999999999947,0.4953776461566529,0.140625,1
148.34999999999948,0.41341111628856564,0.09765625,1
148.3999999999995,0.3569991226020735,0.140625,1
148.4499999999995,0.3056862521112934,0.09765625,1
148.49999999999952,0.24961785283456772,0.1015625,1
148.54999999999953,0.1752404300929491,0.14453125,1
148.59999999999954,0.13807830761775344,0.1015625,1
148.64999999999955,0.12398420422644918,0.09765625,1
148.69999999999956,0.18180853908204933,0.109375,1
148.74999999999957,0.08850570994529933,0.1796875,1
148.79999999999959,0.06994273441295747,0.09765625,1
148.8499999999996,0.1939343267712029,0.140625,1
148.8999999999996,0.1080601146496594,0.1484375,1
148.94999999999962,0.015019846507902147,0.1015625,1
148.99999999999963,0.10618318187412044,0.10546875,1
149.04999999999964,0.07670443506057567,0.109375,1
149.09999999999965,0.9999999561439723,0.14453125,1
149.14999999999966,0.09060875610667801,0.140625,1
149.19999999999968,0.09906006070803722,0.140625,1
149.2499999999997,0.13127440975265464,0.1015625,1
149.2999999999997,0.19458044174673647,0.1484375,1
149.3499999999997,0.11907406258673554,0.1015625,1
149.39999999999972,0.9999999999997853,0.09765625,1
149.44999999999973,0.0061318076374970035,0.09765625,1
149.49999999999974,0.9999999999999043,0.140625,1
149.54999999999976,0.07936692243249499,0.1015625,1
149.59999999999977,0.9999999599040656,0.1015625,1
149.64999999999978,0.9999999633978013,0.14453125,1
149.6999999999998,0.22717869512244152,0.09765625,1
149.7499999999998,0.7666651512443114,0.09765625,1
149.7999999999998,0.9999999325930822,0.09765625,1
149.84999999999982,0.03479931744210599,0.1015625,1
149.89999999999984,0.026382120782697287,0.10546875,1
149.94999999999985,0.005489454147900439,0.14453125,1
149.99999999999986,0.005489454147900439,0.1328125,1
150.04999999999987,0.3234146506536673,0.22265625,1
150.09999999999988,0.9999999999999123,0.171875,1
150.1499999999999,0.3111250189519369,0.2109375,1
150.1999999999999,0.2306789984159466,0.078125,1
150.24999999999991,0.2734118071499135,0.078125,1
150.29999999999993,0.2698754221285953,0.125,1
150.34999999999994,0.9999998588980133,0.12109375,1
150.39999999999995,0.1712379364024845,0.078125,1
150.44999999999996,0.20436421033189645,0.0859375,1
150.49999999999997,0.9999997274595444,0.12109375,1
150.54999999999998,0.9999999999996998,0.07421875,1
150.6,0.1425573126461312,0.125,1
150.65,0.08014616001463656,0.12890625,1
150.70000000000002,0.394697497438251,0.07421875,1
150.75000000000003,0.39788377173115896,0.0859375,1
150.80000000000004,0.393866275684517,0.12109375,1
150.85000000000005,0.3830418168557987,0.078125,1
150.90000000000006,0.36445487480872807,0.1171875,1
150.95000000000007,0.3429318674158526,0.07421875,1
151.00000000000009,0.3149301472956946,0.12109375,1
151.0500000000001,0.2819754716794131,0.18359375,1
151.1000000000001,0.2513387956558064,0.09375,1
151.15000000000012,0.22688652335022902,0.14453125,1
151.20000000000013,0.18332702489891345,0.15625,1
151.25000000000014,0.16621947804706802,0.09375,1
151.30000000000015,0.15946756718026725,0.09375,1
151.35000000000016,0.14720844604402047,0.046875,1
151.40000000000018,0.11921874474075303,0.046875,1
151.4500000000002,0.11430035433559912,0.1015625,1
151.5000000000002,0.09712939230595,0.14453125,1
151.5500000000002,0.11208962633516387,0.1015625,1
151.60000000000022,0.13022961877235936,0.05078125,1
151.65000000000023,0.1283942859912574,0.09765625,1
151.70000000000024,0.11383014346220961,0.15234375,1
151.75000000000026,0.09630394074457724,0.1484375,1
151.80000000000027,0.09852648397354737,0.1484375,1
151.85000000000028,0.10232696048909772,0.05078125,1
151.9000000000003,0.11905280892006724,0.09765625,1
151.9500000000003,0.07630789217487388,0.04296875,1
152.0000000000003,0.11659101964875455,0.203125,1
152.05000000000032,0.1108937647602587,0.15234375,1
152.10000000000034,0.10701496917030895,0.15234375,1
152.15000000000035,0.11813465486758344,0.15234375,1
152.20000000000036,0.11593908384657846,0.15234375,1
152.25000000000037,0.11351512290416456,0.15234375,1
152.30000000000038,0.11606955899068647,0.15234375,1
152.3500000000004,0.11460293067107077,0.15234375,1
152.4000000000004,0.10721502322163601,0.15234375,0
152.45000000000041,0.10721502322163602,0.15234375,0
152.50000000000043,0.10721502322163605,0.15234375,0
152.55000000000044,0.10721502322163594,0.15234375,0
152.60000000000045,0.10721502322163605,0.15234375,0
152.65000000000046,0.10721502322163602,0.15234375,0
152.70000000000047,0.10721502322163602,0.15234375,0
152.75000000000048,0.10721502322163602,0.15234375,0
152.8000000000005,0.10721502322163605,0.15234375,0
152.8500000000005,0.10721502322163602,0.15234375,0
152.90000000000052,0.10721502322163605,0.15234375,0
152.95000000000053,0.10721502322163602,0.15234375,0
153.00000000000054,0.5321723951059114,0.31640625,0
153.05000000000055,0.5357815041110823,0.31640625,0
153.10000000000056,0.5357815041110823,0.31640625,0
153.15000000000057,0.5334420823764661,0.31640625,0
153.20000000000059,0.5275124411297348,0.31640625,1
153.2500000000006,0.5214674057360531,0.31640625,1
153.3000000000006,0.5153042404240891,0.31640625,1
153.35000000000062,0.5090201388727061,0.31640625,1
153.40000000000063,0.5026122222974606,0.31640625,1
153.45000000000064,0.49215519117500894,0.31640625,1
153.50000000000065,0.4886118682234692,0.31640625,1
153.55000000000067,0.48110493073000304,0.31640625,1
153.60000000000068,0.4734412307199638,0.31640625,0
153.6500000000007,0.4656175874602214,0.33984375,0
153.7000000000007,0.4593153338648629,0.75,0
153.7500000000007,0.4529542513650624,0.75,0
153.80000000000072,0.4423645860710937,0.75,0
153.85000000000073,0.44235954857868975,0.703125,0
153.90000000000074,0.4315555672032031,0.1875,0
153.95000000000076,0.4243794608222491,0.1484375,0
154.00000000000077,0.3012519635292906,0.20703125,0
154.05000000000078,0.27386353741489167,0.25390625,0
154.1000000000008,0.2634199801168202,0.25390625,0
154.1500000000008,0.2514885536738209,0.25390625,0
154.2000000000008,0.2501006832224813,0.25390625,0
154.25000000000082,0.2458564765539749,0.25390625,1
154.30000000000084,0.24052245839146683,0.25390625,1
154.35000000000085,0.23558374757416348,0.25390625,1
154.40000000000086,0.22849530568345952,0.28125,0
154.45000000000087,0.23342000016075626,0.5546875,0
154.50000000000088,0.24493832049773412,0.5546875,0
154.5500000000009,0.23902375323356148,0.58203125,0
154.6000000000009,0.23847136838623048,0.5390625,0
154.65000000000092,0.24905760913617214,0.54296875,0
154.70000000000093,0.2574979869998881,0.07421875,0
154.75000000000094,0.23702766679512824,0.15234375,0
154.80000000000095,0.2278620024813128,0.1171875,0
154.85000000000096,0.21470654114062754,0.14453125,0
154.90000000000097,0.21036739203961802,0.06640625,0
154.95000000000098,0.1757042618103857,0.109375,0
155.000000000001,0.14816987338839283,0.1171875,0
155.050000000001,0.12063674469216427,0.07421875,0
155.10000000000102,0.09920209896215211,0.08203125,0
155.15000000000103,0.08773849701365466,0.16015625,0
155.20000000000104,0.0973592494922048,0.14453125,0
155.25000000000105,0.10927077668821573,0.07421875,0
155.30000000000106,0.12097977166435937,0.07421875,0
155.35000000000107,0.057648698081575626,0.15234375,0
155.40000000000109,0.061647468015711464,0.14453125,0
155.4500000000011,0.02487840957218863,0.11328125,0
155.5000000000011,0.016939296532526925,0.11328125,0
155.55000000000112,0.03398860294024558,0.109375,0
155.60000000000113,0.041896721804932896,0.0703125,0
155.65000000000114,0.07052483571317088,0.0703125,0
155.70000000000115,0.03998298923722378,0.10546875,0
155.75000000000117,0.033548757109108165,0.109375,0
155.80000000000118,0.06586868483402915,0.06640625,0
155.8500000000012,0.05980471040734927,0.1171875,0
155.9000000000012,0.05113338498557436,0.15234375,0
155.9500000000012,0.0498925732880201,0.109375,0
156.00000000000122,0.0943713156653334,0.171875,0
156.05000000000123,0.08490035953052748,0.1328125,0
156.10000000000124,0.08932418706666884,0.12890625,0
156.15000000000126,0.08987632696152585,0.1328125,0
156.20000000000127,0.09075542480190978,0.1171875,0
156.25000000000128,0.09075542480190978,0.12890625,0
156.3000000000013,0.07218956850042911,0.08984375,0
156.3500000000013,0.05645350221309191,0.20703125,0
156.4000000000013,0.07109187607448661,0.09375,0
156.45000000000132,0.04138702092951823,0.12890625,0
156.50000000000134,0.011466242818514143,0.1328125,0
156.55000000000135,0.03648218700207213,0.140625,0
156.60000000000136,0.053820213477297735,0.20703125,0
156.65000000000137,0.06237182795555164,0.09375,0
156.70000000000138,0.04154659753768626,0.09375,0
156.7500000000014,0.01763074716951173,0.08984375,0
156.8000000000014,0.060016869855412706,0.12890625,0
156.85000000000142,0.06882390060782158,0.2109375,0
156.90000000000143,0.04457680963391193,0.08984375,0
156.95000000000144,0.014946962001744077,0.171875,0
157.00000000000145,0.39442273501487296,0.171875,0
157.05000000000146,0.3949318042122148,0.140625,0
157.10000000000147,0.3984472409744384,0.17578125,0
157.15000000000148,0.3782714279991628,0.1796875,0
157.2000000000015,0.3776175896185957,0.13671875,0
157.2500000000015,0.3643429945665887,0.140625,1
157.30000000000152,0.35212864074670813,0.1796875,1
157.35000000000153,0.34508320947005366,0.17578125,1
157.40000000000154,0.34856637568596494,0.17578125,1
157.45000000000155,0.36190159819440365,0.16796875,1
157.50000000000156,0.3396960499865393,0.12109375,1
157.55000000000157,0.3180449265251365,0.12109375,1
157.6000000000016,0.30396678047133474,0.1640625,1
157.6500000000016,0.2914187110237009,0.07421875,1
157.7000000000016,0.2758377185224774,0.078125,1
157.75000000000162,0.2512956091304039,0.1171875,1
157.80000000000163,0.22545190375014018,0.07421875,1
157.85000000000164,0.23433337306461413,0.07421875,1
157.90000000000165,0.2050216884529689,0.078125,1
157.95000000000167,0.18169491207141217,0.1640625,1
158.00000000000168,0.16419766744684983,0.1171875,1
158.0500000000017,0.1580932962469191,0.078125,1
158.1000000000017,0.15981904624488527,0.07421875,1
158.1500000000017,0.13365923979488767,0.12109375,1
158.20000000000172,0.1308189715943382,0.078125,1
158.25000000000173,0.10594539385657388,0.1171875,1
158.30000000000175,0.1046959217662483,0.078125,1
158.35000000000176,0.10455302581676289,0.11328125,1
158.40000000000177,0.10883309914965356,0.1171875,1
158.45000000000178,0.07533098037635308,0.08203125,1
158.5000000000018,0.07458627157413533,0.20703125,1
158.5500000000018,0.059015250754134094,0.08203125,1
158.6000000000018,0.06896692177321675,0.078125,1
158.65000000000182,0.05449754849470569,0.125,1
158.70000000000184,0.1126101933154859,0.11328125,1
158.75000000000185,0.09805601740042798,0.1171875,1
158.80000000000186,0.11692917811332972,0.12109375,1
158.85000000000187,0.08125932778041575,0.12109375,1
158.90000000000188,0.05309068283549133,0.07421875,1
158.9500000000019,0.06695979002628111,0.078125,1
159.0000000000019,0.4395594865498066,0.19921875,1
159.05000000000192,0.44642349053015923,0.2109375,1
159.10000000000193,0.4238120530906911,0.265625,1
159.15000000000194,0.4128077172413752,0.375,1
159.20000000000195,0.39368024730881906,0.29296875,1
159.25000000000196,0.3731498129871708,0.08984375,1
159.30000000000197,0.3522675324901676,0.09375,1
159.35000000000198,0.33125723334064305,0.0390625,1
159.400000000002,0.3129308912771428,0.0390625,1
159.450000000002,0.3007805202091347,0.04296875,1
159.50000000000202,0.2766579811074228,0.0390625,1
159.55000000000203,0.25691365267967686,0.046875,1
159.60000000000204,0.26268073127722125,0.09375,1
159.65000000000205,0.22146701698620752,0.05078125,1
159.70000000000206,0.23651136290337982,0.06640625,1
159.75000000000207,0.2494732668246782,0.046875,1
159.8000000000021,0.22649783346883018,0.09765625,1
159.8500000000021,0.2123754796131762,0.19140625,1
159.9000000000021,0.1870483614368004,0.1015625,1
159.95000000000212,0.17170440232556405,0.04296875,1
160.00000000000213,0.13400542815601185,0.09765625,1
160.05000000000214,0.11409780719828494,0.1484375,1
160.10000000000215,0.1018756365623309,0.13671875,1
160.15000000000217,0.10877108400213457,0.140625,1
160.20000000000218,0.11344714661472723,0.08984375,1
160.2500000000022,0.07616629121703289,0.046875,1
160.3000000000022,0.07218667116537275,0.08203125,1
160.3500000000022,0.0418525565185313,0.05078125,1
160.40000000000222,0.06959476173374661,0.140625,1
160.45000000000223,0.10841906909577198,0.140625,1
160.50000000000225,0.08405473906900786,0.09375,1
160.55000000000226,0.07170042220856163,0.08984375,1
160.60000000000227,0.0772571691586218,0.04296875,1
160.65000000000228,0.09030105604593998,0.046875,1
160.7000000000023,0.07010975277606005,0.05078125,1
160.7500000000023,0.04231204926516834,0.04296875,1
160.8000000000023,0.04479991563111963,0.05078125,1
160.85000000000232,0.058843200226926816,0.04296875,1
160.90000000000234,0.04400927101817923,0.046875,1
160.95000000000235,0.04484665369028491,0.08984375,1
161.00000000000236,0.25613638911532666,0.09375,1
161.05000000000237,0.26098491270793556,0.08203125,1
161.10000000000238,0.2286741668912274,0.17578125,1
161.1500000000024,0.21276125565887385,0.078125,1
161.2000000000024,0.19148115490445164,0.0859375,1
161.25000000000242,0.17220475386909143,0.078125,1
161.30000000000243,0.1574606386250908,0.078125,1
161.35000000000244,0.1384279841478491,0.03125,1
161.40000000000245,0.09670276955535134,0.02734375,1
161.45000000000246,0.08367291071338888,0.02734375,1
161.50000000000247,0.08128477655654649,0.05078125,1
161.55000000000248,0.06950518727637005,0.02734375,1
161.6000000000025,0.05162963639891084,0.03515625,1
161.6500000000025,0.03428010633023121,0.12890625,1
161.70000000000252,0.016434815898271792,0.02734375,1
161.75000000000253,0.053046896299346016,0.02734375,1
161.80000000000254,0.03363367451990896,0.02734375,1
161.85000000000255,0.008915297016134107,0.02734375,1
161.90000000000256,0.008859411714451483,0.02734375,1
161.95000000000258,1.8539339227896334e-16,0.03125,1
162.0000000000026,0.08130968096085847,0.08984375,1
162.0500000000026,0.0902213209385913,0.08984375,1
162.1000000000026,0.0826218334988741,0.14453125,1
162.15000000000262,0.09373269418739885,0.0859375,1
162.20000000000263,0.09766787264077477,0.05078125,1
162.25000000000264,0.09565134018541384,0.0390625,1
162.30000000000265,0.07606806208292138,0.0390625,1
162.35000000000267,0.055312962047885696,0.0859375,1
162.40000000000268,0.04354144350304099,0.18359375,1
162.4500000000027,0.034161347997966336,0.04296875,1
162.5000000000027,0.04100978683870792,0.046875,1
162.5500000000027,0.03860642685214525,0.04296875,1
162.60000000000272,0.06590937763834022,0.05078125,1
162.65000000000273,0.06260575384382014,0.1328125,1
162.70000000000275,0.10363652758166934,0.04296875,1
162.75000000000276,0.14327423103512432,0.08984375,1
162.80000000000277,0.09733306940584541,0.08984375,1
162.85000000000278,0.11288788855965251,0.08984375,1
162.9000000000028,0.1193370663058005,0.09375,1
162.9500000000028,0.09948646190996487,0.05078125,1
163.0000000000028,0.22481614274481823,0.19140625,1
163.05000000000283,0.19850015605072438,0.18359375,1
163.10000000000284,0.17662879230785522,0.125,1
163.15000000000285,0.1688787793072207,0.125,1
163.20000000000286,0.16290804901739747,0.08203125,1
163.25000000000287,0.5652955964923025,0.0703125,1
163.30000000000288,0.5398457140215337,0.12890625,1
163.3500000000029,0.5098620009513521,0.0234375,1
163.4000000000029,0.4798268001812686,0.07421875,1
163.45000000000292,0.4408106559844739,0.07421875,1
163.50000000000293,0.4146157978872167,0.02734375,1
163.55000000000294,0.38691870274222423,0.078125,1
163.60000000000295,0.3550807328732734,0.125,1
163.65000000000296,0.3266649167546909,0.23046875,1
163.70000000000297,0.31403447007193813,0.03125,1
163.75000000000298,0.33184405537445555,0.08203125,1
163.800000000003,0.3067836024113774,0.03125,1
163.850000000003,0.3149865883741674,0.1328125,1
163.90000000000302,0.3150805573484156,0.125,1
163.95000000000303,0.3421588706961201,0.078125,1
164.00000000000304,0.34522570274394015,0.07421875,1
164.05000000000305,0.32025627544589924,0.0234375,1
164.10000000000306,0.2569622273177835,0.0234375,1
164.15000000000308,0.25397602653775453,0.02734375,1
164.2000000000031,0.20935966869958866,0.07421875,1
164.2500000000031,0.1756666912763147,0.07421875,1
164.3000000000031,0.16400929704775408,0.1796875,1
164.35000000000312,0.17983211854035266,0.078125,1
164.40000000000313,0.2468793694671971,0.02734375,1
164.45000000000314,0.39188774532148807,0.12890625,1
164.50000000000315,0.2287829537007071,0.03125,1
164.55000000000317,0.180992751221949,0.03125,1
164.60000000000318,0.13569005589888414,0.0390625,1
164.6500000000032,0.1003007060773241,0.08203125,1
164.7000000000032,0.12353382059978123,0.0234375,1
164.7500000000032,0.9999999540032338,0.12109375,1
164.80000000000322,0.10687570960739025,0.11328125,1
164.85000000000323,0.16130832547194227,0.1796875,1
164.90000000000325,0.18596089239954378,0.078125,1
164.95000000000326,0.27107958505691454,0.125,1
165.00000000000327,0.5593531272485298,0.19140625,1
165.05000000000328,0.5660810515745466,0.1875,1
165.1000000000033,0.999999980920015,0.0859375,1
165.1500000000033,0.5646464959675614,0.21875,1
165.2000000000033,0.534013974789474,0.078125,1
165.25000000000333,0.5157845361616885,0.03515625,1
165.30000000000334,0.5023365461023643,0.12109375,1
165.35000000000335,0.5145538471863454,0.02734375,1
165.40000000000336,0.5126331484556379,0.0390625,1
165.45000000000337,0.9999999791475739,0.078125,1
165.50000000000338,0.9999999809943704,0.03125,1
165.5500000000034,0.46528100452773985,0.1328125,1
165.6000000000034,0.49534954716231416,0.03125,1
165.65000000000342,0.493746550818879,0.0859375,1
165.70000000000343,0.4912227000301817,0.03515625,1
165.75000000000344,0.4413455970364678,0.12890625,1
165.80000000000345,0.4045302348329435,0.0859375,1
165.85000000000346,0.3979742920662307,0.02734375,1
165.90000000000347,0.3723320170807492,0.03125,1
165.95000000000348,0.38466658033928763,0.07421875,1
166.0000000000035,0.36123740515717034,0.078125,1
166.0500000000035,0.36345025093325095,0.03125,1
166.10000000000352,0.33420478635034817,0.13671875,1
166.15000000000353,0.3773687863419344,0.078125,1
166.20000000000354,0.2910339379392898,0.13671875,1
166.25000000000355,0.29046095030036834,0.02734375,1
166.30000000000356,0.24006299517110263,0.078125,1
166.35000000000358,0.20261022105023896,0.04296875,1
166.4000000000036,0.2778528377092015,0.03515625,1
166.4500000000036,0.19185731326675512,0.02734375,1
166.5000000000036,0.15170955533646827,0.03125,1
166.55000000000362,0.20037764284496654,0.08203125,1
166.60000000000363,0.16603144428537245,0.07421875,1
166.65000000000364,0.09072876055979331,0.02734375,1
166.70000000000366,0.053911914159275494,0.03515625,1
166.75000000000367,0.10544831693492834,0.12890625,1
166.80000000000368,0.13036876503853695,0.08203125,1
166.8500000000037,0.9999999464839714,0.07421875,1
166.9000000000037,0.9999997436010579,0.04296875,1
166.9500000000037,0.9999998640462355,0.02734375,1
167.00000000000372,0.6281641625056505,0.25390625,1
167.05000000000373,0.6269863081140049,0.1640625,1
167.10000000000375,0.6202199211436942,0.23828125,1
167.15000000000376,0.646049617175144,0.2421875,1
167.20000000000377,0.6189537912344867,0.1015625,1
167.25000000000378,0.6059722576378236,0.1484375,1
167.3000000000038,0.6477528116998852,0.05859375,1
167.3500000000038,0.9999999879586502,0.1015625,1
167.4000000000038,0.9999999875138392,0.0546875,1
167.45000000000383,0.9999999874401725,0.0546875,1
167.50000000000384,0.9999999873685268,0.1015625,1
167.55000000000385,0.5691023050621262,0.0546875,1
167.60000000000386,0.5854213943832307,0.0625,1
167.65000000000387,0.9999999859971909,0.0625,1
167.70000000000388,0.9999999852627902,0.0546875,1
167.7500000000039,0.9999999842512621,0.109375,1
167.8000000000039,0.5464787440488454,0.1015625,1
167.85000000000392,0.5684089409223506,0.0546875,1
167.90000000000393,0.5072911232796176,0.05859375,1
167.95000000000394,0.5099044807210713,0.05859375,1
168.00000000000395,0.9999999834958364,0.1171875,1
168.05000000000396,0.9999999830295306,0.16015625,1
168.10000000000397,0.999999982113541,0.1640625,1
168.15000000000398,0.9999999822771659,0.19921875,1
168.200000000004,0.9999999825606729,0.0703125,1
168.250000000004,0.4361194293700767,0.11328125,1
168.30000000000402,0.4068701506775746,0.07421875,1
168.35000000000403,0.3755259295032313,0.07421875,1
168.40000000000404,0.3518453576329647,0.078125,1
168.45000000000405,0.33048044603845,0.1171875,1
168.50000000000406,0.335356877675375,0.07421875,1
168.55000000000408,0.3155116410490368,0.1484375,1
168.6000000000041,0.3530564044312135,0.0703125,1
168.6500000000041,0.28054245095074304,0.07421875,1
168.7000000000041,0.2607634593794212,0.16015625,1
168.75000000000412,0.25052486439976746,0.0703125,1
168.80000000000413,0.26958596916681904,0.07421875,1
168.85000000000414,0.22727360442638778,0.0703125,1
168.90000000000416,0.19347079378069623,0.0703125,1
168.95000000000417,0.15310707107844523,0.1171875,1
169.00000000000418,0.24455812676441968,0.09375,1
169.0500000000042,0.9999999143286277,0.171875,1
169.1000000000042,0.1593030701469767,0.1328125,1
169.1500000000042,0.19123183107610012,0.09375,1
169.20000000000422,0.16596676761949286,0.12890625,1
169.25000000000423,0.112343912832397,0.125,1
169.30000000000425,0.09544937157726023,0.125,1
169.35000000000426,0.19857336111325027,0.13671875,1
169.40000000000427,0.0941687378223707,0.125,1
169.45000000000428,0.03875559552908812,0.12890625,1
169.5000000000043,0.9999999999998549,0.0859375,1
169.5500000000043,0.9999997531966819,0.08984375,1
169.60000000000431,0.1219938032721491,0.0859375,1
169.65000000000433,0.03871920242639378,0.0859375,1
169.70000000000434,0.09556002713373477,0.09375,1
169.75000000000435,0.9999999999998388,0.1640625,1
169.80000000000436,0.9999999999995687,0.09765625,1
169.85000000000437,0.9999999999995701,0.12109375,1
169.90000000000438,0.9999999999995697,0.08984375,1
169.9500000000044,0.999999999999855,0.12890625,1
170.0000000000044,0.9999999999999968,0.1796875,1
170.05000000000442,0.6713413927074577,0.140625,1
170.10000000000443,0.666983164413511,0.140625,1
170.15000000000444,0.6657044981578296,0.140625,1
170.20000000000445,0.9999999921401771,0.14453125,1
170.25000000000446,0.9999999918805064,0.14453125,1
170.30000000000447,0.9999999999999925,0.18359375,1
170.35000000000448,0.6398653901636808,0.1875,1
170.4000000000045,0.6635018613681749,0.20703125,1
170.4500000000045,0.9999999999999838,0.1796875,1
170.50000000000452,0.999999990446866,0.1171875,1
170.55000000000453,0.999999990099707,0.24609375,1
170.60000000000454,0.9999999896724637,0.1171875,1
170.65000000000455,0.9999999892464828,0.1171875,1
170.70000000000456,0.9999999888953615,0.1171875,1
170.75000000000458,0.9999999999999793,0.1171875,1
170.8000000000046,0.9999999999999784,0.1171875,1
170.8500000000046,0.999999987222387,0.1171875,1
170.9000000000046,0.9999999866324629,0.1171875,1
170.95000000000462,0.9999999858355685,0.11328125,0
171.00000000000463,0.9999999999998224,0.1640625,0
171.05000000000464,0.9999999999998224,0.19140625,0
171.10000000000466,0.11742689370524532,0.4375,0
171.15000000000467,0.11755817988772817,0.4375,0
171.20000000000468,0.17617729692254178,0.40234375,0
171.2500000000047,0.22055393157432018,0.08984375,0
171.3000000000047,0.19989200618266698,0.0859375,0
171.3500000000047,0.08150437058422211,0.12109375,0
171.40000000000472,0.10850932646820395,0.08984375,0
171.45000000000474,0.026420064533496,0.08984375,0
171.50000000000475,0.03193501080755947,0.12109375,0
171.55000000000476,0.9999999705592,0.0859375,0
171.60000000000477,0.999999975082623,0.1171875,0
171.65000000000478,0.20969149639721474,0.0859375,0
171.7000000000048,0.16363237895423047,0.125,0
171.7500000000048,0.09552915180659494,0.12109375,0
171.80000000000481,0.022735889205068225,0.12109375,0
171.85000000000483,0.6049302333003095,0.08984375,0
171.90000000000484,0.9999998503303485,0.1171875,0
171.95000000000485,0.9999998242783574,0.0859375,0
172.00000000000486,0.5110439848444743,0.140625,0
172.05000000000487,0.5053713720472369,0.19921875,0
172.10000000000488,0.4887175497904169,0.17578125,0
172.1500000000049,0.4886933915053755,0.16796875,0
172.2000000000049,0.4905772619157854,0.15625,0
172.25000000000492,0.4797075579950251,0.1171875,0
172.30000000000493,0.48387095345225484,0.1484375,0
172.35000000000494,0.4509849467496328,0.0703125,0
172.40000000000495,0.42949265265655423,0.08203125,0
172.45000000000496,0.4115936682720088,0.0703125,0
172.50000000000497,0.3975081403605531,0.08203125,0
172.55000000000499,0.38501054011321445,0.0703125,0
172.600000000005,0.34544911981954735,0.0703125,0
172.650000000005,0.31889032488690633,0.109375,0
172.70000000000502,0.2881766456335649,0.109375,0
172.75000000000503,0.25332218382546606,0.0703125,0
172.80000000000504,0.2263805992941504,0.0703125,0
172.85000000000505,0.1982555695968244,0.07421875,0
172.90000000000506,0.16291613281098266,0.07421875,0
172.95000000000508,0.1360372963774631,0.0703125,0
173.0000000000051,0.631191077058101,0.16015625,0
173.0500000000051,0.6320107488434293,0.11328125,0
173.1000000000051,0.6579333310227105,0.1484375,0
173.15000000000512,0.6213087868063776,0.15234375,0
173.20000000000513,0.6190015527572319,0.1015625,0
173.25000000000514,0.6104804926109504,0.06640625,0
173.30000000000516,0.6800147073307818,0.15625,0
173.35000000000517,0.9999999855789438,0.0625,0
173.40000000000518,0.576291554547578,0.1484375,0
173.4500000000052,0.5651684146831825,0.0625,0
173.5000000000052,0.5183405393899193,0.0625,0
173.5500000000052,0.499457258141567,0.06640625,0
173.60000000000522,0.4815571139679669,0.109375,0
173.65000000000524,0.46235569592758313,0.109375,0
173.70000000000525,0.4469182129905241,0.0625,0
173.75000000000526,0.4390533021459039,0.109375,0
173.80000000000527,0.42727908709719664,0.10546875,0
173.85000000000528,0.9999999779441543,0.109375,0
173.9000000000053,0.9999999613693175,0.06640625,0
173.9500000000053,0.3195988894981056,0.06640625,0
174.00000000000531,0.9999999853523378,0.12109375,0
174.05000000000533,0.9999999843502354,0.15625,0
174.10000000000534,0.4771844826901473,0.15234375,0
174.15000000000535,0.3993543871094033,0.1015625,0
174.20000000000536,0.9999999782247171,0.0625,0
174.25000000000537,0.27375272836625897,0.0546875,0
174.30000000000538,0.9999999999998963,0.0625,0
174.3500000000054,0.1542220860960634,0.1015625,0
174.4000000000054,0.1457094750322156,0.20703125,0
174.45000000000542,0.07113285308958928,0.1953125,0
174.50000000000543,0.1819160291275811,0.0625,0
174.55000000000544,0.2272811894994814,0.05859375,0
174.60000000000545,0.9999999999996586,0.1015625,0
174.65000000000546,0.1513697596154564,0.109375,0
174.70000000000547,0.2010168690928433,0.0625,0
174.75000000000549,0.21143664857501226,0.109375,0
174.8000000000055,0.1933662792402253,0.10546875,0
174.8500000000055,0.15934733184496064,0.0703125,0
174.90000000000552,0.1844790951388868,0.05859375,0
174.95000000000553,0.9999995811280384,0.06640625,0
175.00000000000554,0.9999999999998811,0.20703125,0
175.05000000000555,0.9999999415476769,0.11328125,0
175.10000000000556,0.9999999415476769,0.1171875,0
175.15000000000558,0.2169505414700773,0.11328125,0
175.2000000000056,0.20749155994656387,0.0703125,0
175.2500000000056,0.9999999999999666,0.109375,0
175.3000000000056,0.054541171027609206,0.0703125,0
175.35000000000562,0.07595919221922427,0.15234375,0
175.40000000000563,0.06040243065353398,0.0703125,0
175.45000000000564,0.05489964223923317,0.1484375,0
175.50000000000566,0.05061467620207189,0.07421875,0
175.55000000000567,0.06705787296894372,0.0703125,0
175.60000000000568,0.9999999593458551,0.10546875,0
175.6500000000057,0.10088500694691559,0.1953125,0
175.7000000000057,0.9999999999999638,0.06640625,0
175.7500000000057,0.16723560784794905,0.10546875,0
175.80000000000572,0.395545130897087,0.0625,0
175.85000000000574,0.3946138707386897,0.10546875,0
175.90000000000575,0.38647630886117457,0.1015625,0
175.95000000000576,0.3716321013461013,0.0625,0
176.00000000000577,0.3434523908493803,0.2890625,0
176.05000000000578,0.3166713222503189,0.30859375,0
176.1000000000058,0.30043019575948415,0.27734375,0
176.1500000000058,0.2835122192890927,0.3046875,0
176.20000000000582,0.26935901050788014,0.12890625,0
176.25000000000583,0.25206145393814317,0.08984375,0
176.30000000000584,0.24417066710882632,0.1328125,0
176.35000000000585,0.23600406199666335,0.08984375,0
176.40000000000586,0.21529401446040827,0.0859375,0
176.45000000000587,0.19909384624296683,0.0859375,0
176.50000000000588,0.1846813904168976,0.1328125,0
176.5500000000059,0.15813626415449145,0.0859375,0
176.6000000000059,0.14416030935202326,0.08984375,0
176.65000000000592,0.11153770753780638,0.0859375,0
176.70000000000593,0.10462328655238784,0.1328125,0
176.75000000000594,0.08828177040158423,0.1328125,0
176.80000000000595,0.08034830293490527,0.12890625,0
176.85000000000596,0.053251620008312656,0.0859375,0
176.90000000000597,0.06725118577403139,0.0859375,0
176.95000000000599,0.054599510382189693,0.21484375,0
177.000000000006,0.23059465677907923,0.140625,0
177.050000000006,0.2569216662365272,0.125,0
177.10000000000602,0.24252942304676836,0.12890625,0
177.15000000000603,0.2330719406105822,0.30859375,0
177.20000000000604,0.23013220948882904,0.08203125,0
177.25000000000605,0.26223307755675784,0.1640625,0
177.30000000000607,0.24187275166636138,0.07421875,0
177.35000000000608,0.23056675089880432,0.12109375,0
177.4000000000061,0.2090968288288524,0.1171875,0
177.4500000000061,0.20371623099749517,0.0703125,0
177.5000000000061,0.2016599925400412,0.0703125,0
177.55000000000612,0.20765052188865737,0.0703125,0
177.60000000000613,0.19119445340606928,0.1171875,0
177.65000000000614,0.203054410560157,0.078125,0
177.70000000000616,0.17844747602335329,0.12109375,0
177.75000000000617,0.1757592074390313,0.08203125,0
177.80000000000618,0.17623302452971026,0.16015625,0
177.8500000000062,0.18501747851681802,0.078125,0
177.9000000000062,0.18340071000629019,0.125,0
177.9500000000062,0.15984191422767252,0.08203125,0
178.00000000000622,0.1791906699302486,0.1328125,0
178.05000000000624,0.1716913954518986,0.1796875,0
178.10000000000625,0.19137793838393186,0.17578125,0
178.15000000000626,0.19770451208299633,0.13671875,0
178.20000000000627,0.1938713185699145,0.08984375,0
178.25000000000628,0.17653387599436524,0.12890625,0
178.3000000000063,0.16121275917869396,0.0859375,0
178.3500000000063,0.13141415376342233,0.09375,0
178.40000000000632,0.11444966215503904,0.0859375,0
178.45000000000633,0.10117082949391722,0.08984375,0
178.50000000000634,0.08467252360915951,0.08984375,0
178.55000000000635,0.070924388693874,0.08984375,0
178.60000000000636,0.07455346593737594,0.08984375,0
178.65000000000637,0.0694095820592336,0.17578125,0
178.70000000000638,0.11507110821359989,0.1328125,0
178.7500000000064,0.09319727740076694,0.171875,0
178.8000000000064,0.06600671814027015,0.17578125,0
178.85000000000642,0.09473578369291175,0.09375,0
178.90000000000643,0.11147910223200959,0.08984375,0
178.95000000000644,0.09858839254111534,0.08984375,0
179.00000000000645,0.0744509520992288,0.0859375,0
179.05000000000646,0.04078032904831698,0.0859375,0
179.10000000000647,0.02346057315163469,0.0859375,0
179.1500000000065,0.010522005474114539,0.0859375,0
179.2000000000065,0.005839395342082821,0.0859375,0
179.2500000000065,0.005447406642419807,0.0859375,0
179.30000000000652,0.005434511620079207,0.12890625,0
179.35000000000653,0.05463383870470806,0.1328125,0
179.40000000000654,0.0899715527234639,0.0859375,0
179.45000000000655,0.04856225748340376,0.0859375,0
179.50000000000657,0.032695835875431366,0.12890625,0
179.55000000000658,0.018453715125299832,0.08984375,0
179.6000000000066,0.005337818602541614,0.12890625,0
179.6500000000066,0.051927725453981985,0.140625,0
179.7000000000066,0.08026231924933433,0.1328125,0
179.75000000000662,0.06251926950198157,0.1015625,0
179.80000000000663,0.034622633623495554,0.08984375,0
179.85000000000664,0.018138740473456434,0.08984375,0
179.90000000000666,0.021132408918945512,0.12890625,0
179.95000000000667,0.022753818207044432,0.08984375,0
180.00000000000668,0.37360580608093896,0.140625,0
180.0500000000067,0.3735489204121086,0.14453125,0
180.1000000000067,0.36594936881922846,0.14453125,0
180.1500000000067,0.35503100851158903,0.1484375,0
180.20000000000672,0.3480559273785911,0.23046875,0
180.25000000000674,0.34912478311001055,0.140625,0
180.30000000000675,0.3617386326437269,0.18359375,1
180.35000000000676,0.33897417421974435,0.140625,1
180.40000000000677,0.33015126843335846,0.14453125,1
180.45000000000678,0.3205789719918779,0.21484375,0
180.5000000000068,0.3213213400140178,0.33984375,0
180.5500000000068,0.3241433658980348,0.5390625,0
180.60000000000682,0.3333485544321799,0.51171875,0
180.65000000000683,0.33973402739581393,0.2890625,0
180.70000000000684,0.3276724995255204,0.26171875,0
180.75000000000685,0.31976830653944655,0.29296875,1
180.80000000000686,0.3127524683517539,0.26171875,1
180.85000000000687,0.3059360986747267,0.3046875,0
180.90000000000688,0.30052032935621537,0.3046875,0
180.9500000000069,0.2989825471437285,0.14453125,1
181.0000000000069,0.47373830100955017,0.28125,1
181.05000000000692,0.4741859548708559,0.7734375,1
181.10000000000693,0.46835558903898183,0.7734375,0
181.15000000000694,0.4639193580529922,0.7734375,0
181.20000000000695,0.4565981833332047,0.7734375,0
181.25000000000696,0.4478362757505444,0.7734375,0
181.30000000000697,0.441470312569447,0.8359375,0
181.350000000007,0.4377057733526538,0.78125,0
181.400000000007,0.4346158549932586,0.78515625,0
181.450000000007,0.43404586696671144,0.0703125,0
181.50000000000702,0.41736667401892336,0.12109375,0
181.55000000000703,0.40136587001694934,0.015625,0
181.60000000000704,0.3876043494128781,0.01953125,0
181.65000000000705,0.38356269448935004,0.07421875,0
181.70000000000707,0.37435851074171483,0.015625,0
181.75000000000708,0.35824454816194196,0.0703125,0
181.8000000000071,0.34566016921152026,0.015625,0
181.8500000000071,0.32440043639131194,0.01953125,0
181.9000000000071,0.30420613596968443,0.01953125,0
181.95000000000712,0.2933804393130646,0.078125,0
182.00000000000713,0.2874867949338466,0.140625,0
182.05000000000715,0.2773945304201706,0.12890625,0
182.10000000000716,0.27150989699281525,0.12890625,0
182.15000000000717,0.26772153148354333,0.0703125,0
182.20000000000718,0.245013848991917,0.01953125,0
182.2500000000072,0.22494279887043597,0.078125,0
182.3000000000072,0.19708218387557594,0.01953125,0
182.3500000000072,0.17877464894595033,0.078125,0
182.40000000000722,0.17121127192047017,0.07421875,0
182.45000000000724,0.15748386359350458,0.07421875,0
182.50000000000725,0.17576952298544687,0.07421875,0
182.55000000000726,0.18043789867164503,0.07421875,0
182.60000000000727,0.16399189356377328,0.07421875,0
182.65000000000728,0.1589446639721568,0.125,0
182.7000000000073,0.16112012215572616,0.078125,0
182.7500000000073,0.17015186115917033,0.125,0
182.80000000000732,0.14245046746882978,0.01953125,0
182.85000000000733,0.1432918750198228,0.01953125,0
182.90000000000734,0.09977678912191269,0.0703125,0
182.95000000000735,0.08108734946209954,0.0234375,0
183.00000000000736,0.4511406378353432,0.140625,0
183.05000000000737,0.4633194011977495,0.1328125,0
183.10000000000738,0.47746430432173986,0.1875,0
183.1500000000074,0.4687187826883247,0.171875,0
183.2000000000074,0.45637426177482987,0.078125,1
183.25000000000742,0.44742321638419935,0.07421875,1
183.30000000000743,0.41918482561082476,0.1171875,1
183.35000000000744,0.4079435982363278,0.12109375,1
183.40000000000745,0.4055935199951291,0.0625,1
183.45000000000746,0.40532155232877587,0.05859375,1
183.50000000000747,0.3968249720552906,0.06640625,1
183.5500000000075,0.3864130924686535,0.12109375,1
183.6000000000075,0.37652677979728505,0.0703125,1
183.6500000000075,0.3665021903967685,0.0078125,1
183.70000000000752,0.35172365618332196,0.01171875,1
183.75000000000753,0.36918746020199594,0.015625,1
183.80000000000754,0.38816405046396213,0.0078125,1
183.85000000000755,0.3760015823034643,0.01953125,1
183.90000000000757,0.3702888120867542,0.06640625,1
183.95000000000758,0.340965111921291,0.0625,1
184.0000000000076,0.31579935597376224,0.0703125,1
184.0500000000076,0.3055171243927097,0.12109375,1
184.1000000000076,0.2891157753993421,0.171875,1
184.15000000000762,0.26891090344421525,0.0703125,1
184.20000000000763,0.23683650679057805,0.03125,1
184.25000000000765,0.22042429286749113,0.0234375,1
184.30000000000766,0.22021022136953303,0.03515625,1
184.35000000000767,0.22167939908221404,0.1640625,1
184.40000000000768,0.20516301277632967,0.0234375,1
184.4500000000077,0.18030357481899298,0.0703125,1
184.5000000000077,0.1545446189923894,0.06640625,1
184.5500000000077,0.1828025547158608,0.0234375,1
184.60000000000773,0.16116394613678686,0.015625,1
184.65000000000774,0.11780307682328144,0.0703125,1
184.70000000000775,0.1335399121158283,0.06640625,1
184.75000000000776,0.09811848517205429,0.01953125,1
184.80000000000777,0.08180355778592242,0.08984375,1
184.85000000000778,0.06691573163402938,0.0234375,1
184.9000000000078,0.08611836300828968,0.07421875,1
184.9500000000078,0.06353613109864288,0.06640625,1
185.00000000000782,0.08739436710552538,0.07421875,1
185.05000000000783,0.11273140424658576,0.1171875,1
185.10000000000784,0.07078994617810204,0.0703125,1
185.15000000000785,0.04161170065383624,0.06640625,1
185.20000000000786,0.018568643788440396,0.015625,1
185.25000000000787,0.027352932063750075,0.01953125,1
185.30000000000788,0.019329687904641013,0.06640625,1
185.3500000000079,0.001176500016262447,0.015625,1
185.4000000000079,0.04680947531743247,0.06640625,1
185.45000000000792,0.012229441117974053,0.015625,1
185.50000000000793,0.019669634471646116,0.01953125,1
185.55000000000794,0.032456246826628725,0.0625,1
185.60000000000795,0.02833347646918884,0.07421875,1
185.65000000000796,0.06105251822035952,0.078125,1
185.70000000000798,0.07864574979528265,0.1171875,1
185.750000000008,0.10467645620956788,0.21875,1
185.800000000008,0.13018058969886026,0.015625,1
185.850000000008,0.06588663492346244,0.015625,1
185.90000000000802,0.01860183766785875,0.015625,1
185.95000000000803,0.018347407143527967,0.01953125,1
186.00000000000804,0.0871173222914556,0.12890625,1
186.05000000000805,0.07956465314944915,0.0859375,1
186.10000000000807,0.09943983646550335,0.12890625,1
186.15000000000808,0.0804544772555425,0.12109375,1
186.2000000000081,0.0826071101044899,0.078125,1
186.2500000000081,0.08902389706637175,0.03515625,1
186.3000000000081,0.06828518025827655,0.0703125,1
186.35000000000812,0.04734945989204104,0.04296875,1
186.40000000000813,0.04673276344475466,0.1328125,1
186.45000000000815,0.044453801089667636,0.0859375,1
186.50000000000816,0.0810453225084545,0.03125,1
186.55000000000817,0.11952673097276927,0.03125,1
186.60000000000818,0.14116262130767077,0.078125,1
186.6500000000082,0.1265993082607983,0.03515625,1
186.7000000000082,0.1054558560613698,0.078125,1
186.7500000000082,0.08053368344716258,0.03515625,1
186.80000000000823,0.07787318430874099,0.03125,1
186.85000000000824,0.06147939096713052,0.0390625,1
186.90000000000825,0.053784946570308835,0.03125,1
186.95000000000826,0.03339949014389916,0.0390625,1
187.00000000000827,0.06929761417815421,0.078125,1
187.05000000000828,0.06492159320905701,0.09375,1
187.1000000000083,0.07771202100878714,0.03515625,1
187.1500000000083,0.11479604748344917,0.09375,1
187.20000000000832,0.05565191464508976,0.1171875,1
187.25000000000833,0.06551704327333327,0.03515625,1
187.30000000000834,0.08150335799700391,0.08203125,1
187.35000000000835,0.058495992664061774,0.08203125,1
187.40000000000836,0.08309756641864526,0.078125,1
187.45000000000837,0.08228039243208485,0.078125,1
187.50000000000838,0.0842911975084622,0.03125,1
187.5500000000084,0.07559316731922057,0.03515625,1
187.6000000000084,0.02984141438264804,0.08203125,1
187.65000000000842,0.027785571323551382,0.078125,1
187.70000000000843,0.05537322752537823,0.0390625,1
187.75000000000844,0.055304394173160125,0.0703125,1
187.80000000000845,0.03399050271344041,0.03125,1
187.85000000000846,0.04118989003314986,0.0703125,1
187.90000000000848,0.006871234941821341,0.12890625,1
187.9500000000085,0.05539256981524245,0.08984375,1
188.0000000000085,0.2401629574546333,0.1953125,1
188.0500000000085,0.22363330163665007,0.19140625,1
188.10000000000852,0.20925907158266716,0.1953125,1
188.15000000000853,0.18594090834750213,0.1875,1
188.20000000000854,0.19352968296981005,0.046875,1
188.25000000000855,0.1840420699124387,0.13671875,1
188.30000000000857,0.15476299889390555,0.05078125,1
188.35000000000858,0.5752942176177727,0.13671875,1
188.4000000000086,0.537055607441314,0.046875,1
188.4500000000086,0.5058781308511752,0.04296875,1
188.5000000000086,0.47824808126006313,0.13671875,1
188.55000000000862,0.44788307368606245,0.046875,1
188.60000000000863,0.4194380598796395,0.04296875,1
188.65000000000865,0.39866509670988626,0.08984375,1
188.70000000000866,0.38304616613485815,0.18359375,1
188.75000000000867,0.3889983538618949,0.0546875,1
188.80000000000868,0.40716954846338843,0.18359375,1
188.8500000000087,0.3931383524881403,0.04296875,1
188.9000000000087,0.40256235227446413,0.046875,1
188.9500000000087,0.3978870499583778,0.13671875,1
189.00000000000873,0.51380126833623,0.10546875,1
189.05000000000874,0.5148273993488511,0.19140625,1
189.10000000000875,0.5032035737355459,0.08984375,1
189.15000000000876,0.5062006344258209,0.0859375,1
189.20000000000877,0.5048586077920965,0.03515625,1
189.25000000000878,0.5600669258411188,0.04296875,1
189.3000000000088,0.4703207006891536,0.08984375,1
189.3500000000088,0.45068377650076225,0.03515625,1
189.40000000000882,0.4906508631572684,0.09765625,1
189.45000000000883,0.4651576898850254,0.13671875,1
189.50000000000884,0.4004776734726932,0.04296875,1
189.55000000000885,0.381121195468042,0.13671875,1
189.60000000000886,0.3336607038980007,0.03515625,1
189.65000000000887,0.3745941937911645,0.03515625,1
189.70000000000888,0.31608978500912255,0.03515625,1
189.7500000000089,0.29214524702694117,0.08984375,1
189.8000000000089,0.2663309013586089,0.08984375,1
189.85000000000892,0.2850525252411535,0.03515625,1
189.90000000000893,0.2697259471809118,0.0390625,1
189.95000000000894,0.1429939289491836,0.03515625,1
190.00000000000895,0.9999993240004631,0.09375,1
190.05000000000896,0.9999993240004631,0.09765625,1
190.10000000000898,0.9999993232703673,0.1484375,1
190.150000000009,0.04442079743649517,0.09765625,1
190.200000000009,0.11325020718402183,0.09375,1
190.250000000009,0.10997163978631436,0.05078125,1
190.30000000000902,0.9999994204715053,0.05078125,1
190.35000000000903,0.9999991754051526,0.1015625,1
190.40000000000904,0.9999991754051526,0.1484375,1
190.45000000000906,0.03356379460975667,0.05078125,1
190.50000000000907,0.029266600312642357,0.0546875,1
190.55000000000908,0.9999993240004446,0.0546875,1
190.6000000000091,0.9999996302632495,0.046875,1
190.6500000000091,0.9999996620001123,0.09765625,1
190.7000000000091,0.0976797772277374,0.09765625,1
190.75000000000912,0.11456706802589188,0.09765625,1
190.80000000000913,0.13400409032517435,0.09375,1
190.85000000000915,0.10242969848214623,0.05078125,1
190.90000000000916,0.9999993414166889,0.05078125,1
190.95000000000917,0.9999996504427349,0.046875,1
191.00000000000918,0.5278071473854004,0.10546875,1
191.0500000000092,0.5291688636056857,0.140625,1
191.1000000000092,0.5291688636056857,0.08984375,1
191.15000000000921,0.5278028449601601,0.0859375,1
191.20000000000923,0.5358952675586719,0.08984375,1
191.25000000000924,0.5309410978354897,0.0859375,1
191.30000000000925,0.5193713159629687,0.046875,1
191.35000000000926,0.5018572600551199,0.1328125,1
191.40000000000927,0.5096040197343564,0.09375,1
191.45000000000928,0.506657202786112,0.1328125,1
191.5000000000093,0.5069649595751966,0.04296875,1
191.5500000000093,0.48758238747436167,0.03515625,1
191.60000000000932,0.4744611219709021,0.0390625,1
191.65000000000933,0.4707152925378712,0.03125,1
191.70000000000934,0.4579583347487629,0.1328125,1
191.75000000000935,0.4805332595934842,0.03515625,1
191.80000000000936,0.4931597007024084,0.03125,1
191.85000000000937,0.4726087584170492,0.0859375,1
191.90000000000938,0.465177856995382,0.078125,1
191.9500000000094,0.42110435123214235,0.03125,1
192.0000000000094,0.4310559631581528,0.08984375,1
192.05000000000942,0.43152459904207185,0.08984375,1
192.10000000000943,0.42573381163024543,0.1328125,1
192.15000000000944,0.415644742646308,0.12890625,1
192.20000000000945,0.4073722777586134,0.08984375,1
192.25000000000946,0.39315839128552665,0.03515625,1
192.30000000000948,0.3566733940511932,0.04296875,1
192.3500000000095,0.39966981540646296,0.12890625,1
192.4000000000095,0.35195679902410615,0.09765625,1
192.4500000000095,0.37128778344267493,0.08203125,1
192.50000000000952,0.3689227595342064,0.03515625,1
192.55000000000953,0.34933646012099107,0.12890625,1
192.60000000000954,0.34608525922996664,0.0390625,1
192.65000000000956,0.30964878167433774,0.0859375,1
192.70000000000957,0.31375535516581415,0.0859375,1
192.75000000000958,0.3059184498256378,0.0859375,1
192.8000000000096,0.30668659719393726,0.08203125,1
192.8500000000096,0.28962592002202825,0.0390625,1
192.9000000000096,0.25676804922125807,0.0859375,1
192.95000000000962,0.22451002113499346,0.04296875,1
193.00000000000963,0.6613840368085897,0.14453125,1
193.05000000000965,0.6654349089943629,0.1015625,1
193.10000000000966,0.6654765886174575,0.13671875,1
193.15000000000967,0.6570593809744348,0.09765625,1
193.20000000000968,0.6480801221360812,0.15625,1
193.2500000000097,0.6433312065953449,0.19140625,1
193.3000000000097,0.6437489388111028,0.2421875,1
193.35000000000971,0.6463122149831477,0.14453125,1
193.40000000000973,0.6380755570696013,0.1484375,1
193.45000000000974,0.654813216735911,0.1484375,1
193.50000000000975,0.6221186189932237,0.1484375,1
193.55000000000976,0.6142252080365891,0.19140625,1
193.60000000000977,0.6076024532324016,0.19140625,1
193.65000000000978,0.6396235617759597,0.734375,1
193.7000000000098,0.6066343595111283,0.734375,0
193.7500000000098,0.6266828253348471,0.734375,0
193.80000000000982,0.6254132511584676,0.734375,0
193.85000000000983,0.6358562761362597,0.734375,0
193.90000000000984,0.6259499085515375,0.734375,0
193.95000000000985,0.6347444542216829,0.734375,0
194.00000000000986,0.6298373035183739,0.734375,1
194.05000000000987,0.6247974372218363,0.734375,1
194.10000000000989,0.6217959906893419,0.734375,1
194.1500000000099,0.6185316103608405,0.6875,1
194.2000000000099,0.6145869094147882,0.078125,0
194.25000000000992,0.6076814802582736,0.078125,0
194.30000000000993,0.5829150340319695,0.125,0
194.35000000000994,0.5724021968611299,0.125,0
194.40000000000995,0.5676062852438146,0.734375,0
194.45000000000996,0.5678551232030428,0.69140625,0
194.50000000000998,0.5647171381464461,0.07421875,0
194.55000000001,0.6319124967847539,0.078125,0
194.60000000001,0.588013581082537,0.07421875,0
194.65000000001,0.4597758773644253,0.078125,0
194.70000000001002,0.4121970104652782,0.0234375,0
194.75000000001003,0.5457180646465616,0.0234375,0
194.80000000001004,0.45549835586309995,0.02734375,0
194.85000000001006,0.33467575391048343,0.078125,0
194.90000000001007,0.2777550864216907,0.0234375,0
194.95000000001008,0.2721526674583948,0.07421875,0
195.0000000000101,0.6037042456815997,0.2109375,0
195.0500000000101,0.5944330937408077,0.28125,0
195.1000000000101,0.5851736396993729,0.19921875,0
195.15000000001012,0.5774818160464952,0.1953125,0
195.20000000001014,0.5714834379446309,0.15234375,0
195.25000000001015,0.5564670192456577,0.15234375,0
195.30000000001016,0.5505909989679781,0.16015625,1
195.35000000001017,0.542170539166814,0.11328125,1
195.40000000001018,0.5403702053403572,0.1953125,1
195.4500000000102,0.5310451279556606,0.09375,1
195.5000000000102,0.515105177345459,0.09375,1
195.55000000001021,0.49993732112418543,0.08984375,1
195.60000000001023,0.49763102105072227,0.046875,1
195.65000000001024,0.49969210314257917,0.0859375,1
195.70000000001025,0.48913795493472656,0.08984375,1
195.75000000001026,0.45966933169404395,0.0546875,1
195.80000000001027,0.46275338436564495,0.140625,1
195.85000000001028,0.4701558114176007,0.140625,1
195.9000000000103,0.4583154382242572,0.08984375,1
195.9500000000103,0.4339535212389407,0.04296875,1
196.00000000001032,0.43760332079214803,0.16796875,1
196.05000000001033,0.4194790754854769,0.2109375,1
196.10000000001034,0.3998492884229789,0.16796875,1
196.15000000001035,0.38348431963403556,0.16796875,1
196.20000000001036,0.3671334941697604,0.16796875,1
196.25000000001037,0.3495600167071956,0.16796875,1
196.30000000001039,0.3305773528255335,0.16796875,1
196.3500000000104,0.3134159621076264,0.16796875,1
196.4000000000104,0.2894757972872115,0.16796875,1
196.45000000001042,0.26677462860021983,0.16796875,0
196.50000000001043,0.25084806800505594,0.19921875,0
196.55000000001044,0.254954429897605,0.51171875,0
196.60000000001045,0.2549192507884066,0.4765625,0
196.65000000001046,0.22774187167985266,0.47265625,0
196.70000000001048,0.15532340359817268,0.08203125,0
196.7500000000105,0.15132343424266087,0.1328125,0
196.8000000000105,0.06142374477221077,0.125,0
196.8500000000105,0.9999998607359596,0.12890625,0
196.90000000001052,0.1346000076372081,0.08203125,0
196.95000000001053,0.09475472882038241,0.08203125,0
197.00000000001054,0.999999991682281,0.234375,0
197.05000000001056,0.9999999916976092,0.23046875,0
197.10000000001057,0.9999999914553436,0.1953125,0
197.15000000001058,0.6272699807780163,0.19140625,0
197.2000000000106,0.9999999910733923,0.1328125,0
197.2500000000106,0.6174000987177459,0.1328125,0
197.3000000000106,0.5934262387467141,0.12890625,0
197.35000000001062,0.5579048056190695,0.09375,0
197.40000000001064,0.5412009662306451,0.12890625,0
197.45000000001065,0.5289550765432407,0.1328125,0
197.50000000001066,0.5200942132417794,0.08984375,0
197.55000000001067,0.9999999871035997,0.09765625,0
197.60000000001068,0.9999999846998018,0.09375,0
197.6500000000107,0.9999999846356894,0.12890625,0
197.7000000000107,0.9999999797798276,0.171875,0
197.75000000001071,0.9999999786013903,0.125,0
197.80000000001073,0.9999999750482342,0.09375,0
197.85000000001074,0.9999999707426876,0.1328125,0
197.90000000001075,0.9999999761579454,0.12890625,0
197.95000000001076,0.3035378315766895,0.09375,0
198.00000000001077,0.13861810609590267,0.12109375,0
198.05000000001078,0.16419973967621937,0.1171875,0
198.1000000000108,0.9999998727512623,0.1796875,0
198.1500000000108,0.18948638276064683,0.1484375,0
198.20000000001082,0.10413721991558955,0.07421875,0
198.25000000001083,0.0855443425499811,0.08203125,0
198.30000000001084,0.15615049740636297,0.14453125,0
198.35000000001085,0.04073133098650529,0.07421875,0
198.40000000001086,0.0949757342309825,0.14453125,0
198.45000000001087,0.12162028654440035,0.07421875,0
198.50000000001089,0.06954083861978821,0.07421875,0
198.5500000000109,0.028660315051286026,0.078125,0
198.6000000000109,0.05172785325618409,0.109375,0
198.65000000001092,0.013047536567141726,0.08203125,0
198.70000000001093,0.0951649716786239,0.078125,0
198.75000000001094,0.006872519415279243,0.11328125,0
198.80000000001095,0.006872519415279243,0.078125,0
198.85000000001097,0.031028766438240606,0.109375,0
198.90000000001098,0.062948379514486,0.078125,0
198.950000000011,0.12027790970605118,0.07421875,0
199.000000000011,0.1663988848623474,0.171875,0
199.050000000011,0.16639888486234733,0.171875,0
199.10000000001102,0.16317981780153185,0.1796875,0
199.15000000001103,0.16317981780153185,0.140625,0
199.20000000001104,0.16196713282371528,0.10546875,0
199.25000000001106,0.15205512006991648,0.10546875,0
199.30000000001107,0.9999998728980205,0.140625,0
199.35000000001108,0.9999999999978981,0.10546875,0
199.4000000000111,0.9999999999994245,0.10546875,0
199.4500000000111,0.9999999999996779,0.10546875,0
199.5000000000111,0.9999999999996404,0.10546875,0
199.55000000001112,0.9999999999995742,0.109375,0
199.60000000001114,0.9999999999998278,0.10546875,0
199.65000000001115,0.9999999999997122,0.234375,0
199.70000000001116,0.9999999999996628,0.10546875,0
199.75000000001117,0.9999994359665321,0.10546875,0
199.80000000001118,0.17824441032833677,0.10546875,0
199.8500000000112,0.20937104222189243,0.109375,0
199.9000000000112,0.16717076413388818,0.13671875,0
199.95000000001122,0.15646448784212616,0.11328125,0
200.00000000001123,0.5848270942567718,0.19921875,0
200.05000000001124,0.9999999999999774,0.1796875,0
200.10000000001125,0.999999985112265,0.16796875,0
200.15000000001126,0.9999999824497713,0.17578125,0
200.20000000001127,0.9999999803766809,0.08984375,0
200.25000000001128,0.9999999999999716,0.13671875,0
200.3000000000113,0.9999999999999417,0.09765625,0
200.3500000000113,0.2938123675566222,0.1328125,0
200.40000000001132,0.27998633573016024,0.1328125,0
200.45000000001133,0.9999997412958521,0.08984375,0
200.50000000001134,0.1431968192763698,0.08984375,0
200.55000000001135,0.11329893699045804,0.1328125,0
200.60000000001136,0.11118039642449062,0.08984375,0
200.65000000001137,0.12223268351565997,0.09375,0
200.70000000001139,0.10711470227645024,0.09375,0
200.7500000000114,0.04956719222221254,0.09765625,0
200.8000000000114,0.07519820902971543,0.1640625,0
200.85000000001142,0.18031994055176825,0.09375,0
200.90000000001143,0.3863283202337058,0.09765625,0
200.95000000001144,0.3851230597379932,0.16796875,0
201.00000000001145,0.3795278818804539,0.19140625,0
201.05000000001147,0.3658577193760157,0.17578125,0
201.10000000001148,0.3479515910045378,0.1796875,0
201.1500000000115,0.3253608452477932,0.21875,0
201.2000000000115,0.29862156760489283,0.12890625,0
201.2500000000115,0.2716754390367235,0.16796875,0
201.30000000001152,0.2519601230056577,0.07421875,0
201.35000000001153,0.22762597841559168,0.16796875,0
201.40000000001154,0.20270639776858196,0.12890625,0
201.45000000001156,0.1902019391744724,0.1328125,0
201.50000000001157,0.17237812809713454,0.078125,0
201.55000000001158,0.14098253133199293,0.12890625,0
201.6000000000116,0.14955121163474347,0.07421875,0
201.6500000000116,0.1381008183067001,0.078125,0
201.7000000000116,0.12064395303962748,0.12109375,0
201.75000000001162,0.10524291337193575,0.12109375,0
201.80000000001164,0.10995895421043458,0.078125,0
201.85000000001165,0.10303425255633113,0.078125,0
201.90000000001166,0.08495896794685234,0.07421875,0
201.95000000001167,0.07307795773667489,0.078125,0
202.00000000001168,0.24824703408201815,0.2578125,0
202.0500000000117,0.2484888549246793,0.28515625,0
202.1000000000117,0.22552355408881158,0.2734375,0
202.15000000001172,0.20866986206454163,0.26953125,0
202.20000000001173,0.2183951656160406,0.09765625,0
202.25000000001174,0.2106858212981099,0.12890625,0
202.30000000001175,0.21629978218863596,0.09375,0
202.35000000001176,0.20598620726303557,0.1015625,0
202.40000000001177,0.19168585244571043,0.18359375,0
202.45000000001178,0.1732612208364197,0.140625,0
202.5000000000118,0.17358830485821333,0.09375,0
202.5500000000118,0.18120039721677686,0.109375,0
202.60000000001182,0.1521291301790856,0.09375,0
202.65000000001183,0.1444842632711499,0.09375,0
202.70000000001184,0.1366355150252923,0.17578125,0
202.75000000001185,0.1423501566261628,0.13671875,0
202.80000000001186,0.11776608239143399,0.09375,0
202.85000000001187,0.11085104033735169,0.13671875,0
202.9000000000119,0.11091527216520475,0.09765625,0
202.9500000000119,0.10303700760846403,0.1328125,0
203.0000000000119,0.33864843743269724,0.15234375,0
203.05000000001192,0.3381271593022565,0.21484375,0
203.10000000001193,0.3260080043228412,0.21484375,0
203.15000000001194,0.3189516184200258,0.12109375,0
203.20000000001195,0.30975004464165573,0.1171875,0
203.25000000001197,0.3051715476020697,0.078125,0
203.30000000001198,0.29711973639764133,0.1171875,0
203.350000000012,0.29443332052274473,0.16015625,0
203.400000000012,0.29164707893971537,0.16796875,0
203.450000000012,0.2883847228559034,0.12109375,0
203.50000000001202,0.26570945976322674,0.1171875,0
203.55000000001203,0.25900021704210063,0.0703125,0
203.60000000001205,0.2434202458414902,0.0703125,0
203.65000000001206,0.22657442685007728,0.0703125,0
203.70000000001207,0.23039217657615255,0.0703125,0
203.75000000001208,0.22300013009939065,0.1171875,0
203.8000000000121,0.22373312799979375,0.1171875,0
203.8500000000121,0.2080333561496248,0.16796875,0
203.9000000000121,0.22035883323665947,0.07421875,0
203.95000000001212,0.19746139968648374,0.1171875,0
204.00000000001214,0.4462231788713689,0.16796875,0
204.05000000001215,0.4424972080019815,0.2109375,0
204.10000000001216,0.4336880025193656,0.2109375,0
204.15000000001217,0.4218350428192315,0.24609375,0
204.20000000001218,0.4185729035725452,0.1171875,0
204.2500000000122,0.395961253040062,0.1640625,0
204.3000000000122,0.3870630879139354,0.15625,1
204.35000000001222,0.37833863364318254,0.12109375,1
204.40000000001223,0.38113589317466917,0.1640625,1
204.45000000001224,0.3822130313933652,0.1640625,0
204.50000000001225,0.3701968772355517,0.1796875,0
204.55000000001226,0.37807407828585127,0.5703125,0
204.60000000001227,0.381732227165595,0.609375,0
204.65000000001228,0.3766943468862993,0.60546875,0
204.7000000000123,0.36755322041317,0.1328125,0
204.7500000000123,0.354762486087501,0.04296875,0
204.80000000001232,0.33594256774219644,0.08203125,0
204.85000000001233,0.31424323958188366,0.0859375,0
204.90000000001234,0.3202651174927889,0.0859375,0
204.95000000001235,0.315803139070031,0.0859375,0
205.00000000001236,0.280662924831456,0.09375,0
205.05000000001237,0.2561471398388408,0.08984375,0
205.1000000000124,0.26025897628795525,0.0859375,0
205.1500000000124,0.2692945862952958,0.0390625,0
205.2000000000124,0.24071870309386956,0.0390625,0
205.25000000001242,0.22588896945843998,0.04296875,0
205.30000000001243,0.2139357631295478,0.09375,0
205.35000000001244,0.20442321701254976,0.046875,0
205.40000000001245,0.19513586393672616,0.05078125,0
205.45000000001247,0.1922871318310645,0.08984375,0
205.50000000001248,0.2220332542202468,0.09375,0
205.5500000000125,0.22737005562924228,0.0859375,0
205.6000000000125,0.20599216548395607,0.04296875,0
205.6500000000125,0.20118615259539388,0.0859375,0
205.70000000001252,0.18306745831117455,0.0859375,0
205.75000000001253,0.17167689648989895,0.04296875,0
205.80000000001255,0.1607566652254505,0.0859375,0
205.85000000001256,0.15107557937166385,0.04296875,0
205.90000000001257,0.13211872553334827,0.125,0
205.95000000001258,0.15577907693105586,0.04296875,0
206.0000000000126,0.13590762936756204,0.0390625,0
206.0500000000126,0.11486533749836837,0.08984375,0
206.1000000000126,0.09210275105280336,0.125,0
206.15000000001262,0.08493119252677443,0.0859375,0
206.20000000001264,0.09307636372609379,0.08984375,0
206.25000000001265,0.07963665526183916,0.0859375,0
206.30000000001266,0.06876476098759063,0.04296875,0
206.35000000001267,0.07857497061489085,0.07421875,0
206.40000000001268,0.07651173502767362,0.04296875,0
206.4500000000127,0.08168054948029427,0.08203125,0
206.5000000000127,0.06509897984557836,0.21484375,0
206.55000000001272,0.07553630805378378,0.0546875,0
206.60000000001273,0.056733339969000006,0.12890625,0
206.65000000001274,0.03297841213149038,0.13671875,0
206.70000000001275,0.07625344691421507,0.1328125,0
206.75000000001276,0.0846632656883383,0.1328125,0
206.80000000001277,0.12144140505638368,0.04296875,0
206.85000000001278,0.09817733478248514,0.04296875,0
206.9000000000128,0.07414997877912137,0.0859375,0
206.9500000000128,0.08058435325950469,0.046875,0
207.00000000001282,0.5887888687754059,0.21875,0
207.05000000001283,0.5898937813175429,0.26953125,0
207.10000000001284,0.5819633529235124,0.22265625,0
207.15000000001285,0.5768904118900562,0.22265625,0
207.20000000001286,0.5677566333007728,0.22265625,1
207.25000000001288,0.5593064468997672,0.22265625,1
207.3000000000129,0.5515982565246493,0.22265625,1
207.3500000000129,0.5432825741716389,0.22265625,1
207.4000000000129,0.5330739474235127,0.22265625,1
207.45000000001292,0.5223741527719807,0.22265625,1
207.50000000001293,0.5111691138607676,0.22265625,1
207.55000000001294,0.49959686812084814,0.22265625,1
207.60000000001295,0.4892396913336207,0.22265625,1
207.65000000001297,0.4772207342798382,0.22265625,1
207.70000000001298,0.4646675147219098,0.22265625,1
207.750000000013,0.45163290117528904,0.22265625,1
207.800000000013,0.4381012745629487,0.22265625,1
207.850000000013,0.4247583951374885,0.22265625,1
207.90000000001302,0.4085680516138628,0.22265625,1
207.95000000001303,0.392313053985399,0.22265625,1
208.00000000001305,0.37538761916710944,0.22265625,1
208.05000000001306,0.3577794769743214,0.22265625,1
208.10000000001307,0.33948199967785425,0.22265625,1
208.15000000001308,0.3204957383280562,0.22265625,1
208.2000000000131,0.3012016664785019,0.22265625,1
208.2500000000131,0.27882482174003087,0.22265625,1
208.3000000000131,0.2563652850982107,0.22265625,1
208.35000000001313,0.24235773579612657,0.22265625,1
208.40000000001314,0.2283566973208392,0.22265625,1
208.45000000001315,0.2147896914820943,0.22265625,1
208.50000000001316,0.20211813833943346,0.22265625,1
208.55000000001317,0.18822049279747535,0.22265625,1
208.60000000001318,0.17357390006235332,0.22265625,1
208.6500000000132,0.1600315478364744,0.22265625,1
208.7000000000132,0.15673591612062499,0.22265625,1
208.75000000001322,0.1528531055229921,0.22265625,1
208.80000000001323,0.1475101158269995,0.22265625,1
208.85000000001324,0.1399356469253703,0.22265625,1
208.90000000001325,0.13831744824412728,0.22265625,1
208.95000000001326,0.13901271677052607,0.22265625,1
209.00000000001327,0.39820090724218493,0.27734375,1
209.05000000001328,0.3967447150063203,0.27734375,1
209.1000000000133,0.38752301929528776,0.27734375,1
209.1500000000133,0.3782109187730364,0.27734375,1
209.20000000001332,0.36868002559783997,0.27734375,1
209.25000000001333,0.36025896485051634,0.27734375,1
209.30000000001334,0.348288194185101,0.27734375,1
209.35000000001335,0.33732038860428015,0.27734375,1
209.40000000001336,0.3260725971340724,0.27734375,1
209.45000000001338,0.31454548392969184,0.27734375,1
209.5000000000134,0.302742312401311,0.27734375,1
209.5500000000134,0.290669666583187,0.27734375,1
209.6000000000134,0.2800375867858952,0.27734375,1
209.65000000001342,0.2649280078474454,0.27734375,1
209.70000000001343,0.2511439712265,0.27734375,1
209.75000000001344,0.23708621116523426,0.32421875,0
209.80000000001345,0.2227992987106208,0.83984375,0
209.85000000001347,0.20836884948062165,0.83984375,0
209.90000000001348,0.1939572157411707,0.7890625,0
209.9500000000135,0.18073492833594373,0.01953125,0
210.0000000000135,0.17712132026560595,0.07421875,0
210.0500000000135,0.16597809599094548,0.13671875,0
210.10000000001352,0.1427699817638205,0.0234375,0
210.15000000001353,0.09665469188394182,0.07421875,0
210.20000000001355,0.10483847988496009,0.03515625,0
210.25000000001356,0.08229689154598456,0.07421875,0
210.30000000001357,0.0768895874787529,0.01953125,0
210.35000000001358,0.08391066437995154,0.07421875,0
210.4000000000136,0.05730524060470993,0.01953125,0
210.4500000000136,0.03497120922420396,0.07421875,0
210.5000000000136,0.007914098534704232,0.02734375,0
210.55000000001363,0.021556237655657656,0.1328125,0
210.60000000001364,0.058984215732193576,0.08203125,0
210.65000000001365,0.07108306343191317,0.03125,0
210.70000000001366,0.07488785437879002,0.02734375,0
210.75000000001367,0.0797891861295754,0.07421875,0
210.80000000001368,0.03585359825025369,0.18359375,0
210.8500000000137,0.01894231995081091,0.0703125,0
210.9000000000137,0.02311149865297932,0.0234375,0
210.95000000001372,0.012705225750352607,0.0234375,0
211.00000000001373,0.016627463464869804,0.17578125,0
211.05000000001374,0.009449081869668505,0.07421875,0
211.10000000001375,0.029322847794778808,0.07421875,0
211.15000000001376,0.0637697223804431,0.08203125,0
211.20000000001377,0.027245071666646456,0.0234375,0
211.25000000001378,0.07668373791683475,0.0234375,0
211.3000000000138,0.07322753719987968,0.07421875,0
211.3500000000138,0.10089200536126756,0.08203125,0
211.40000000001382,0.09586173938374258,0.01953125,0
211.45000000001383,0.0534535964075572,0.01953125,0
211.50000000001384,0.09661852390013394,0.12109375,0
211.55000000001385,0.05031978778359808,0.02734375,0
211.60000000001386,0.028094922979083635,0.07421875,0
211.65000000001388,0.020741897502067546,0.0859375,0
211.7000000000139,0.03463056930348019,0.12890625,0
211.7500000000139,0.035565398507344706,0.01953125,0
211.8000000000139,0.05349195820878492,0.06640625,0
211.85000000001392,0.019473813857275944,0.078125,0
211.90000000001393,0.006772931939306086,0.0234375,0
211.95000000001394,0.043022146086315584,0.24609375,0
212.00000000001396,0.3241596282767626,0.203125,0
212.05000000001397,0.33310129138361055,0.18359375,0
212.10000000001398,0.31096951173705734,0.17578125,0
212.150000000014,0.2849858517911924,0.171875,0
212.200000000014,0.2628690621814179,0.078125,0
212.250000000014,0.24517486970797236,0.078125,0
212.30000000001402,0.22724187089790768,0.1328125,0
212.35000000001403,0.21083726619098322,0.0234375,0
212.40000000001405,0.20071919555033046,0.12890625,0
212.45000000001406,0.192336378763123,0.0234375,0
212.50000000001407,0.19563163661062002,0.08203125,0
212.55000000001408,0.1812624191270406,0.1328125,0
212.6000000000141,0.14116148197324116,0.17578125,0
212.6500000000141,0.151118244146552,0.07421875,0
212.70000000001411,0.12434215175164558,0.0703125,0
212.75000000001413,0.14355489432672447,0.07421875,0
212.80000000001414,0.14094521659900458,0.03125,0
212.85000000001415,0.1077000038147739,0.08203125,0
212.90000000001416,0.07997362432506394,0.07421875,0
212.95000000001417,0.08768011208728906,0.07421875,0
213.00000000001418,0.08355887752925335,0.078125,0
213.0500000000142,0.0802607838508734,0.0234375,0
213.1000000000142,0.0772125178901296,0.0234375,0
213.15000000001422,0.06889903314720947,0.0234375,0
213.20000000001423,0.05180283218386724,0.078125,0
213.25000000001424,0.048970774474405836,0.03125,0
213.30000000001425,0.04827795575189139,0.02734375,0
213.35000000001426,0.03306777000417681,0.03125,0
213.40000000001427,0.0512992771837897,0.07421875,0
213.45000000001428,0.5452027793787585,0.12890625,0
213.5000000000143,0.5127334963921052,0.0234375,0
213.5500000000143,0.48073885196091765,0.078125,0
213.60000000001432,0.4449792260545104,0.02734375,0
213.65000000001433,0.4261107049597309,0.125,0
213.70000000001434,0.4077994947688793,0.02734375,0
213.75000000001435,0.4049344370681509,0.0703125,0
213.80000000001436,0.38543087366155304,0.03125,0
213.85000000001438,0.3817428902312105,0.1171875,0
213.9000000000144,0.38127898710952934,0.0234375,0
213.9500000000144,0.37191616286269363,0.078125,0
214.0000000000144,0.3833550536215834,0.140625,0
214.05000000001442,0.4027938418544343,0.08984375,0
214.10000000001443,0.4048818149401501,0.0859375,0
214.15000000001444,0.3903664200895376,0.08984375,0
214.20000000001446,0.4030889429617086,0.1328125,0
214.25000000001447,0.41449739401094965,0.04296875,0
214.30000000001448,0.4381613470069431,0.0390625,0
214.3500000000145,0.4863304199206647,0.1796875,0
214.4000000000145,0.4831104914758003,0.046875,0
214.4500000000145,0.41208830203033037,0.1328125,0
214.50000000001452,0.39084380720735307,0.0390625,0
214.55000000001453,0.38112834930128053,0.1328125,0
214.60000000001455,0.33880067830285193,0.0390625,0
214.65000000001456,0.430981287811009,0.0859375,0
214.70000000001457,0.3421643075267273,0.0390625,0
214.75000000001458,0.3448822573970793,0.046875,0
214.8000000000146,0.2534455657101798,0.04296875,0
214.8500000000146,0.23459614526216405,0.1328125,0
214.90000000001461,0.22661641893369738,0.09375,0
214.95000000001463,0.22080555659108472,0.12890625,0
215.00000000001464,0.25188805585922586,0.08984375,0
215.05000000001465,0.28776078662313415,0.1328125,0
215.10000000001466,0.14553332873685096,0.0859375,0
215.15000000001467,0.17763474566057808,0.04296875,0
215.20000000001468,0.14041132472491322,0.09765625,0
215.2500000000147,0.13151868758807803,0.0390625,0
215.3000000000147,0.1401063655858578,0.1328125,0
215.35000000001472,0.9999991561479779,0.04296875,0
215.40000000001473,0.9999999344850776,0.125,0
215.45000000001474,0.9999997972431894,0.04296875,0
215.50000000001475,0.12175474842090486,0.04296875,0
215.55000000001476,0.07355878069127637,0.0859375,0
215.60000000001477,0.07944418750009241,0.04296875,0
215.65000000001478,0.9999996620001158,0.0390625,0
215.7000000000148,0.9999993240004446,0.08984375,0
215.7500000000148,0.08492977475234408,0.0390625,0
215.80000000001482,0.019822992141794504,0.04296875,0
215.85000000001483,0.9999993240004446,0.0390625,0
215.90000000001484,0.9999993232703487,0.0390625,0
215.95000000001485,0.03703697368274261,0.0859375,0
216.00000000001486,0.13833466451697468,0.0859375,0
216.05000000001488,0.07806213388693077,0.08984375,0
216.1000000000149,0.14418504758392556,0.09375,0
216.1500000000149,0.08233239016283068,0.09375,0
216.2000000000149,0.9999997248319541,0.09375,0
216.25000000001492,0.9999997562494771,0.08984375,0
216.30000000001493,0.9999997429710147,0.04296875,0
216.35000000001494,0.9999993008281292,0.1328125,0
216.40000000001496,0.9999997735245095,0.08984375,0
216.45000000001497,0.1609767186363118,0.0390625,0
216.50000000001498,0.07230997721416742,0.0859375,0
216.550000000015,0.9999993240004411,0.0859375,0
216.600000000015,0.0834268026605976,0.0390625,0
216.650000000015,0.04451026835464311,0.04296875,0
216.70000000001502,0.9999995201826569,0.046875,0
216.75000000001504,0.9999996620001164,0.09375,0
216.80000000001505,0.09747457433994373,0.04296875,0
216.85000000001506,0.12239274747058206,0.08984375,0
216.90000000001507,0.13448218602670703,0.17578125,0
216.95000000001508,0.15929126319129944,0.04296875,0
217.0000000000151,0.7075643131902764,0.24609375,0
217.0500000000151,0.7138514982932234,0.2421875,0
217.10000000001511,0.7044649328619452,0.19921875,0
217.15000000001513,0.6977561998580066,0.23828125,0
217.20000000001514,0.6979740022419192,0.19921875,1
217.25000000001515,0.697128809705951,0.20703125,1
217.30000000001516,0.6850099441731168,0.1484375,1
217.35000000001517,0.6784852601083327,0.25,0
217.40000000001518,0.6665722125918786,0.62890625,1
217.4500000000152,0.660469461148015,0.62890625,1
217.5000000000152,0.6544384459800289,0.74609375,1
217.55000000001522,0.6482689715557406,0.74609375,0
217.60000000001523,0.6387518593897652,0.74609375,0
217.65000000001524,0.6337895926486825,0.74609375,0
217.70000000001525,0.6316714685400564,0.74609375,1
217.75000000001526,0.635013514760111,0.74609375,1
217.80000000001527,0.6320807664797937,0.74609375,0
217.85000000001529,0.6336783581748155,0.74609375,0
217.9000000000153,0.6401251134278293,0.74609375,0
217.9500000000153,0.6424713486990734,0.703125,0
218.00000000001532,0.9999999999999835,0.63671875,0
218.05000000001533,0.6125208835849261,0.12890625,0
218.10000000001534,0.5429681127813681,0.16796875,0
218.15000000001535,0.7247949575448482,0.21484375,0
218.20000000001536,0.45798964856046215,0.078125,0
218.25000000001538,0.4511637241942579,0.09375,0
218.3000000000154,0.659084950192881,0.29296875,0
218.3500000000154,0.43586996542583467,0.07421875,0
218.4000000000154,0.7475550575565579,0.078125,0
218.45000000001542,0.9999999707702695,0.1328125,0
218.50000000001543,0.35404708018763287,0.2109375,0
218.55000000001544,0.33551878462121637,0.12109375,0
218.60000000001546,0.3205110799189681,0.078125,0
218.65000000001547,0.2856855307347321,0.16796875,0
218.70000000001548,0.27615188945962904,0.16796875,0
218.7500000000155,0.2528292934374572,0.07421875,0
218.8000000000155,0.9999999999998926,0.12890625,0
218.8500000000155,0.24431010759951977,0.171875,0
218.90000000001552,0.2118683899909063,0.125,0
218.95000000001554,0.15997290580997617,0.07421875,0
219.00000000001555,0.999999999999984,0.1328125,0
219.05000000001556,0.9999999999999915,0.1796875,0
219.10000000001557,0.7049921992589158,0.1796875,0
219.15000000001558,0.6616416466578632,0.16796875,0
219.2000000000156,0.6626948528510636,0.12890625,1
219.2500000000156,0.9999999890087304,0.171875,1
219.30000000001561,0.6451000840327155,0.22265625,1
219.35000000001563,0.6389345533867399,0.13671875,1
219.40000000001564,0.6325932247350659,0.2265625,1
219.45000000001565,0.9999999999999948,0.1796875,1
219.50000000001566,0.6244899152933849,0.17578125,1
219.55000000001567,0.6096353504268349,0.1328125,1
219.60000000001568,0.6109915773278601,0.171875,1
219.6500000000157,0.6712740869660959,0.171875,1
219.7000000000157,0.5881589314715856,0.1171875,1
219.75000000001572,0.5791506743532574,0.0703125,1
219.80000000001573,0.9999999999999974,0.1640625,1
219.85000000001574,0.9999999999999973,0.12890625,1
219.90000000001575,0.9999999999999925,0.12109375,1
219.95000000001576,0.9999999999999881,0.1328125,1
220.00000000001577,0.9999999999999835,0.1640625,1
220.05000000001579,0.9999999999999835,0.0703125,1
220.1000000000158,0.5756079597621532,0.1171875,1
220.1500000000158,0.47213122907433996,0.07421875,1
220.20000000001582,0.9999999999999899,0.06640625,1
220.25000000001583,0.44332529698846057,0.0703125,1
220.30000000001584,0.999999999999981,0.12109375,1
220.35000000001585,0.4398373795979402,0.171875,1
220.40000000001586,0.40526828069603754,0.1171875,1
220.45000000001588,0.39026282399691553,0.12109375,1
220.5000000000159,0.4060741787408353,0.11328125,1
220.5500000000159,0.44802085662672064,0.0703125,1
220.6000000000159,0.3363990047598527,0.06640625,1
220.65000000001592,0.2961059359121602,0.125,1
220.70000000001593,0.3082491421533487,0.2578125,1
220.75000000001594,0.9999999528625437,0.1171875,1
220.80000000001596,0.29094341188449474,0.0703125,1
220.85000000001597,0.2295617997291864,0.12109375,1
220.90000000001598,0.18120910782378538,0.0703125,1
220.950000000016,0.15071134303185799,0.1171875,1
221.000000000016,0.1147263684700148,0.12109375,1
221.050000000016,0.11515777878361824,0.12109375,1
221.10000000001602,0.08936624055380807,0.1640625,1
221.15000000001604,0.08723947912637132,0.078125,1
221.20000000001605,0.12377105737279392,0.078125,1
221.25000000001606,0.9999995927078545,0.07421875,1
221.30000000001607,0.9999998698979304,0.12109375,1
221.35000000001608,0.21383098678977225,0.078125,1
221.4000000000161,0.189366705135927,0.1171875,1
221.4500000000161,0.1635440639555237,0.12109375,1
221.50000000001612,0.16630869076024868,0.09765625,1
221.55000000001613,0.15976149421977875,0.26171875,1
221.60000000001614,0.09658242097835726,0.12890625,1
221.65000000001615,0.10009162166362756,0.25,1
221.70000000001616,0.1264309672910977,0.078125,1
221.75000000001617,0.04837120896778335,0.1640625,1
221.80000000001618,0.999999545192412,0.125,1
221.8500000000162,0.055817022871918434,0.0703125,1
221.9000000000162,0.1540089925172253,0.1640625,1
221.95000000001622,0.15388225181114254,0.078125,1
222.00000000001623,0.9999999886672967,0.1328125,1
222.05000000001624,0.999999988466896,0.1640625,1
222.10000000001625,0.9999999875263543,0.109375,1
222.15000000001626,0.9999999871058914,0.05859375,1
222.20000000001627,0.9999999868269002,0.1171875,1
222.25000000001629,0.6432379952101016,0.05859375,1
222.3000000000163,0.6364640846743561,0.05859375,1
222.3500000000163,0.652106978475038,0.05859375,1
222.40000000001632,0.6293756858685483,0.05859375,1
222.45000000001633,0.608392882078041,0.109375,1
222.50000000001634,0.5995990954737155,0.05859375,1
222.55000000001635,0.58987362562006,0.0703125,1
222.60000000001637,0.671598648787312,0.109375,1
222.65000000001638,0.576601335599491,0.109375,1
222.7000000000164,0.598530264011152,0.1171875,1
222.7500000000164,0.5558085353952392,0.1640625,1
222.8000000000164,0.5199922890942953,0.06640625,1
222.85000000001642,0.5030407416685589,0.06640625,1
222.90000000001643,0.5099281756373494,0.16796875,1
222.95000000001644,0.4641181472274743,0.1640625,1
223.00000000001646,0.6629749774558662,0.12890625,1
223.05000000001647,0.6453685184303628,0.07421875,1
223.10000000001648,0.630038990926974,0.07421875,1
223.1500000000165,0.6270417474492874,0.01953125,1
223.2000000000165,0.6242042115167621,0.0703125,1
223.2500000000165,0.599118234865478,0.0703125,1
223.30000000001652,0.5737113164791953,0.0703125,1
223.35000000001654,0.5470461297776005,0.078125,1
223.40000000001655,0.5242686559073325,0.015625,1
223.45000000001656,0.5023470586847845,0.06640625,1
223.50000000001657,0.508969343989658,0.01953125,1
223.55000000001658,0.48690310599782083,0.0703125,1
223.6000000000166,0.4746560256819441,0.125,1
223.6500000000166,0.46493315178462546,0.06640625,1
223.70000000001662,0.4623005539079729,0.015625,1
223.75000000001663,0.457323128248903,0.06640625,1
223.80000000001664,0.43108042893109677,0.01953125,1
223.85000000001665,0.43387826937160484,0.0234375,1
223.90000000001666,0.4211794364857405,0.01953125,1
223.95000000001667,0.41723139544583565,0.125,1
224.00000000001668,0.45171263355757085,0.0703125,1
224.0500000000167,0.453562517607727,0.02734375,1
224.1000000000167,0.3954291977069614,0.02734375,1
224.15000000001672,0.39628960592997053,0.125,1
224.20000000001673,0.45682234092315693,0.01171875,1
224.25000000001674,0.4087816947566869,0.12109375,1
224.30000000001675,0.3840929448607768,0.06640625,1
224.35000000001676,0.24439590221919003,0.01171875,1
224.40000000001677,0.09603793352115425,0.015625,1
224.4500000000168,0.9999999999979607,0.078125,1
224.5000000000168,0.9999999999981384,0.07421875,1
224.5500000000168,0.07476688015247868,0.12109375,1
224.60000000001682,0.07476688015247868,0.015625,1
224.65000000001683,0.0637761403817543,0.015625,1
224.70000000001684,0.04851230243304095,0.01171875,1
224.75000000001685,0.1454986074373648,0.015625,1
224.80000000001687,0.10416288354969394,0.01953125,1
224.85000000001688,0.9999995397324922,0.07421875,1
224.9000000000169,0.9999994488445549,0.12109375,1
224.9500000000169,0.9999994488445549,0.06640625,1
225.0000000000169,0.9999999999997603,0.0859375,1
225.05000000001692,0.9999993230857336,0.07421875,1
225.10000000001693,0.9999998661348858,0.08203125,1
225.15000000001695,0.1903837406912476,0.0703125,1
225.20000000001696,0.1340837950625598,0.02734375,1
225.25000000001697,0.9999998727049705,0.07421875,1
225.30000000001698,0.9999998727049705,0.03125,1
225.350000000017,0.09684094751090415,0.01953125,1
225.400000000017,0.07209102997069147,0.01953125,1
225.450000000017,0.0012679872509105208,0.1640625,1
225.50000000001702,0.0277964652418663,0.0234375,1
225.55000000001704,0.02057399120641893,0.02734375,1
225.60000000001705,0.0490720848839489,0.125,1
225.65000000001706,0.08684871180031624,0.0234375,1
225.70000000001707,0.05456621418807744,0.0703125,1
225.75000000001708,0.02432121251457056,0.0234375,1
225.8000000000171,0.9999999190606618,0.0703125,1
225.8500000000171,0.0489424965277758,0.0703125,1
225.90000000001712,0.11491754142503596,0.07421875,1
225.95000000001713,0.0557641764686014,0.07421875,1
226.00000000001714,0.4053624325720423,0.30078125,1
226.05000000001715,0.41368964809049863,0.2734375,1
226.10000000001716,0.41459136558801984,0.3828125,1
226.15000000001717,0.40684709148411297,0.30078125,1
226.20000000001718,0.39868743435452797,0.171875,1
226.2500000000172,0.3818799970976777,0.12109375,1
226.3000000000172,0.35422383572018873,0.0859375,1
226.35000000001722,0.317887511383232,0.2109375,1
226.40000000001723,0.2853719518218939,0.125,1
226.45000000001724,0.2603250823738474,0.12109375,1
226.50000000001725,0.22057839715547709,0.1640625,1
226.55000000001726,0.18118346619225614,0.125,1
226.60000000001727,0.1471712667206685,0.12109375,1
226.6500000000173,0.1299239242353855,0.12109375,1
226.7000000000173,0.11135859422486172,0.0859375,1
226.7500000000173,0.10262853981299518,0.12890625,1
226.80000000001732,0.09546878159293222,0.1640625,1
226.85000000001733,0.09534014498442807,0.1640625,1
226.90000000001734,0.10878835963526794,0.078125,1
226.95000000001735,0.07226202518069212,0.078125,1
227.00000000001737,0.10266922693364147,0.14453125,1
227.05000000001738,0.09716855582793046,0.1796875,1
227.1000000000174,0.09589510531721256,0.17578125,1
227.1500000000174,0.10046004527719375,0.13671875,1
227.2000000000174,0.1103517953505725,0.09765625,1
227.25000000001742,0.12207884248191106,0.09765625,1
227.30000000001743,0.09212398826869884,0.17578125,1
227.35000000001745,0.07177437739245918,0.13671875,1
227.40000000001746,0.040600525666254515,0.09765625,1
227.45000000001747,0.06396089003413818,0.140625,1
227.50000000001748,0.049164459851875765,0.09765625,1
227.5500000000175,0.07130308734718717,0.09765625,1
227.6000000000175,0.03219537361852064,0.10546875,1
227.6500000000175,0.01530303092882405,0.1015625,1
227.70000000001752,0.020355073529378844,0.13671875,1
227.75000000001754,0.036115419929502436,0.140625,1
227.80000000001755,0.051773195344967764,0.13671875,1
227.85000000001756,0.06940183304443384,0.13671875,1
227.90000000001757,0.08686319440995438,0.14453125,1
227.95000000001758,0.10330243037194306,0.10546875,1
228.0000000000176,0.09852304773908198,0.14453125,1
228.0500000000176,0.08099557252708547,0.09765625,1
228.10000000001762,0.06384610468419283,0.1796875,1
228.15000000001763,0.09079608467331174,0.10546875,1
228.20000000001764,0.08082376568627338,0.17578125,1
228.25000000001765,0.07790865855694212,0.09765625,1
228.30000000001766,0.05643952014526452,0.1015625,1
228.35000000001767,0.04777902868009885,0.09765625,1
228.40000000001768,0.027185997935845335,0.09765625,1
228.4500000000177,0.015402000057156072,0.1015625,1
228.5000000000177,0.023939809141597428,0.1328125,1
228.55000000001772,0.052849906344978846,0.09765625,1
228.60000000001773,0.012787113428311908,0.09765625,1
228.65000000001774,0.005160539859735352,0.16796875,1
228.70000000001775,0.05940549151203234,0.1015625,1
228.75000000001776,0.0797373610423028,0.1015625,1
228.80000000001777,0.06746019561361181,0.13671875,1
228.8500000000178,0.07848848963698582,0.10546875,1
228.9000000000178,0.06764114340149718,0.1640625,1
228.9500000000178,0.07694920942057681,0.14453125,1
229.00000000001782,0.07523818145998681,0.17578125,1
229.05000000001783,0.07596402247342285,0.17578125,1
229.10000000001784,0.1095846024778354,0.13671875,1
229.15000000001785,0.11518287629201557,0.1015625,1
229.20000000001787,0.06217060039499652,0.1328125,1
229.25000000001788,0.06355896247776521,0.13671875,1
229.3000000000179,0.02760148602160895,0.09765625,1
229.3500000000179,0.014950283804081432,0.17578125,1
229.4000000000179,0.08088538882122931,0.09765625,1
229.45000000001792,0.11562878778800151,0.09765625,1
229.50000000001793,0.10743364334520576,0.09765625,1
229.55000000001795,0.07531372455737531,0.13671875,1
229.60000000001796,0.07450844081882038,0.1015625,1
229.65000000001797,0.0595705591842774,0.14453125,1
229.70000000001798,0.07303280907510427,0.10546875,1
229.750000000018,0.07121592804032476,0.18359375,1
229.800000000018,0.06374450630521496,0.1796875,1
229.850000000018,0.07941757262068508,0.13671875,1
229.90000000001803,0.06396373389042091,0.09765625,1
229.95000000001804,0.03016264743616652,0.09765625,1
230.00000000001805,0.4366627103695552,0.15625,1
230.05000000001806,0.44199657375538925,0.18359375,1
230.10000000001807,0.43724501576603503,0.17578125,1
230.15000000001808,0.4301023113256502,0.1796875,1
230.2000000000181,0.42401970268069594,0.1328125,1
230.2500000000181,0.42267308528010394,0.09375,1
230.30000000001812,0.4117674427818182,0.1328125,1
230.35000000001813,0.41053940034083497,0.09375,1
230.40000000001814,0.3974973462636066,0.13671875,1
230.45000000001815,0.3927307544538466,0.13671875,1
230.50000000001816,0.3841874065252022,0.09765625,1
230.55000000001817,0.37962901819372324,0.09375,1
230.60000000001818,0.37490610635037513,0.08984375,1
230.6500000000182,0.3807106156512018,0.09375,1
230.7000000000182,0.37764036834590303,0.08984375,1
230.75000000001822,0.3617043141761662,0.1328125,1
230.80000000001823,0.36483445216027355,0.17578125,1
230.85000000001824,0.36759218307024,0.08984375,1
230.90000000001825,0.3532244239131744,0.09765625,1
230.95000000001826,0.3351787143958456,0.1328125,1
231.00000000001828,0.677498355459515,0.35546875,1
231.0500000000183,0.6773067669402931,0.2578125,1
231.1000000000183,0.6736659497145407,0.2578125,1
231.1500000000183,0.6698250542767943,0.2578125,1
231.20000000001832,0.6638559508614517,0.2578125,1
231.25000000001833,0.6601791012308978,0.2578125,1
231.30000000001834,0.6562815004894645,0.2578125,1
231.35000000001835,0.6520794472665001,0.2578125,1
231.40000000001837,0.6462558275500637,0.2578125,1
231.45000000001838,0.6402676354846548,0.2578125,1
231.5000000000184,0.6342291762107404,0.2578125,1
231.5500000000184,0.6262842913617367,0.2578125,1
231.6000000000184,0.6210217447191965,0.2578125,1
231.65000000001842,0.6137407457294267,0.2578125,1
231.70000000001843,0.606167941285063,0.2578125,1
231.75000000001845,0.5982767581659678,0.2578125,1
231.80000000001846,0.5900563357886175,0.2578125,1
231.85000000001847,0.5815118686378307,0.2578125,1
231.90000000001848,0.5705349293305333,0.2578125,1
231.9500000000185,0.5624900566104946,0.2578125,1
232.0000000000185,0.6634084133829524,0.3125,1
232.0500000000185,0.6574106683471043,0.3125,1
232.10000000001853,0.6489273185563355,0.3125,1
232.15000000001854,0.6401299410625809,0.3125,1
232.20000000001855,0.6310090571557462,0.3125,1
232.25000000001856,0.620004181405949,0.3125,1
232.30000000001857,0.6109185850856466,0.3125,1
232.35000000001858,0.6004693851046297,0.3125,1
232.4000000000186,0.5897341841356103,0.3125,1
232.4500000000186,0.5797772805024847,0.3125,1
232.50000000001862,0.5695944440709505,0.3125,1
232.55000000001863,0.5590940626106923,0.3125,1
232.60000000001864,0.5455929792501765,0.3125,1
232.65000000001865,0.5365073129804272,0.3125,1
232.70000000001866,0.5240383294104162,0.3125,0
232.75000000001867,0.5110037348076466,0.34765625,0
232.80000000001868,0.4982198832715263,0.69921875,0
232.8500000000187,0.48492239596462144,0.66015625,0
232.9000000000187,0.47027655006034313,0.30859375,0
232.95000000001872,0.4542300838410659,0.30859375,0
233.00000000001873,0.4347906362738027,0.26171875,0
233.05000000001874,0.41200386250015103,0.30078125,0
233.10000000001875,0.39032331367417034,0.14453125,0
233.15000000001876,0.3661361785817747,0.24609375,0
233.20000000001878,0.3357908030461116,0.01953125,0
233.2500000000188,0.3045496193073572,0.12890625,0
233.3000000000188,0.27533619962258576,0.01953125,0
233.3500000000188,0.24634058053471503,0.07421875,0
233.40000000001882,0.20607838118168165,0.12109375,0
233.45000000001883,0.16219590662123867,0.08203125,0
233.50000000001884,0.14589247496521862,0.01953125,0
233.55000000001885,0.1307007503204822,0.0234375,0
233.60000000001887,0.12055609981168652,0.0234375,0
233.65000000001888,0.09890318841593619,0.03515625,0
233.7000000000189,0.10820992063856857,0.0234375,0
233.7500000000189,0.11015935737402163,0.078125,0
233.8000000000189,0.08728029093514118,0.12890625,0
233.85000000001892,0.07168964489094166,0.0234375,0
233.90000000001893,0.07565784912760827,0.02734375,0
233.95000000001895,0.07835028764408564,0.0234375,0
234.00000000001896,0.17184624943401872,0.18359375,0
234.05000000001897,0.1653721491626255,0.13671875,0
234.10000000001898,0.15289711477287712,0.12890625,0
234.150000000019,0.13131767278427814,0.04296875,0
234.200000000019,0.14539635994895966,0.0390625,0
234.250000000019,0.13309820596306737,0.08984375,0
234.30000000001903,0.12382643513320742,0.09375,0
234.35000000001904,0.12064910742922416,0.03515625,0
234.40000000001905,0.12240433196469369,0.1796875,0
234.45000000001906,0.10911923990064173,0.03515625,0
234.50000000001907,0.077882233826005,0.0390625,0
234.55000000001908,0.10470639080720365,0.03515625,0
234.6000000000191,0.08147621849956972,0.08984375,0
234.6500000000191,0.07906411660386796,0.05078125,0
234.70000000001912,0.07848882728537872,0.04296875,0
234.75000000001913,0.08463111550223266,0.0390625,0
234.80000000001914,0.11741850846101966,0.08203125,0
234.85000000001915,0.08360898948724532,0.1328125,0
234.90000000001916,0.06881497467931838,0.04296875,0
234.95000000001917,0.05506463026990527,0.13671875,0
235.00000000001918,0.07746750616564763,0.140625,0
235.0500000000192,0.10757195593223459,0.19140625,0
235.1000000000192,0.11111023821123499,0.1796875,0
235.15000000001922,0.07939621356744543,0.140625,0
235.20000000001923,0.07910498552566414,0.0625,0
235.25000000001924,0.07574968338236286,0.09765625,0
235.30000000001925,0.05620130526287686,0.0546875,0
235.35000000001926,0.04756021655767248,0.140625,0
235.40000000001928,0.028889490933398702,0.14453125,0
235.4500000000193,0.027673085969040147,0.09375,0
235.5000000000193,0.026249995076179946,0.0546875,0
235.5500000000193,0.060257881083890526,0.05859375,0
235.60000000001932,0.02286313541005899,0.09765625,0
235.65000000001933,0.009737305296962859,0.09765625,0
235.70000000001934,0.06365344908356795,0.05859375,0
235.75000000001936,0.10189102189407763,0.0703125,0
235.80000000001937,0.08970667119739284,0.0546875,0
235.85000000001938,0.09436676144566354,0.09765625,0
235.9000000000194,0.15706218567836014,0.09765625,0
235.9500000000194,0.09131542986001286,0.0546875,0
236.0000000000194,0.35742932134082683,0.17578125,0
236.05000000001942,0.3487030964063607,0.20703125,0
236.10000000001943,0.33946358881030747,0.24609375,0
236.15000000001945,0.3308765927904612,0.11328125,0
236.20000000001946,0.32018353897078555,0.11328125,0
236.25000000001947,0.3060244979109701,0.109375,0
236.30000000001948,0.27139146477497994,0.0703125,0
236.3500000000195,0.24620571369403838,0.07421875,0
236.4000000000195,0.24031809592813358,0.0703125,0
236.45000000001951,0.23325477100548844,0.0703125,0
236.50000000001953,0.21813073398181018,0.11328125,0
236.55000000001954,0.1775502055355868,0.0703125,0
236.60000000001955,0.1489885830387293,0.1171875,0
236.65000000001956,0.12560034436199266,0.0703125,0
236.70000000001957,0.11171911041370561,0.0703125,0
236.75000000001958,0.11873182707491702,0.11328125,0
236.8000000000196,0.11950240642092422,0.11328125,0
236.8500000000196,0.08852960312742675,0.07421875,0
236.90000000001962,0.11008123398790634,0.0703125,0
236.95000000001963,0.08620517763899598,0.0703125,0
237.00000000001964,0.06583271029695875,0.0703125,0
237.05000000001965,0.03942920004994675,0.0703125,0
237.10000000001966,0.02701287363629654,0.07421875,0
237.15000000001967,0.007917130347118701,0.11328125,0
237.20000000001968,0.007779800853216197,0.15625,0
237.2500000000197,0.04422389578458635,0.203125,0
237.3000000000197,0.007855343009860696,0.07421875,0
237.35000000001972,0.0029611931643226644,0.0703125,0
237.40000000001973,0.055790730454631926,0.07421875,0
237.45000000001974,0.06886460883999275,0.0859375,0
237.50000000001975,0.06961408815900673,0.07421875,0
237.55000000001976,0.05740415166453812,0.19921875,0
237.60000000001978,0.03682239801054885,0.16015625,0
237.6500000000198,0.05993858104089775,0.11328125,0
237.7000000000198,0.024811656795136576,0.08203125,0
237.7500000000198,0.07632798482448426,0.07421875,0
237.80000000001982,0.04183849832334609,0.11328125,0
237.85000000001983,0.011645451127162683,0.0859375,0
237.90000000001984,0.022672864227975754,0.0703125,0
237.95000000001986,0.030982095793870772,0.07421875,0
238.00000000001987,0.0900467768363069,0.17578125,0
238.05000000001988,0.08993803554343324,0.17578125,0
238.1000000000199,0.11314677424734133,0.13671875,0
238.1500000000199,0.10412330213191293,0.13671875,0
238.2000000000199,0.10579197946915118,0.09765625,0
238.25000000001992,0.12603867116139544,0.1015625,0
238.30000000001993,0.12165495333425444,0.09375,0
238.35000000001995,0.11066775027269549,0.09375,0
238.40000000001996,0.06896109217786879,0.09375,0
238.45000000001997,0.05084255124470887,0.09765625,0
238.50000000001998,0.051378151910589046,0.1328125,0
238.55000000002,0.5487106894144672,0.09375,0
238.60000000002,0.5264868456475899,0.09765625,0
238.65000000002001,0.49671046052220325,0.09375,0
238.70000000002003,0.4616565143138524,0.1640625,0
238.75000000002004,0.42772999797266736,0.17578125,0
238.80000000002005,0.41217198903567515,0.13671875,0
238.85000000002006,0.39755046266407956,0.16796875,0
238.90000000002007,0.37226431347882705,0.171875,0
238.95000000002008,0.3711510599406776,0.09375,0
239.0000000000201,0.4358131153060751,0.1953125,0
239.0500000000201,0.40227899739607087,0.1640625,0
239.10000000002012,0.3688384958623695,0.20703125,0
239.15000000002013,0.35125555222453986,0.20703125,0
239.20000000002014,0.4143320155947424,0.06640625,0
239.25000000002015,0.4120381593010762,0.0625,0
239.30000000002016,0.4154617497097443,0.11328125,0
239.35000000002017,0.4313958237147894,0.11328125,0
239.40000000002019,0.42844192900812855,0.0703125,0
239.4500000000202,0.4158838512788491,0.06640625,0
239.5000000000202,0.39072583536849365,0.15625,0
239.55000000002022,0.39134289025905994,0.10546875,0
239.60000000002023,0.4517947652706544,0.06640625,0
239.65000000002024,0.4711497600883731,0.10546875,0
239.70000000002025,0.4793256251355317,0.15625,0
239.75000000002026,0.41923201540455624,0.06640625,0
239.80000000002028,0.38229303838042306,0.16796875,0
239.8500000000203,0.2939870195602263,0.0625,0
239.9000000000203,0.2923351998648637,0.0859375,0
239.9500000000203,0.29393888461593604,0.11328125,0
240.00000000002032,0.41791287104474056,0.15625,0
240.05000000002033,0.4321629274617912,0.14453125,0
240.10000000002034,0.40297056439666623,0.140625,0
240.15000000002036,0.3979604167733941,0.140625,0
240.20000000002037,0.39479726556531725,0.05078125,0
240.25000000002038,0.41326439358447725,0.140625,0
240.3000000000204,0.40385264861868914,0.1328125,0
240.3500000000204,0.41333233817600146,0.1015625,0
240.4000000000204,0.4136294158083584,0.08984375,0
240.45000000002042,0.4174358956852002,0.1015625,0
240.50000000002044,0.36270373001673717,0.0546875,0
240.55000000002045,0.34548538538858703,0.05078125,0
240.60000000002046,0.3237018806243912,0.05078125,0
240.65000000002047,0.3248889696008293,0.046875,0
240.70000000002048,0.330885655300259,0.08984375,0
240.7500000000205,0.3087148504605134,0.09375,0
240.8000000000205,0.2860661813138377,0.09375,0
240.85000000002051,0.29329932148838395,0.04296875,0
240.90000000002053,0.25105915754803054,0.1875,0
240.95000000002054,0.9999999289576208,0.0859375,0
241.00000000002055,0.6252175742477111,0.20703125,0
241.05000000002056,0.6645279085939708,0.15625,0
241.10000000002057,0.9999999889641431,0.19140625,0
241.15000000002058,0.6102161000607202,0.19140625,0
241.2000000000206,0.6125304021959508,0.09765625,0
241.2500000000206,0.5804261207736308,0.0546875,0
241.30000000002062,0.573505277774631,0.09765625,0
241.35000000002063,0.5696290496960883,0.09765625,0
241.40000000002064,0.5654646412528592,0.05078125,0
241.45000000002065,0.9999999857362384,0.19921875,0
241.50000000002066,0.5584598022999251,0.05078125,0
241.55000000002067,0.5839577010189249,0.05078125,0
241.60000000002069,0.9999999829379419,0.05078125,0
241.6500000000207,0.9999999820310529,0.10546875,0
241.7000000000207,0.5188970102242034,0.0546875,0
241.75000000002072,0.5452626289961567,0.06640625,0
241.80000000002073,0.9999999813272336,0.0546875,0
241.85000000002074,0.9999999794378672,0.05078125,0
241.90000000002075,0.9999999776068905,0.1015625,0
241.95000000002076,0.4699066279851169,0.05078125,0
242.00000000002078,0.4590359893758707,0.05078125,0
242.0500000000208,0.44018126260645757,0.05078125,0
242.1000000000208,0.5478640444484337,0.12890625,0
242.1500000000208,0.9999999787873658,0.09765625,0
242.20000000002082,0.4131831723941684,0.05078125,0
242.25000000002083,0.9999999725375754,0.19140625,0
242.30000000002084,0.3933611795702381,0.09765625,0
242.35000000002086,0.3821579379969576,0.09765625,0
242.40000000002087,0.3365194395304378,0.05078125,0
242.45000000002088,0.29440047382905904,0.05078125,0
242.5000000000209,0.9999999525256367,0.09765625,0
242.5500000000209,0.9999999513512283,0.0546875,0
242.6000000000209,0.9999999454581356,0.0546875,0
242.65000000002092,0.9999999387043045,0.1015625,0
242.70000000002094,0.9999999261123922,0.09765625,0
242.75000000002095,0.2571109296313129,0.05078125,0
242.80000000002096,0.2008844775697787,0.05078125,0
242.85000000002097,0.15955423876261876,0.1328125,0
242.90000000002098,0.9999998823596398,0.0546875,0
242.950000000021,0.9999998544426676,0.05859375,0
243.000000000021,0.9999999894461533,0.16015625,0
243.05000000002102,0.9999999892956615,0.1171875,0
243.10000000002103,0.9999999999999805,0.16015625,0
243.15000000002104,0.6540347124863352,0.12109375,0
243.20000000002105,0.9999999999999791,0.1171875,1
243.25000000002106,0.9999999999999786,0.125,1
243.30000000002107,0.6442873335886967,0.2109375,1
243.35000000002108,0.6491554679723989,0.171875,1
243.4000000000211,0.9999999890751352,0.265625,1
243.4500000000211,0.6415901703317587,0.265625,1
243.50000000002112,0.6310126655494094,0.265625,1
243.55000000002113,0.6219271548698905,0.265625,1
243.60000000002114,0.6151541453057225,0.265625,1
243.65000000002115,0.6080194976715547,0.265625,1
243.70000000002116,0.6007054547804197,0.2890625,0
243.75000000002117,0.5921330153410508,0.2890625,0
243.80000000002119,0.582927601813653,0.74609375,0
243.8500000000212,0.5760594613366733,0.74609375,0
243.9000000000212,0.5845957895160802,0.74609375,0
243.95000000002122,0.9999999826915774,0.74609375,0
244.00000000002123,0.9999999999999633,0.63671875,0
244.05000000002124,0.9999999793175409,0.63671875,0
244.10000000002125,0.9999999793175409,0.63671875,1
244.15000000002127,0.9999999999999816,0.63671875,1
244.20000000002128,0.999999999999981,0.63671875,1
244.2500000000213,0.99999997861929,0.63671875,0
244.3000000000213,0.9999999759816337,0.63671875,0
244.3500000000213,0.9999999999999889,0.63671875,0
244.40000000002132,0.9999999999999959,0.63671875,0
244.45000000002133,0.9999999999999959,0.59375,0
244.50000000002134,0.9999999999999959,0.59765625,0
244.55000000002136,0.9999999999999936,0.1640625,0
244.60000000002137,0.29633950378589086,0.125,0
244.65000000002138,0.11898859412967695,0.2109375,0
244.7000000000214,0.7803151731135147,0.125,0
244.7500000000214,0.14012740521449216,0.1640625,0
244.8000000000214,0.02724906682436743,0.1328125,0
244.85000000002142,0.027276643342861624,0.12109375,0
244.90000000002144,0.025586045694621154,0.12109375,0
244.95000000002145,0.0462011736692053,0.140625,0
245.00000000002146,0.584447667211959,0.22265625,0
245.05000000002147,0.5875544869062483,0.22265625,0
245.10000000002148,0.5817783530114492,0.21875,0
245.1500000000215,0.5825235421502921,0.17578125,0
245.2000000000215,0.5781378501106632,0.18359375,1
245.25000000002152,0.5620427042855017,0.22265625,1
245.30000000002153,0.5538472548118616,0.19140625,1
245.35000000002154,0.5519440535792325,0.1796875,1
245.40000000002155,0.5532288639648862,0.17578125,1
245.45000000002156,0.560596210575692,0.30078125,1
245.50000000002157,0.5609527287457976,0.16796875,1
245.55000000002158,0.5499707183231745,0.1640625,1
245.6000000000216,0.5425770360684238,0.20703125,1
245.6500000000216,0.529421392197746,0.1171875,1
245.70000000002162,0.5055180100507383,0.1171875,1
245.75000000002163,0.48931741055782196,0.20703125,1
245.80000000002164,0.49537448159844927,0.1171875,1
245.85000000002165,0.4887103927924843,0.1171875,1
245.90000000002166,0.4777763949178701,0.12109375,1
245.95000000002167,0.4599064544755743,0.1640625,1
246.00000000002169,0.7105855449294735,0.171875,1
246.0500000000217,0.7048061783199886,0.21875,1
246.1000000000217,0.6964320044884857,0.17578125,1
246.15000000002172,0.6867804775537317,0.171875,1
246.20000000002173,0.6791393728124625,0.21875,1
246.25000000002174,0.6685777324473439,0.21484375,1
246.30000000002175,0.6595317758326774,0.2265625,1
246.35000000002177,0.6603672405563128,0.30078125,1
246.40000000002178,0.6486315152835438,0.20703125,1
246.4500000000218,0.6296998738783356,0.1640625,1
246.5000000000218,0.6178651718796405,0.20703125,1
246.5500000000218,0.608555794824646,0.1171875,1
246.60000000002182,0.6047019424785542,0.10546875,1
246.65000000002183,0.5880576580388192,0.15234375,1
246.70000000002184,0.5710794446870752,0.15234375,1
246.75000000002186,0.5449274937555664,0.15234375,1
246.80000000002187,0.5247997246679396,0.16015625,1
246.85000000002188,0.526188728321805,0.20703125,1
246.9000000000219,0.5303266357908564,0.15625,1
246.9500000000219,0.4883060606371514,0.203125,1
247.0000000000219,0.46551087137429226,0.15234375,1
247.05000000002192,0.49991278633364844,0.10546875,1
247.10000000002194,0.4384644126377916,0.15625,1
247.15000000002195,0.3557404809507397,0.1015625,1
247.20000000002196,0.29679856101394053,0.15234375,1
247.25000000002197,0.25111626951633514,0.16015625,1
247.30000000002198,0.20473772365662468,0.25390625,1
247.350000000022,0.1591445031454844,0.10546875,1
247.400000000022,0.17128224177969595,0.15234375,1
247.45000000002202,0.09089537264357947,0.10546875,1
247.50000000002203,0.1308904488685168,0.16015625,1
247.55000000002204,0.044579761474759276,0.20703125,1
247.60000000002205,0.00779876121230528,0.15234375,1
247.65000000002206,0.030522323319626978,0.10546875,1
247.70000000002207,0.10790884308206848,0.10546875,1
247.75000000002208,0.999999918594943,0.1640625,1
247.8000000000221,0.036140932331708606,0.15625,1
247.8500000000221,0.050341961220019216,0.15625,1
247.90000000002212,0.9999998904745271,0.15625,1
247.95000000002213,0.9999999120354536,0.15625,1
248.00000000002214,0.999999930528187,0.1484375,1
248.05000000002215,0.9999999437566154,0.1484375,1
248.10000000002216,0.17742591879684494,0.19140625,1
248.15000000002217,0.1514390567529343,0.14453125,1
248.2000000000222,0.16033878220189376,0.09765625,1
248.2500000000222,0.9999996849120932,0.09765625,1
248.3000000000222,0.9999993240004411,0.15234375,1
248.35000000002222,0.9999993232703457,0.1015625,1
248.40000000002223,0.03703703703703744,0.09765625,1
248.45000000002224,0.9999999053241492,0.1015625,1
248.50000000002225,0.08982899400380667,0.09765625,1
248.55000000002227,0.9999996445884861,0.14453125,1
248.60000000002228,0.13050968391260068,0.09765625,1
248.6500000000223,0.14277343691095828,0.1484375,1
248.7000000000223,0.09851740927657969,0.14453125,1
248.7500000000223,0.0672870089124432,0.1015625,1
248.80000000002232,0.15221475029231535,0.13671875,1
248.85000000002233,0.066432432837098,0.10546875,1
248.90000000002235,0.09969664433733576,0.1015625,1
248.95000000002236,0.9999997496720441,0.24609375,1
249.00000000002237,0.5622674771185713,0.3671875,1
249.05000000002238,0.5548331623107047,0.203125,1
249.1000000000224,0.5358651832685485,0.19140625,1
249.1500000000224,0.49146342903545676,0.1875,1
249.2000000000224,0.47659030533438307,0.09375,1
249.25000000002242,0.4123996048937705,0.0390625,1
249.30000000002244,0.37676453898283646,0.08984375,1
249.35000000002245,0.3421108269382142,0.0859375,1
249.40000000002246,0.25809229068970524,0.0390625,1
249.45000000002247,0.19269987765081859,0.04296875,1
249.50000000002248,0.11543535107500849,0.04296875,1
249.5500000000225,0.9999999999998664,0.0546875,1
249.6000000000225,0.11930012090520044,0.0859375,1
249.65000000002252,0.9999999999999176,0.0859375,1
249.70000000002253,0.9999999999999134,0.14453125,1
249.75000000002254,0.19730923245830936,0.04296875,1
249.80000000002255,0.14930871851613453,0.08984375,1
249.85000000002256,0.10504572558811166,0.09375,1
249.90000000002257,0.14061035864970245,0.03515625,1
249.95000000002258,0.09342172210926172,0.03515625,1
250.0000000000226,0.1418087766484332,0.21484375,1
250.0500000000226,0.14728682170542634,0.20703125,1
250.10000000002262,0.14658362725413873,0.20703125,1
250.15000000002263,0.14583562161154864,0.20703125,1
250.20000000002264,0.14583562161154864,0.20703125,1
250.25000000002265,0.1458356216115485,0.20703125,1
250.30000000002266,0.14583562161154864,0.20703125,1
250.35000000002267,0.1458356216115485,0.20703125,1
250.4000000000227,0.1458356216115485,0.20703125,1
250.4500000000227,0.1458356216115486,0.20703125,1
250.5000000000227,0.14583562161154853,0.20703125,1
250.55000000002272,0.1458356216115486,0.20703125,1
250.60000000002273,0.1458356216115485,0.20703125,1
250.65000000002274,0.1458356216115486,0.20703125,1
250.70000000002275,0.1458356216115485,0.20703125,1
250.75000000002277,0.1458356216115485,0.20703125,1
250.80000000002278,0.1458356216115485,0.20703125,1
250.8500000000228,0.1458356216115486,0.20703125,1
250.9000000000228,0.14583562161154856,0.20703125,1
250.9500000000228,0.1458356216115486,0.20703125,1
251.00000000002282,0.14583562161154856,0.20703125,1
251.05000000002283,0.1458356216115485,0.20703125,1
251.10000000002285,0.3876128118917006,0.20703125,1
251.15000000002286,0.3915711241307593,0.20703125,1
251.20000000002287,0.39079799441870566,0.20703125,1
251.25000000002288,0.38276948388442655,0.20703125,1
251.3000000000229,0.36880851226852407,0.20703125,1
251.3500000000229,0.3510271581481343,0.20703125,1
251.4000000000229,0.32900374995300885,0.20703125,1
251.45000000002292,0.30285373251652176,0.20703125,1
251.50000000002294,0.2788496270448528,0.20703125,1
251.55000000002295,0.25070510125611056,0.20703125,1
251.60000000002296,0.22647488506149882,0.20703125,1
251.65000000002297,0.2100388548959128,0.20703125,1
251.70000000002298,0.19752829362889146,0.20703125,1
251.750000000023,0.189118439264166,0.20703125,1
251.800000000023,0.1784856065090153,0.20703125,1
251.85000000002302,0.17942904571322493,0.20703125,1
251.90000000002303,0.17420497509550073,0.20703125,1
251.95000000002304,0.1693351438855396,0.20703125,1
252.00000000002305,0.224710457150171,0.32421875,1
252.05000000002306,0.22838458389413036,0.32421875,1
252.10000000002307,0.23221179802285802,0.32421875,1
252.15000000002308,0.2401436370608309,0.32421875,1
252.2000000000231,0.2401436370608309,0.32421875,1
252.2500000000231,0.24014363706083094,0.32421875,1
252.30000000002312,0.24014363706083086,0.32421875,1
252.35000000002313,0.2401436370608309,0.32421875,1
252.40000000002314,0.2401436370608308,0.32421875,1
252.45000000002315,0.2401436370608309,0.32421875,1
252.50000000002316,0.2401436370608309,0.32421875,1
252.55000000002318,0.24014363706083094,0.32421875,1
252.6000000000232,0.24014363706083086,0.32421875,1
252.6500000000232,0.2401436370608309,0.32421875,1
252.7000000000232,0.2401436370608309,0.32421875,1
252.75000000002322,0.2401436370608309,0.32421875,1
252.80000000002323,0.24014363706083094,0.32421875,1
252.85000000002324,0.24014363706083094,0.32421875,1
252.90000000002325,0.2401436370608309,0.32421875,1
252.95000000002327,0.2401436370608309,0.32421875,1
253.00000000002328,0.2867178707672965,0.37890625,1
253.0500000000233,0.2921203946010351,0.37890625,1
253.1000000000233,0.2869590922608439,0.37890625,1
253.1500000000233,0.2817757453988461,0.37890625,1
253.20000000002332,0.27111325328519764,0.37890625,1
253.25000000002333,0.27092427208408715,0.37890625,1
253.30000000002335,0.2654014057575379,0.37890625,1
253.35000000002336,0.259884212260813,0.37890625,1
253.40000000002337,0.2573572061076052,0.37890625,1
253.45000000002338,0.25518546135393927,0.37890625,1
253.5000000000234,0.25290880020304934,0.37890625,1
253.5500000000234,0.25308125399939757,0.37890625,1
253.6000000000234,0.2507858973020562,0.37890625,1
253.65000000002343,0.2483313677565592,0.37890625,1
253.70000000002344,0.24567531315322816,0.37890625,0
253.75000000002345,0.24277017313012916,0.3828125,0
253.80000000002346,0.24028265246243322,0.49609375,0
253.85000000002347,0.23333200592454234,0.4609375,0
253.90000000002348,0.23505631415022896,0.46484375,0
253.9500000000235,0.22439271040756478,0.1484375,0
254.0000000000235,0.3416344874442201,0.19921875,0
254.05000000002352,0.3352031973445612,0.1796875,0
254.10000000002353,0.317571602030011,0.22265625,0
254.15000000002354,0.3064569358975454,0.1796875,0
254.20000000002355,0.2923420063650218,0.1796875,0
254.25000000002356,0.28763215097295936,0.21484375,0
254.30000000002357,0.2778450298471644,0.1796875,0
254.35000000002358,0.2702388432826672,0.1796875,0
254.4000000000236,0.26380928603067016,0.13671875,0
254.4500000000236,0.2503205569350722,0.18359375,0
254.50000000002362,0.24333192374080656,0.1796875,0
254.55000000002363,0.2343311189669184,0.14453125,0
254.60000000002364,0.21738081028936593,0.13671875,0
254.65000000002365,0.2243424945783879,0.14453125,0
254.70000000002366,0.18749377698927194,0.15234375,0
254.75000000002368,0.17831353887214307,0.17578125,0
254.8000000000237,0.16781115335105856,0.17578125,0
254.8500000000237,0.14225847870941527,0.17578125,0
254.9000000000237,0.10972636674733786,0.13671875,0
254.95000000002372,0.10526435524709939,0.13671875,0
255.00000000002373,0.5490346896307726,0.1875,0
255.05000000002374,0.5517822160592928,0.171875,0
255.10000000002375,0.5483036787827742,0.1640625,0
255.15000000002377,0.5435662680803547,0.078125,0
255.20000000002378,0.5377922137469145,0.10546875,0
255.2500000000238,0.5317053346283468,0.05859375,0
255.3000000000238,0.5278944136030411,0.15625,0
255.3500000000238,0.5271508861470691,0.10546875,0
255.40000000002382,0.5192969122502595,0.109375,0
255.45000000002383,0.5118606988919723,0.05859375,0
255.50000000002385,0.5023500861712921,0.0625,0
255.55000000002386,0.5003323133552979,0.10546875,0
255.60000000002387,0.4946224901769721,0.10546875,0
255.65000000002388,0.4859610198335591,0.109375,0
255.7000000000239,0.48037522124413584,0.0625,0
255.7500000000239,0.46475855346789696,0.05859375,0
255.8000000000239,0.4526730828417421,0.06640625,0
255.85000000002393,0.453179467449776,0.1015625,0
255.90000000002394,0.43507501104770785,0.1171875,0
255.95000000002395,0.4251805571254188,0.05859375,0
256.00000000002393,0.42255236418786596,0.10546875,0
256.05000000002394,0.41042674147088715,0.07421875,0
256.10000000002395,0.4035322694806455,0.05859375,0
256.15000000002397,0.38785156021033185,0.0625,0
256.200000000024,0.3701518782813534,0.10546875,0
256.250000000024,0.35493247178325626,0.06640625,0
256.300000000024,0.3397717630027185,0.05859375,0
256.350000000024,0.3250279380838243,0.0625,0
256.400000000024,0.3078614801041932,0.0625,0
256.45000000002403,0.28981259149644,0.10546875,0
256.50000000002404,0.2779758766203596,0.10546875,0
256.55000000002406,0.272332828876697,0.109375,0
256.60000000002407,0.2699682109427911,0.10546875,0
256.6500000000241,0.2675596026522805,0.11328125,0
256.7000000000241,0.24584715325993386,0.05859375,0
256.7500000000241,0.23063612704860778,0.0703125,0
256.8000000000241,0.23670166278629692,0.203125,0
256.8500000000241,0.20461298739313574,0.05859375,0
256.90000000002414,0.1928914989408675,0.1484375,0
256.95000000002415,0.1861545830025884,0.0625,0
257.00000000002416,0.5644625673458534,0.26953125,0
257.05000000002417,0.5606114512762422,0.3046875,0
257.1000000000242,0.5483274051368255,0.2578125,0
257.1500000000242,0.5390040543296086,0.1796875,0
257.2000000000242,0.5326398272632078,0.21484375,0
257.2500000000242,0.5305434822072888,0.1875,1
257.3000000000242,0.5240299989037412,0.21484375,1
257.35000000002424,0.5147021412562066,0.1796875,1
257.40000000002425,0.5084568997533436,0.21484375,1
257.45000000002426,0.5047780761345698,0.21484375,1
257.5000000000243,0.4961436472302521,0.17578125,1
257.5500000000243,0.48297296589348976,0.17578125,1
257.6000000000243,0.4727338380786512,0.20703125,1
257.6500000000243,0.46379410136435595,0.1484375,1
257.7000000000243,0.45177883923262374,0.15625,1
257.75000000002433,0.44348920801622965,0.15234375,1
257.80000000002434,0.4290405671492424,0.05078125,1
257.85000000002435,0.4134139379792553,0.1015625,1
257.90000000002436,0.4136821880014798,0.10546875,1
257.9500000000244,0.3972679801468497,0.1484375,1
258.0000000000244,0.3797116761238386,0.10546875,1
258.0500000000244,0.37050515685695545,0.09765625,1
258.1000000000244,0.3530115474844374,0.06640625,1
258.1500000000244,0.34277792250459627,0.0546875,1
258.20000000002443,0.3201881629818614,0.05078125,1
258.25000000002444,0.30318699608291594,0.1015625,1
258.30000000002445,0.3133497985792757,0.0546875,1
258.35000000002447,0.27816342934013255,0.10546875,1
258.4000000000245,0.26519650867103756,0.1015625,1
258.4500000000245,0.26259537935905625,0.0546875,1
258.5000000000245,0.26282677168154395,0.05078125,1
258.5500000000245,0.2522166568398622,0.10546875,1
258.6000000000245,0.24639551483701935,0.1015625,1
258.65000000002453,0.22441703907040192,0.0546875,1
258.70000000002454,0.2440215418402351,0.05859375,1
258.75000000002456,0.24475220276630621,0.0625,1
258.80000000002457,0.2267588255853689,0.05859375,1
258.8500000000246,0.2162563119969826,0.0703125,1
258.9000000000246,0.20281404022694144,0.1015625,1
258.9500000000246,0.1875333719016217,0.1015625,1
259.0000000000246,0.201970970034439,0.1640625,1
259.0500000000246,0.19238291141671104,0.07421875,1
259.10000000002464,0.15422364942020936,0.12109375,1
259.15000000002465,0.16529738560797871,0.0703125,1
259.20000000002466,0.17599318732833932,0.07421875,1
259.25000000002467,0.1603850522135967,0.07421875,1
259.3000000000247,0.1351804217310844,0.1171875,1
259.3500000000247,0.12127267943420196,0.1171875,1
259.4000000000247,0.09649805738881435,0.15234375,1
259.4500000000247,0.06042780578957264,0.11328125,1
259.5000000000247,0.06120185148350933,0.15625,1
259.55000000002474,0.07733243484621154,0.109375,1
259.60000000002475,0.051788692476780064,0.15625,1
259.65000000002476,0.02842190217223139,0.07421875,1
259.7000000000248,0.017372013066632774,0.1171875,1
259.7500000000248,0.009954961696610011,0.07421875,1
259.8000000000248,0.00897452539400156,0.07421875,1
259.8500000000248,0.029430290540261646,0.0703125,1
259.9000000000248,0.046447968463830286,0.078125,1
259.95000000002483,0.04543582073464106,0.109375,1
260.00000000002484,0.4001316934942079,0.12890625,1
260.05000000002485,0.40559868868690857,0.2109375,1
260.10000000002486,0.40213736508185816,0.16796875,1
260.1500000000249,0.4009445755566739,0.1328125,1
260.2000000000249,0.38223091733445386,0.16796875,1
260.2500000000249,0.36375711677056555,0.2109375,1
260.3000000000249,0.35747830673535025,0.2109375,1
260.3500000000249,0.355237053820865,0.1328125,1
260.40000000002493,0.33869617530491786,0.20703125,1
260.45000000002494,0.3099254395987093,0.109375,1
260.50000000002495,0.2872276260141542,0.1953125,1
260.55000000002497,0.2704552822842848,0.109375,1
260.600000000025,0.24881362386282832,0.0625,1
260.650000000025,0.22423174126509698,0.10546875,1
260.700000000025,0.2214456164675442,0.109375,1
260.750000000025,0.2003093171097304,0.0625,1
260.800000000025,0.16453473854757059,0.15234375,1
260.85000000002503,0.13959050364948128,0.06640625,1
260.90000000002505,0.12674117306802507,0.05859375,1
260.95000000002506,0.10371558857915533,0.05859375,1
261.00000000002507,0.11835770861907156,0.15625,1
261.0500000000251,0.10297956921568767,0.05859375,1
261.1000000000251,0.07936056849534148,0.0625,1
261.1500000000251,0.07580009203025179,0.0625,1
261.2000000000251,0.07162168831664163,0.11328125,1
261.2500000000251,0.0730624864301853,0.05859375,1
261.30000000002514,0.07266997504306005,0.0625,1
261.35000000002515,0.11194832175498008,0.10546875,1
261.40000000002516,0.06382049016312134,0.10546875,1
261.45000000002517,0.0667298080438294,0.05859375,1
261.5000000000252,0.03821960018793069,0.0703125,1
261.5500000000252,0.014035528996974288,0.05859375,1
261.6000000000252,0.012645568377663646,0.0625,1
261.6500000000252,0.05665829812981228,0.11328125,1
261.7000000000252,0.024694027560633127,0.109375,1
261.75000000002524,0.05318128431613527,0.05859375,1
261.80000000002525,0.08290071502351053,0.0625,1
261.85000000002526,0.082197478915687,0.05859375,1
261.9000000000253,0.08074615812379952,0.0625,1
261.9500000000253,0.08913834243657204,0.10546875,1
262.0000000000253,0.4272385968683665,0.203125,1
262.0500000000253,0.43634897821694246,0.24609375,1
262.1000000000253,0.41068130650464474,0.29296875,1
262.15000000002533,0.3925450242780673,0.02734375,1
262.20000000002534,0.3615147486320387,0.13671875,1
262.25000000002535,0.33900857455774086,0.03515625,1
262.30000000002536,0.3119148277914612,0.08203125,1
262.3500000000254,0.28701613291188827,0.07421875,1
262.4000000000254,0.27838896143326286,0.0703125,1
262.4500000000254,0.2547737907189044,0.11328125,1
262.5000000000254,0.22229158107371333,0.07421875,1
262.5500000000254,0.19710101839715022,0.07421875,1
262.60000000002543,0.1703385053801461,0.078125,1
262.65000000002544,0.1329554401724035,0.07421875,1
262.70000000002545,0.12503407249661314,0.01953125,1
262.75000000002547,0.108764670223644,0.02734375,1
262.8000000000255,0.05114306925105606,0.0234375,1
262.8500000000255,0.027250649410980148,0.01953125,1
262.9000000000255,0.0140429721684308,0.0234375,1
262.9500000000255,0.006694939802920653,0.078125,1
263.0000000000255,0.0075580508548214395,0.0234375,1
263.05000000002553,0.03417519933538631,0.0234375,1
263.10000000002555,0.06469937125731406,0.01953125,1
263.15000000002556,0.04001705732382156,0.078125,1
263.20000000002557,0.061451745002672024,0.07421875,1
263.2500000000256,0.07964018922072473,0.0703125,1
263.3000000000256,0.08312798093918976,0.02734375,1
263.3500000000256,0.09827079266971311,0.07421875,1
263.4000000000256,0.11322409792967798,0.12890625,1
263.4500000000256,0.10569349646133651,0.07421875,1
263.50000000002564,0.12950077406873428,0.078125,1
263.55000000002565,0.076662773517043,0.0234375,1
263.60000000002566,0.08053538683740656,0.0703125,1
263.65000000002567,0.5735558072223405,0.12890625,1
263.7000000000257,0.5565291531105996,0.078125,1
263.7500000000257,0.5301459648257231,0.125,1
263.8000000000257,0.4994828320668134,0.01953125,1
263.8500000000257,0.4716682743928378,0.12890625,1
263.9000000000257,0.447019176244042,0.13671875,1
263.95000000002574,0.440886808576562,0.02734375,1
264.00000000002575,0.4762580467817673,0.19140625,1
264.05000000002576,0.46494137717795136,0.1875,1
264.1000000000258,0.4452455831468131,0.2265625,1
264.1500000000258,0.43335120181325926,0.125,1
264.2000000000258,0.4399258197583847,0.0234375,1
264.2500000000258,0.4327764203497628,0.03125,1
264.3000000000258,0.423285957358581,0.02734375,1
264.35000000002583,0.39372633300932675,0.078125,1
264.40000000002584,0.4013222937234686,0.07421875,1
264.45000000002585,0.403624291599917,0.078125,1
264.50000000002586,0.3897480724704803,0.07421875,1
264.5500000000259,0.4021336292324505,0.12109375,1
264.6000000000259,0.694690701014252,0.1328125,1
264.6500000000259,0.5079735565767816,0.0234375,1
264.7000000000259,0.41290948045438,0.078125,1
264.7500000000259,0.3967182928816196,0.02734375,1
264.80000000002593,0.38853191030031,0.1171875,1
264.85000000002594,0.34421544108062785,0.0234375,1
264.90000000002595,0.3937562911883906,0.03515625,1
264.95000000002597,0.287562014236229,0.12890625,1
265.000000000026,0.286372019322558,0.03515625,1
265.050000000026,0.283425210656795,0.17578125,1
265.100000000026,0.27993138582276206,0.0234375,1
265.150000000026,0.33829254881294163,0.13671875,1
265.200000000026,0.17453094152116402,0.07421875,1
265.25000000002603,0.20638089019000982,0.0234375,1
265.30000000002605,0.20925120344617384,0.125,1
265.35000000002606,0.12226674971534063,0.03515625,1
265.40000000002607,0.07884645978092582,0.0234375,1
265.4500000000261,0.10658903977770942,0.0234375,1
265.5000000000261,0.07244251313506642,0.07421875,1
265.5500000000261,0.016296783753291934,0.0234375,1
265.6000000000261,0.10973959667864822,0.02734375,1
265.6500000000261,0.016296783753292236,0.07421875,1
265.70000000002614,0.023393145742362394,0.078125,1
265.75000000002615,0.023393145742362394,0.03125,1
265.80000000002616,0.059703040555851954,0.02734375,1
265.85000000002617,0.02491283844045361,0.0234375,1
265.9000000000262,0.019116866688621417,0.0234375,1
265.9500000000262,0.011991544787678474,0.02734375,1
266.0000000000262,0.9999999999975984,0.0859375,1
266.0500000000262,0.9999999999978793,0.140625,1
266.1000000000262,0.09677445972400527,0.13671875,1
266.15000000002624,0.12296306192281287,0.0859375,1
266.20000000002625,0.14044539098297767,0.03515625,1
266.25000000002626,0.9999995478401768,0.08203125,1
266.3000000000263,0.07939308799425703,0.0859375,1
266.3500000000263,0.09448777774160945,0.08203125,1
266.4000000000263,0.10542575729601134,0.0859375,1
266.4500000000263,0.11266069923355183,0.08203125,1
266.5000000000263,0.09620786728944962,0.03515625,1
266.55000000002633,0.9999993357920771,0.12890625,1
266.60000000002634,0.9999999296200048,0.12890625,1
266.65000000002635,0.9999999278464993,0.03515625,1
266.70000000002636,0.9999993011960877,0.0390625,1
266.7500000000264,0.9999993240004411,0.03515625,1
266.8000000000264,0.9999993232703456,0.04296875,1
266.8500000000264,0.12161567682470519,0.03515625,1
266.9000000000264,0.9999993240004411,0.04296875,1
266.9500000000264,0.9999995762870925,0.0390625,1
267.00000000002643,0.9999993368107898,0.08203125,1
267.05000000002644,0.11940696208272776,0.0390625,1
267.10000000002645,0.14912056760024234,0.08203125,1
267.15000000002647,0.11205725426137988,0.08984375,1
267.2000000000265,0.0809789277673856,0.12890625,1
267.2500000000265,0.1808275997020757,0.08203125,1
267.3000000000265,0.06813001954979561,0.12890625,1
267.3500000000265,0.22157985694017288,0.0390625,1
267.4000000000265,0.17391764776166296,0.0390625,1
267.45000000002653,0.1344157922926097,0.0390625,1
267.50000000002655,0.11853567417997894,0.0390625,1
267.55000000002656,0.10940301883496974,0.08984375,1
267.60000000002657,0.11375661388953803,0.0859375,1
267.6500000000266,0.9999987851394169,0.03515625,1
267.7000000000266,0.9999993240004446,0.0390625,1
267.7500000000266,0.9999995237812216,0.08984375,1
267.8000000000266,0.9999995237812216,0.12890625,1
267.8500000000266,0.9999991123191173,0.04296875,1
267.90000000002664,0.9999996293299133,0.03515625,1
267.95000000002665,0.9999993240004464,0.04296875,1
268.00000000002666,0.9999991800347847,0.08203125,1
268.05000000002667,0.10292503663414321,0.03515625,1
268.1000000000267,0.9999993240004464,0.03515625,1
268.1500000000267,0.9999993240004464,0.08203125,1
268.2000000000267,0.05263695153024427,0.08203125,1
268.2500000000267,0.09274995093067918,0.08984375,1
268.3000000000267,0.07845960268015738,0.0859375,1
268.35000000002674,0.08197767706231067,0.08203125,1
268.40000000002675,0.030449013426890742,0.0390625,1
268.45000000002676,0.9999991699607783,0.12890625,1
268.5000000000268,0.9999991699607783,0.03515625,1
268.5500000000268,0.9999991278688752,0.1328125,1
268.6000000000268,0.9999998628738959,0.03515625,1
268.6500000000268,0.2084118766192011,0.0390625,1
268.7000000000268,0.09999096206578859,0.03515625,1
268.75000000002683,0.999999999997854,0.0390625,1
268.80000000002684,0.9999993240004496,0.0390625,1
268.85000000002685,0.9999993240004496,0.08203125,1
268.90000000002686,0.050114923363517784,0.03515625,1
268.9500000000269,0.034921324954939,0.03515625,1
269.0000000000269,0.9999999999999897,0.1796875,1
269.0500000000269,0.8042680417434753,0.17578125,1
269.1000000000269,0.8082318067325527,0.13671875,1
269.1500000000269,0.9999999999999892,0.23046875,1
269.20000000002693,0.9999999999999889,0.1328125,1
269.25000000002694,0.9999999999999943,0.1328125,1
269.30000000002696,0.9999999934569912,0.1796875,1
269.35000000002697,0.7810848754534656,0.1796875,1
269.400000000027,0.9999999999999939,0.12890625,1
269.450000000027,0.771777889171636,0.12890625,1
269.500000000027,0.9999999926722385,0.1328125,1
269.550000000027,0.9999999924293789,0.1328125,1
269.600000000027,0.9999999921959664,0.1875,1
269.65000000002703,0.9999999999999964,0.1875,1
269.70000000002705,0.7416642996802674,0.1875,1
269.75000000002706,0.7343487288422323,0.1875,1
269.80000000002707,0.7266898233865797,0.1875,1
269.8500000000271,0.7186671082912565,0.1875,1
269.9000000000271,0.7097193030014126,0.17578125,1
269.9500000000271,0.7009389929014231,0.17578125,1
270.0000000000271,0.5387200853260706,0.12890625,0
270.0500000000271,0.5291999652190319,0.12890625,0
270.10000000002714,0.5293658787321367,0.16796875,0
270.15000000002715,0.999999999999992,0.63671875,0
270.20000000002716,0.9999999816676981,0.59375,0
270.25000000002717,0.9999999810721123,0.07421875,0
270.3000000000272,0.9999999999999912,0.03125,0
270.3500000000272,0.9999999999999909,0.1171875,0
270.4000000000272,0.9999999999999899,0.078125,0
270.4500000000272,0.41233435704308924,0.03125,0
270.5000000000272,0.39603386114077843,0.12109375,0
270.55000000002724,0.9999999705725853,0.07421875,0
270.60000000002725,0.9999999674286157,0.02734375,0
270.65000000002726,0.9999999656350421,0.03125,0
270.7000000000273,0.9999999999999701,0.0703125,0
270.7500000000273,0.9999999999999635,0.03125,0
270.8000000000273,0.32286319625312143,0.0859375,0
270.8500000000273,0.29001838831223686,0.08203125,0
270.9000000000273,0.9999999477470506,0.125,0
270.95000000002733,0.9999999152884946,0.03515625,0
271.00000000002734,0.5820705584678791,0.1328125,0
271.05000000002735,0.5747697759408961,0.17578125,0
271.10000000002736,0.5688134467435735,0.0859375,0
271.1500000000274,0.5660777927521613,0.12890625,0
271.2000000000274,0.558471073167004,0.08203125,0
271.2500000000274,0.5482046052849858,0.0859375,0
271.3000000000274,0.5415141637992519,0.0859375,1
271.3500000000274,0.5262481185366091,0.0859375,1
271.40000000002743,0.509018365004804,0.12890625,1
271.45000000002744,0.5115140178267594,0.0859375,1
271.50000000002746,0.484491608599255,0.08203125,1
271.55000000002747,0.4717075588291193,0.08203125,1
271.6000000000275,0.4783589867732205,0.125,1
271.6500000000275,0.47374486249956055,0.08203125,1
271.7000000000275,0.45769996502815036,0.02734375,1
271.7500000000275,0.43186119537526296,0.08203125,1
271.8000000000275,0.41848425379132465,0.07421875,1
271.85000000002753,0.41841381411264367,0.078125,1
271.90000000002755,0.42135056511175933,0.08203125,1
271.95000000002756,0.361411877219505,0.1796875,1
272.00000000002757,0.37502223693709147,0.08984375,1
272.0500000000276,0.3638290642320784,0.08984375,1
272.1000000000276,0.37229074372147175,0.12890625,1
272.1500000000276,0.32707917146415144,0.08203125,1
272.2000000000276,0.25700214077281536,0.08203125,1
272.2500000000276,0.2133944529116985,0.0390625,1
272.30000000002764,0.18944294639937415,0.0390625,1
272.35000000002765,0.16243033664805856,0.0390625,1
272.40000000002766,0.11589345106362924,0.0390625,1
272.45000000002767,0.11232957121848605,0.0390625,1
272.5000000000277,0.057472517089333916,0.0859375,1
272.5500000000277,0.04754058108810585,0.12890625,1
272.6000000000277,0.15887701634834692,0.0390625,1
272.6500000000277,0.13080317928217647,0.08203125,1
272.7000000000277,0.0974975189590771,0.08203125,1
272.75000000002774,0.10927757440044351,0.0390625,1
272.80000000002775,0.10101060866726783,0.12890625,1
272.85000000002776,0.9999996700465148,0.0390625,1
272.9000000000278,0.9999996620001107,0.08203125,1
272.9500000000278,0.9999996620001107,0.0390625,1
273.0000000000278,0.059880020330027005,0.09765625,1
273.0500000000278,0.059880020330027005,0.140625,1
273.1000000000278,0.05670049516027528,0.09375,1
273.15000000002783,0.1015645166185276,0.13671875,1
273.20000000002784,0.06429746305388355,0.05078125,1
273.25000000002785,0.0036556043155225606,0.05078125,1
273.30000000002786,0.03324949466061618,0.09375,1
273.3500000000279,0.03324949466061661,0.09375,1
273.4000000000279,0.03324949466061661,0.05078125,1
273.4500000000279,0.013756076761272258,0.05078125,1
273.5000000000279,0.0027680957585133805,0.05078125,1
273.5500000000279,0.03210119481673018,0.0546875,1
273.60000000002793,0.051211667331495785,0.1015625,1
273.65000000002794,0.10665870311332626,0.140625,1
273.70000000002796,0.12531608986554782,0.0546875,1
273.75000000002797,0.14256448053803414,0.09765625,1
273.800000000028,0.09446237408889928,0.09765625,1
273.850000000028,0.16126714312087592,0.05078125,1
273.900000000028,0.11093744159650142,0.05859375,1
273.950000000028,0.1001767131962104,0.0546875,1
274.000000000028,0.17247525606349434,0.11328125,1
274.05000000002804,0.28676492585864266,0.12109375,1
274.10000000002805,0.2929502019638764,0.18359375,1
274.15000000002806,0.2538680807623364,0.1484375,1
274.20000000002807,0.3093112984295335,0.1171875,1
274.2500000000281,0.4202966194492639,0.140625,1
274.3000000000281,0.9999999586340925,0.0703125,1
274.3500000000281,0.999999971504485,0.1171875,1
274.4000000000281,0.1665682238538445,0.14453125,1
274.4500000000281,0.9999993999109064,0.1171875,1
274.50000000002814,0.9999998168090898,0.11328125,1
274.55000000002815,0.12143958570497143,0.11328125,1
274.60000000002816,0.1677849114297427,0.11328125,1
274.6500000000282,0.13173090067180498,0.07421875,1
274.7000000000282,0.13879852628958675,0.07421875,1
274.7500000000282,0.08205431707450761,0.10546875,1
274.8000000000282,0.1587352573271505,0.109375,1
274.8500000000282,0.12978683799267274,0.07421875,1
274.90000000002823,0.022222222222222553,0.109375,1
274.95000000002824,0.9999999999995701,0.078125,1
275.00000000002825,0.5509348574547787,0.26171875,1
275.05000000002826,0.5413166920158067,0.21484375,1
275.1000000000283,0.8004774064060389,0.2109375,1
275.1500000000283,0.999999991843817,0.24609375,1
275.2000000000283,0.9999999999999631,0.08203125,1
275.2500000000283,0.9999999473839986,0.16015625,1
275.3000000000283,0.30123084462958544,0.12109375,1
275.35000000002833,0.2822238084187724,0.1171875,1
275.40000000002834,0.2090364184811868,0.078125,1
275.45000000002835,0.1897182428499702,0.07421875,1
275.50000000002836,0.9999999688429922,0.078125,1
275.5500000000284,0.13663062393369724,0.12890625,1
275.6000000000284,3.5414499081670677e-16,0.1953125,1
275.6500000000284,0.9999999999998985,0.078125,1
275.7000000000284,0.9999999999999539,0.08203125,1
275.7500000000284,0.11338635685697061,0.16015625,1
275.80000000002843,0.05211680889900148,0.07421875,1
275.85000000002844,0.02820593397703672,0.07421875,1
275.90000000002846,0.0283939650642951,0.078125,1
275.95000000002847,0.08241742115430932,0.12109375,1
276.0000000000285,0.105678716806814,0.2421875,1
276.0500000000285,0.1633852142700938,0.203125,1
276.1000000000285,0.9999999999999359,0.16796875,1
276.1500000000285,0.15088945922378535,0.234375,1
276.2000000000285,0.3974833838131041,0.12890625,1
276.25000000002854,0.3960798075004425,0.12890625,1
276.30000000002855,0.39131983709016177,0.13671875,1
276.35000000002856,0.3763113435310469,0.12890625,1
276.40000000002857,0.35855850828770214,0.1328125,1
276.4500000000286,0.3350986026469808,0.12890625,1
276.5000000000286,0.3080318866142498,0.1640625,1
276.5500000000286,0.2754452325133383,0.12890625,1
276.6000000000286,0.2517676293271238,0.140625,1
276.6500000000286,0.21832727610639363,0.12890625,1
276.70000000002864,0.1830769732808375,0.1328125,1
276.75000000002865,0.1544148651668478,0.16796875,1
276.80000000002866,0.12655654150168696,0.12890625,1
276.8500000000287,0.12373417920836244,0.13671875,1
276.9000000000287,0.11211078957564635,0.1640625,1
276.9500000000287,0.1028724785588329,0.12890625,1
277.0000000000287,0.2125178660807283,0.34375,1
277.0500000000287,0.20092569149873163,0.2890625,1
277.10000000002873,0.21638588528751357,0.2890625,1
277.15000000002874,0.20703075510758956,0.2890625,1
277.20000000002875,0.2044849683568149,0.2890625,1
277.25000000002876,0.19701325848245915,0.2890625,1
277.3000000000288,0.20129737950659593,0.2890625,1
277.3500000000288,0.20259190397072896,0.2890625,1
277.4000000000288,0.20157401317384002,0.2890625,1
277.4500000000288,0.1976722426822842,0.2890625,0
277.5000000000288,0.19641805543801927,0.30859375,0
277.55000000002883,0.19615292294137526,0.46484375,0
277.60000000002884,0.197203567721201,0.46484375,0
277.65000000002885,0.18431889566595644,0.4375,0
277.70000000002887,0.18067634691752196,0.18359375,0
277.7500000000289,0.18701729821524393,0.27734375,0
277.8000000000289,0.18007148349039792,0.21484375,0
277.8500000000289,0.20432345768355836,0.18359375,0
277.9000000000289,0.19769916371657853,0.18359375,0
277.9500000000289,0.19679192480418736,0.18359375,0
278.00000000002893,0.18505123343455113,0.18359375,0
278.05000000002894,0.17144838248350722,0.19140625,0
278.10000000002896,0.16110217500086857,0.1875,0
278.15000000002897,0.15469057590570096,0.21484375,0
278.200000000029,0.1619968546090006,0.1875,0
278.250000000029,0.1562972813550208,0.1875,0
278.300000000029,0.1519565824581168,0.18359375,0
278.350000000029,0.13453829588443583,0.21484375,0
278.400000000029,0.11294970886085177,0.1875,0
278.45000000002904,0.10859444216925375,0.21875,0
278.50000000002905,0.08909428391409725,0.21484375,0
278.55000000002906,0.09129119571895357,0.18359375,0
278.60000000002907,0.09933040391526463,0.18359375,0
278.6500000000291,0.08866024023103213,0.21484375,0
278.7000000000291,0.08821113315499846,0.21875,0
278.7500000000291,0.10745798055293695,0.21484375,0
278.8000000000291,0.10279262677762491,0.19140625,0
278.8500000000291,0.06710809755729952,0.24609375,0
278.90000000002914,0.07172594906553358,0.18359375,0
278.95000000002915,0.08449161941329329,0.18359375,0
279.00000000002916,0.2723169080109572,0.23046875,0
279.0500000000292,0.26993869618763794,0.203125,0
279.1000000000292,0.2593071359541319,0.20703125,0
279.1500000000292,0.25055582437429985,0.19921875,0
279.2000000000292,0.24155336065539587,0.203125,0
279.2500000000292,0.2265519429776243,0.16796875,0
279.30000000002923,0.21644653253903373,0.19921875,0
279.35000000002924,0.20546390152091054,0.23828125,0
279.40000000002925,0.21578007688602868,0.16796875,0
279.45000000002926,0.20592352163006533,0.16796875,0
279.5000000000293,0.18625452108848328,0.16796875,0
279.5500000000293,0.17421798803537378,0.1640625,0
279.6000000000293,0.15527702404519886,0.19921875,0
279.6500000000293,0.1420586695750266,0.1640625,0
279.7000000000293,0.13781669542285077,0.1640625,0
279.75000000002933,0.1289227360092642,0.1640625,0
279.80000000002934,0.12948222247350993,0.16796875,0
279.85000000002935,0.11095077096406708,0.203125,0
279.90000000002937,0.10962146886637728,0.19921875,0
279.9500000000294,0.11179650899925185,0.19921875,0
280.0000000000294,0.39107921772487003,0.2109375,0
280.0500000000294,0.3920184087536578,0.2109375,0
280.1000000000294,0.38622527853571303,0.2109375,0
280.1500000000294,0.3793480146515029,0.21484375,0
280.20000000002943,0.37118593696933666,0.21875,0
280.25000000002944,0.3600673568953991,0.21484375,0
280.30000000002946,0.3531616431702782,0.21875,1
280.35000000002947,0.34574060907294596,0.1796875,1
280.4000000000295,0.34249370721888317,0.21875,1
280.4500000000295,0.3452381973161077,0.17578125,1
280.5000000000295,0.335099642988139,0.14453125,1
280.5500000000295,0.332647092850814,0.17578125,1
280.6000000000295,0.3196644921656367,0.140625,1
280.65000000002954,0.3141539618214919,0.21484375,1
280.70000000002955,0.310361033870819,0.2109375,1
280.75000000002956,0.3187218084364578,0.22265625,1
280.80000000002957,0.32878291022476464,0.140625,1
280.8500000000296,0.3028638068542761,0.17578125,1
280.9000000000296,0.28876156304905254,0.140625,1
280.9500000000296,0.26928087027833725,0.1796875,1
281.0000000000296,0.5733773833111608,0.31640625,1
281.0500000000296,0.5730692008237003,0.24609375,1
281.10000000002964,0.5669891704241249,0.31640625,1
281.15000000002965,0.5638088720119008,0.27734375,1
281.20000000002966,0.5556024184509918,0.25,1
281.2500000000297,0.5481754208122114,0.25,1
281.3000000000297,0.5404976279781695,0.24609375,1
281.3500000000297,0.5310118302189504,0.28125,1
281.4000000000297,0.5193039999187509,0.24609375,1
281.4500000000297,0.511087554516017,0.28125,1
281.50000000002973,0.5036844474471703,0.3125,1
281.55000000002974,0.4917368793239931,0.2421875,1
281.60000000002975,0.4823567396415782,0.2421875,1
281.65000000002976,0.47210767279140586,0.24609375,1
281.7000000000298,0.46146144977576936,0.2421875,0
281.7500000000298,0.44846474960254074,0.2578125,0
281.8000000000298,0.4395924741114727,0.51953125,0
281.8500000000298,0.430746455730332,0.4921875,0
281.9000000000298,0.4175194661793408,0.48828125,0
281.95000000002983,0.4064678401156091,0.328125,0
282.00000000002984,0.680932310534069,0.3671875,0
282.05000000002985,0.680859828007335,0.30859375,0
282.10000000002987,0.6793811597804342,0.203125,0
282.1500000000299,0.6699401846411328,0.09375,0
282.2000000000299,0.6604990153646474,0.04296875,0
282.2500000000299,0.6504305363253982,0.14453125,0
282.3000000000299,0.6455464992407507,0.04296875,0
282.3500000000299,0.6358083295242465,0.05078125,0
282.40000000002993,0.6265848006400386,0.046875,0
282.45000000002995,0.6176884798356541,0.04296875,0
282.50000000002996,0.6102911148768152,0.1484375,0
282.55000000002997,0.6062015544872743,0.04296875,0
282.60000000003,0.5974633511748516,0.046875,0
282.65000000003,0.5888147741663879,0.0859375,0
282.70000000003,0.578675362968159,0.046875,0
282.75000000003,0.5690566946201129,0.04296875,0
282.80000000003,0.5614086104680219,0.09375,0
282.85000000003004,0.5555664719730941,0.04296875,0
282.90000000003005,0.5411646855655008,0.04296875,0
282.95000000003006,0.5258623525989735,0.05078125,0
283.00000000003007,0.5859988262849266,0.09765625,0
283.0500000000301,0.5780450854603204,0.1953125,0
283.1000000000301,0.5711690370576898,0.15625,0
283.1500000000301,0.5633562640958195,0.15234375,0
283.2000000000301,0.5502815992778378,0.16015625,1
283.2500000000301,0.5407590347984423,0.234375,1
283.30000000003014,0.5202040027105233,0.1484375,1
283.35000000003015,0.5097790748537804,0.1015625,1
283.40000000003016,0.5068594849348181,0.203125,1
283.4500000000302,0.4925843880485013,0.1953125,1
283.5000000000302,0.47932220392415914,0.10546875,1
283.5500000000302,0.46623373251318856,0.09765625,1
283.6000000000302,0.4530420147877374,0.15234375,0
283.6500000000302,0.4418405027234578,0.19140625,0
283.70000000003023,0.4285432559192538,0.61328125,0
283.75000000003024,0.415778568207866,0.625,0
283.80000000003025,0.400380072963102,0.67578125,0
283.85000000003026,0.3880314809297573,0.2890625,1
283.9000000000303,0.37891910173185783,0.25390625,1
283.9500000000303,0.37373761625184143,0.36328125,0
284.0000000000303,0.24018023097248678,0.3359375,0
284.0500000000303,0.23073255882412178,0.6328125,1
284.1000000000303,0.24240355049326867,0.6328125,1
284.15000000003033,0.26291703641436137,0.6640625,1
284.20000000003034,0.28610940579591254,0.6640625,0
284.25000000003035,0.2798482275473368,0.6640625,0
284.30000000003037,0.2689674358734278,0.6640625,0
284.3500000000304,0.261587826917173,0.6640625,0
284.4000000000304,0.2562964136688016,0.6640625,0
284.4500000000304,0.2520415469013479,0.62109375,0
284.5000000000304,0.26417377086637256,0.0546875,0
284.5500000000304,0.2756549553316161,0.05859375,0
284.60000000003043,0.26157840937948706,0.10546875,0
284.65000000003045,0.239553274103287,0.05859375,0
284.70000000003046,0.21591262853733204,0.05859375,0
284.75000000003047,0.1945705282317305,0.05859375,0
284.8000000000305,0.18842815525366163,0.0625,0
284.8500000000305,0.1529814964175982,0.1015625,0
284.9000000000305,0.12438083269503578,0.109375,0
284.9500000000305,0.1248582906975576,0.09765625,0
285.0000000000305,0.14452637223148793,0.1171875,0
285.05000000003054,0.14662801078219923,0.125,0
285.10000000003055,0.14438769184252254,0.16015625,0
285.15000000003056,0.13473282639889608,0.12890625,0
285.20000000003057,0.15713119275959944,0.1171875,0
285.2500000000306,0.18258180147094827,0.0703125,0
285.3000000000306,0.1648952696552852,0.16015625,0
285.3500000000306,0.15178273537704975,0.109375,0
285.4000000000306,0.12607055767200825,0.16015625,0
285.4500000000306,0.13268132255760756,0.08203125,0
285.50000000003064,0.09860098744634122,0.19140625,0
285.55000000003065,0.10631334097517937,0.078125,0
285.60000000003066,0.102927500198619,0.16015625,0
285.6500000000307,0.0894727714979743,0.11328125,0
285.7000000000307,0.08569689869818739,0.078125,0
285.7500000000307,0.06753350104483839,0.0703125,0
285.8000000000307,0.06672048478071481,0.15625,0
285.8500000000307,0.0692922237918354,0.0703125,0
285.90000000003073,0.040732428154028506,0.0703125,0
285.95000000003074,0.022540078582102635,0.0703125,0
286.00000000003075,0.3751199398033689,0.125,0
286.05000000003076,0.3703394735497058,0.16015625,0
286.1000000000308,0.35912188248648763,0.10546875,0
286.1500000000308,0.3510144678208189,0.15234375,0
286.2000000000308,0.34110223249031,0.0625,0
286.2500000000308,0.3342816465381675,0.109375,0
286.3000000000308,0.3387138328931845,0.0625,0
286.35000000003083,0.32321780317364734,0.05859375,0
286.40000000003084,0.29674916482098335,0.06640625,0
286.45000000003085,0.27733783325424693,0.0625,0
286.50000000003087,0.24986625635591672,0.05859375,0
286.5500000000309,0.254435675026619,0.109375,0
286.6000000000309,0.23193247250725457,0.05859375,0
286.6500000000309,0.2153757673218247,0.05859375,0
286.7000000000309,0.21351029811249606,0.0625,0
286.7500000000309,0.1824341425227286,0.0625,0
286.80000000003093,0.1486078268152476,0.109375,0
286.85000000003095,0.14359080117278128,0.10546875,0
286.90000000003096,0.14152415668886686,0.0625,0
286.95000000003097,0.12960877540096663,0.05859375,0
287.000000000031,0.1228374796595161,0.05859375,0
287.050000000031,0.08078286637913801,0.10546875,0
287.100000000031,0.03955786116842119,0.05859375,0
287.150000000031,0.057630815507720236,0.05859375,0
287.200000000031,0.02079471639087405,0.05859375,0
287.25000000003104,0.010271669082327576,0.109375,0
287.30000000003105,0.008602173008950378,0.06640625,0
287.35000000003106,0.008602173008950378,0.0703125,0
287.40000000003107,0.02550623440603532,0.15625,0
287.4500000000311,0.057031676450322595,0.0625,0
287.5000000000311,0.08755988677418333,0.10546875,0
287.5500000000311,0.09951719444196937,0.06640625,0
287.6000000000311,0.10651604253115572,0.0625,0
287.6500000000311,0.07292511066228803,0.15234375,0
287.70000000003114,0.0645723026040841,0.16015625,0
287.75000000003115,0.06555266307976135,0.15234375,0
287.80000000003116,0.06947726088537569,0.109375,0
287.8500000000312,0.09124233705455786,0.109375,0
287.9000000000312,0.05060017362512277,0.0625,0
287.9500000000312,0.06199445463930518,0.203125,0
288.0000000000312,0.06468691795520369,0.0625,0
288.0500000000312,0.0761885369018825,0.06640625,0
288.10000000003123,0.07445769624887998,0.05859375,0
288.15000000003124,0.05056563514649823,0.06640625,0
288.20000000003125,0.03677066097685273,0.10546875,0
288.25000000003126,0.03440248431658783,0.15234375,0
288.3000000000313,0.06746603941880791,0.109375,0
288.3500000000313,0.06938457346777543,0.10546875,0
288.4000000000313,0.09103598631109086,0.11328125,0
288.4500000000313,0.09596889685619363,0.10546875,0
288.5000000000313,0.09092698430870401,0.05859375,0
288.55000000003133,0.10057469971937327,0.0625,0
288.60000000003134,0.06920680122587823,0.06640625,0
288.65000000003135,0.04206828451092714,0.11328125,0
288.70000000003137,0.017952738329525396,0.0625,0
288.7500000000314,0.565134345459015,0.05859375,0
288.8000000000314,0.5388595034051321,0.0625,0
288.8500000000314,0.509825329334215,0.109375,0
288.9000000000314,0.47541157398359785,0.05859375,0
288.9500000000314,0.4405422462062155,0.0703125,0
289.00000000003143,0.5178215997565921,0.15234375,0
289.05000000003145,0.5034423083072823,0.14453125,0
289.10000000003146,0.48860883012294015,0.12890625,0
289.15000000003147,0.44758204675948904,0.1796875,0
289.2000000000315,0.43299208581183696,0.0703125,0
289.2500000000315,0.42550611897728224,0.015625,0
289.3000000000315,0.4152079412807365,0.0234375,0
289.3500000000315,0.39992087387995856,0.12890625,0
289.4000000000315,0.40296112723068717,0.0703125,0
289.45000000003154,0.4075604453270938,0.015625,0
289.50000000003155,0.400746664405513,0.015625,0
289.55000000003156,0.4449943290575514,0.0703125,0
289.60000000003157,0.44417028300778594,0.01953125,0
289.6500000000316,0.4838766284687944,0.015625,0
289.7000000000316,0.39628628618133155,0.07421875,0
289.7500000000316,0.4234029533127011,0.01953125,0
289.8000000000316,0.4830324113261779,0.07421875,0
289.8500000000316,0.4111442543661788,0.01953125,0
289.90000000003164,0.40233900343128703,0.12109375,0
289.95000000003165,0.3471882320138761,0.08203125,0
290.00000000003166,0.5336004838884304,0.18359375,0
290.0500000000317,0.526241543068931,0.1875,0
290.1000000000317,0.5144396152441101,0.12109375,0
290.1500000000317,0.5095068503351944,0.17578125,0
290.2000000000317,0.48537929486708037,0.015625,0
290.2500000000317,0.4713605882472652,0.12109375,0
290.30000000003173,0.43687879535093227,0.0703125,0
290.35000000003174,0.4459586826315491,0.171875,0
290.40000000003175,0.4459085033808145,0.015625,0
290.45000000003176,0.4311523742488,0.01171875,0
290.5000000000318,0.4294105222541419,0.12109375,0
290.5500000000318,0.41478272170292585,0.015625,0
290.6000000000318,0.4359942527226513,0.01171875,0
290.6500000000318,0.9999999641352516,0.015625,0
290.7000000000318,0.999999963615422,0.07421875,0
290.75000000003183,0.9999999617926675,0.12109375,0
290.80000000003184,0.417632276454632,0.015625,0
290.85000000003186,0.3993135828768213,0.01953125,0
290.90000000003187,0.38274397708140134,0.01953125,0
290.9500000000319,0.3470050354209268,0.125,0
291.0000000000319,0.9999999531224579,0.07421875,0
291.0500000000319,0.9999999723951841,0.06640625,0
291.1000000000319,0.3259788426943745,0.07421875,0
291.1500000000319,0.3319135291358847,0.01953125,0
291.20000000003193,0.3229037365839667,0.01953125,0
291.25000000003195,0.2831874009958675,0.0703125,0
291.30000000003196,0.23952734183846022,0.078125,0
291.35000000003197,0.280739127585927,0.015625,0
291.400000000032,0.2529620647733931,0.0703125,0
291.450000000032,0.9999998886949525,0.015625,0
291.500000000032,0.1777613911859309,0.125,0
291.550000000032,0.19770384515315195,0.01953125,0
291.600000000032,0.15437636607156954,0.015625,0
291.65000000003204,0.9999997248394334,0.05859375,0
291.70000000003205,0.12990709289474267,0.12109375,0
291.75000000003206,0.12598351324276288,0.01171875,0
291.80000000003207,0.999999153795393,0.12109375,0
291.8500000000321,0.9999991000007865,0.015625,0
291.9000000000321,0.0778468007067925,0.06640625,0
291.9500000000321,0.05042926813607055,0.06640625,0
292.0000000000321,0.1487875903118941,0.015625,0
292.0500000000321,0.9999994239510607,0.0625,0
292.10000000003214,0.07898692503521981,0.0703125,0
292.15000000003215,0.10197666754445003,0.0703125,0
292.20000000003216,0.1383711181864583,0.1171875,0
292.2500000000322,0.09523015476211942,0.01171875,0
292.3000000000322,0.04528261651070553,0.06640625,0
292.3500000000322,0.9999998684723583,0.12109375,0
292.4000000000322,0.9999997435288832,0.01953125,0
292.4500000000322,0.05585781883595106,0.0703125,0
292.50000000003223,0.07289729390377139,0.01953125,0
292.55000000003224,0.07242099076876692,0.12890625,0
292.60000000003225,0.14240617016619844,0.078125,0
292.65000000003226,0.09490437350488111,0.0703125,0
292.7000000000323,0.14266069090805827,0.01171875,0
292.7500000000323,0.9999991000007921,0.12109375,0
292.8000000000323,0.9999999166446678,0.015625,0
292.8500000000323,0.9999997115982544,0.06640625,0
292.9000000000323,0.9999992938352502,0.02734375,0
292.95000000003233,0.9999995379101689,0.01171875,0
293.00000000003234,0.14393680155146735,0.19921875,0
293.05000000003236,0.23024211061545988,0.2421875,0
293.10000000003237,0.3106886026542844,0.18359375,0
293.1500000000324,0.20986723059672144,0.05078125,0
293.2000000000324,0.18832530602767966,0.13671875,0
293.2500000000324,0.18720999290954965,0.04296875,0
293.3000000000324,0.14129378170338996,0.08984375,0
293.3500000000324,0.24638715958206162,0.0859375,0
293.40000000003243,0.11990022854384713,0.04296875,0
293.45000000003245,0.03553291702954486,0.04296875,0
293.50000000003246,0.052083791660735915,0.09375,0
293.55000000003247,0.0870179220220037,0.12109375,0
293.6000000000325,0.1436046839309883,0.05078125,0
293.6500000000325,0.11857973499075194,0.08984375,0
293.7000000000325,0.1495183344900861,0.140625,0
293.7500000000325,0.9999999632247419,0.13671875,0
293.8000000000325,0.17971614627747223,0.046875,0
293.85000000003254,0.11936163422239665,0.046875,0
293.90000000003255,0.04176844246704628,0.05078125,0
293.95000000003256,0.02911946233618616,0.04296875,0
294.00000000003257,0.024350092764950277,0.08984375,0
294.0500000000326,0.038865732777047725,0.09375,0
294.1000000000326,0.12833949230383598,0.08984375,0
294.1500000000326,0.14531836755040198,0.04296875,0
294.2000000000326,0.02689276358536405,0.04296875,0
294.2500000000326,0.026892763585364434,0.046875,0
294.30000000003264,0.026892763585364434,0.08984375,0
294.35000000003265,0.03747563119793609,0.04296875,0
294.40000000003266,0.999999670871614,0.04296875,0
294.4500000000327,0.02853872485807672,0.04296875,0
294.5000000000327,0.13567958837117752,0.04296875,0
294.5500000000327,0.06055401751419582,0.04296875,0
294.6000000000327,0.026180752311584753,0.08984375,0
294.6500000000327,0.02559703149800425,0.08984375,0
294.70000000003273,0.024831776624773618,0.04296875,0
294.75000000003274,0.050173717555692,0.0859375,0
294.80000000003275,0.007855922280273398,0.04296875,0
294.85000000003276,0.02938217709935938,0.04296875,0
294.9000000000328,0.02486166336081099,0.08984375,0
294.9500000000328,0.007872688083181962,0.0859375,0
295.0000000000328,0.6730071385407231,0.1015625,0
295.0500000000328,0.6732253159230162,0.1015625,0
295.1000000000328,0.6669094044008532,0.19140625,0
295.15000000003283,0.9082132484763216,0.19140625,0
295.20000000003284,0.674924947755846,0.1015625,0
295.25000000003286,0.6606184279430896,0.14453125,0
295.30000000003287,0.7287312781058027,0.19140625,1
295.3500000000329,0.6544521856273013,0.1953125,1
295.4000000000329,0.6474056303698339,0.1484375,1
295.4500000000329,0.6216170121132824,0.23828125,1
295.5000000000329,0.6773039201630897,0.08984375,1
295.5500000000329,0.6037604904028884,0.13671875,1
295.60000000003294,0.5960856921992165,0.0859375,1
295.65000000003295,0.5868138380089674,0.0859375,1
295.70000000003296,0.5772926848074507,0.0859375,1
295.75000000003297,0.5657690328449139,0.0859375,1
295.800000000033,0.5543833679384365,0.0859375,1
295.850000000033,0.9999999999999706,0.0859375,1
295.900000000033,0.9999999827096075,0.0859375,1
295.950000000033,0.9999999999999679,0.0859375,1
296.000000000033,0.9999999999999664,0.08203125,0
296.05000000003304,0.9999999999999647,0.03125,0
296.10000000003305,0.5011866549085517,0.08203125,0
296.15000000003306,0.4663023680222426,0.7421875,0
296.20000000003307,0.4592490329468096,0.69140625,0
296.2500000000331,0.9999999751069509,0.703125,0
296.3000000000331,0.42621072957465134,0.0390625,0
296.3500000000331,0.3925042885457871,0.10546875,0
296.4000000000331,0.3635765418982189,0.0859375,0
296.4500000000331,0.3454360100689885,0.08984375,0
296.50000000003314,0.42099498156527565,0.1328125,0
296.55000000003315,0.9999999404262747,0.03125,0
296.60000000003316,0.22312564264032506,0.046875,0
296.6500000000332,0.1945189872760766,0.08203125,0
296.7000000000332,0.15590923252330344,0.0390625,0
296.7500000000332,0.1166867769545567,0.1328125,0
296.8000000000332,0.08464277127229396,0.03125,0
296.8500000000332,0.09301560415187118,0.03125,0
296.90000000003323,0.051344102543455346,0.03125,0
296.95000000003324,0.016946400941770374,0.07421875,0
297.00000000003325,0.9999999767430561,0.078125,0
297.05000000003326,0.18860318730247752,0.08203125,0
297.1000000000333,0.1606227936649207,0.17578125,0
297.1500000000333,0.11164040159882789,0.07421875,0
297.2000000000333,0.27236484572592545,0.03125,0
297.2500000000333,0.999999951043666,0.02734375,0
297.3000000000333,0.9999997914023768,0.02734375,0
297.35000000003333,0.142738483952311,0.02734375,0
297.40000000003334,0.9999993428062317,0.07421875,0
297.45000000003336,0.9999993428062317,0.12109375,0
297.50000000003337,0.9999993571424655,0.08203125,0
297.5500000000334,0.09904653647272904,0.06640625,0
297.6000000000334,0.9999993240004426,0.02734375,0
297.6500000000334,0.999999811646667,0.03515625,0
297.7000000000334,0.9999998285082494,0.11328125,0
297.7500000000334,0.9999997988471678,0.03125,0
297.80000000003344,0.9999998513961867,0.03125,0
297.85000000003345,0.9999998281760262,0.02734375,0
297.90000000003346,0.09912343751574601,0.12109375,0
297.95000000003347,0.1269509348864195,0.16015625,0
298.0000000000335,0.738401587655202,0.1875,0
298.0500000000335,0.7358088266977568,0.18359375,0
298.1000000000335,0.7314941685969705,0.2265625,0
298.1500000000335,0.7238567134826046,0.140625,0
298.2000000000335,0.7115643205016644,0.140625,0
298.25000000003354,0.6981756087610278,0.1328125,0
298.30000000003355,0.6902282938745065,0.18359375,0
298.35000000003356,0.678903768347927,0.03125,0
298.4000000000336,0.6526088358435971,0.0859375,0
298.4500000000336,0.6300397636110572,0.03515625,0
298.5000000000336,0.6151914459179701,0.0390625,0
298.5500000000336,0.6013433529289092,0.0859375,0
298.6000000000336,0.5572326329834725,0.0859375,0
298.65000000003363,0.5698207449339813,0.03515625,0
298.70000000003364,0.49792956867729077,0.0859375,0
298.75000000003365,0.5399265770926791,0.0859375,0
298.80000000003366,0.422807721737254,0.04296875,0
298.8500000000337,0.37934383220248136,0.0859375,0
298.9000000000337,0.3136173731630395,0.03515625,0
298.9500000000337,0.28362538523875624,0.08203125,0
299.0000000000337,0.9999999555532101,0.09765625,0
299.0500000000337,0.21900787082513054,0.09765625,0
299.10000000003373,0.20547052916931752,0.09765625,0
299.15000000003374,0.23372458650350467,0.08984375,0
299.20000000003375,0.15114971208364178,0.0546875,0
299.25000000003376,0.14208704701657793,0.04296875,0
299.3000000000338,0.9999995936847467,0.04296875,0
299.3500000000338,0.10070255569428481,0.09375,0
299.4000000000338,0.9999993240004464,0.08984375,0
299.4500000000338,0.9999993240004464,0.08984375,0
299.5000000000338,0.08724710159521193,0.046875,0
299.55000000003383,0.08724710159521193,0.04296875,0
299.60000000003384,0.06489125003169573,0.05859375,0
299.65000000003386,0.09471685366197766,0.04296875,0
299.70000000003387,0.9999993240004481,0.05078125,0
299.7500000000339,0.25310704425525543,0.12890625,0
299.8000000000339,0.13278183560004275,0.046875,0
299.8500000000339,0.04296963671800822,0.08984375,0
299.9000000000339,0.9999999999987992,0.08984375,0
299.9500000000339,0.03063306029009651,0.046875,0
300.00000000003394,0.08284608878149377,0.04296875,0
300.05000000003395,0.9999999999987992,0.04296875,0
300.10000000003396,0.18896474116023568,0.046875,0
300.15000000003397,0.12140827680972467,0.04296875,0
300.200000000034,0.9999960656031103,0.08984375,0
300.250000000034,0.9999995599822791,0.046875,0
300.300000000034,0.12409470142506197,0.08984375,0
300.350000000034,0.09849383677517784,0.09765625,0
300.400000000034,0.12196515046122917,0.05078125,0
300.45000000003404,0.06911284501341948,0.046875,0
300.50000000003405,0.11347663430170929,0.09765625,0
300.55000000003406,0.9999999453291579,0.046875,0
300.6000000000341,0.9999999656012806,0.0546875,0
300.6500000000341,0.9999999999999578,0.19140625,0
300.7000000000341,0.9999999999990093,0.13671875,0
300.7500000000341,0.17528676485957212,0.04296875,0
300.8000000000341,0.24295612654533466,0.08984375,0
300.85000000003413,0.1079321311746043,0.08984375,0
300.90000000003414,0.9999995071977157,0.04296875,0
300.95000000003415,0.9999996612358497,0.08984375,0
