timestamp,shape_error,presence_error,leader_off
0.05,4.758444053922272e-16,0.0,1
0.1,4.729270687062505e-16,0.0,1
0.15000000000000002,5.495459110087948e-16,0.0,1
0.2,0.007328566362443442,0.0,1
0.25,0.008090296271682243,0.0,1
0.3,0.008090296271682243,0.0,1
0.35,0.03824565770307979,0.0,0
0.39999999999999997,4.719869806309219e-16,0.03993055555555556,0
0.44999999999999996,4.901773350162318e-16,0.8784722222222222,0
0.49999999999999994,4.93878078431649e-16,0.9357638888888888,0
0.5499999999999999,4.548933956668289e-16,0.3854166666666668,0
0.6,0.09522132360569273,0.1805555555555555,0
0.65,0.11642041720640761,0.39062499999999994,0
0.7000000000000001,0.14850014771676123,0.2708333333333333,0
0.7500000000000001,0.19282770873769942,0.3229166666666667,0
0.8000000000000002,0.18375159517130507,0.25000000000000006,0
0.8500000000000002,0.18363392093757586,0.29340277777777773,0
0.9000000000000002,0.20264559158543458,0.23263888888888892,0
0.9500000000000003,0.17744051030653804,0.3680555555555556,0
1.0000000000000002,0.21629711112130756,0.42361111111111116,0
1.0500000000000003,0.21684415704431365,0.5364583333333334,0
1.1000000000000003,0.21069872176222695,0.4010416666666667,0
1.1500000000000004,0.20411464788651704,0.3003472222222223,0
1.2000000000000004,0.22168978734239625,0.32986111111111105,0
1.2500000000000004,0.24944019450040994,0.3055555555555555,0
1.3000000000000005,0.23713849993485736,0.14062500000000003,0
1.3500000000000005,0.22212391550409014,0.31423611111111116,0
1.4000000000000006,0.19212645077839677,0.21527777777777776,0
1.4500000000000006,0.20111951139118553,0.46006944444444436,0
1.5000000000000007,0.20365070053076692,0.3142361111111112,0
1.5500000000000007,0.20155891998338563,0.32812499999999994,0
1.6000000000000008,0.22819246374898644,0.17881944444444442,0
1.6500000000000008,0.20399594393425435,0.22743055555555555,0
1.7000000000000008,0.19130075506346794,0.2534722222222222,0
1.7500000000000009,0.1952955961044346,0.15798611111111113,0
1.800000000000001,0.2127185430400107,0.22743055555555555,0
1.850000000000001,0.23187544628673945,0.20833333333333334,0
1.900000000000001,0.22675521679117944,0.28124999999999994,0
1.950000000000001,0.23774719958180537,0.3732638888888889,0
2.000000000000001,0.18574829432443166,0.4010416666666667,0
2.0500000000000007,0.1637898878755834,0.18576388888888887,0
2.1000000000000005,0.17809371224829199,0.23437500000000003,0
2.1500000000000004,0.17582440653432835,0.20138888888888887,0
2.2,0.1887148398202802,0.20486111111111108,0
2.25,0.1672815636379139,0.20138888888888884,0
2.3,0.17097784028149823,0.22743055555555558,0
2.3499999999999996,0.17227306294713662,0.19965277777777776,0
2.3999999999999995,0.17251936695320813,0.2743055555555555,0
2.4499999999999993,0.1770501966098266,0.32986111111111105,0
2.499999999999999,0.17777193963118812,0.1927083333333333,0
2.549999999999999,0.15741446649425622,0.19791666666666666,0
2.5999999999999988,0.15496980330613572,0.2725694444444445,0
2.6499999999999986,0.17921997855130248,0.3402777777777777,0
2.6999999999999984,0.1770040721058863,0.2760416666666667,0
2.7499999999999982,0.2102157273746295,0.2881944444444445,0
2.799999999999998,0.2192562134062889,0.2569444444444444,0
2.849999999999998,0.21902971813325647,0.3263888888888888,0
2.8999999999999977,0.22404323560530828,0.18055555555555555,0
2.9499999999999975,0.19654266784993826,0.26736111111111116,0
2.9999999999999973,0.2004052392834035,0.1996527777777777,0
3.049999999999997,0.17560431408822452,0.22048611111111108,0
3.099999999999997,0.2140500733088416,0.15625,0
3.149999999999997,0.22298064678271748,0.32118055555555564,0
3.1999999999999966,0.23385391215838144,0.29513888888888895,0
3.2499999999999964,0.20532850973763775,0.2309027777777778,0
3.2999999999999963,0.19386997973984374,0.2951388888888889,0
3.349999999999996,0.21910569505433208,0.33159722222222215,0
3.399999999999996,0.19350588767561402,0.3211805555555555,0
3.4499999999999957,0.18301628198569064,0.2777777777777778,0
3.4999999999999956,0.1762304863239258,0.45659722222222227,0
3.5499999999999954,0.2283231072619231,0.35937500000000006,0
3.599999999999995,0.2573072516941748,0.24479166666666666,0
3.649999999999995,0.2565555611218976,0.2638888888888889,0
3.699999999999995,0.22447909633312832,0.32812499999999994,0
3.7499999999999947,0.22929124030504447,0.2552083333333333,0
3.7999999999999945,0.24028927881028794,0.2864583333333334,0
3.8499999999999943,0.23316595801627638,0.28993055555555564,0
3.899999999999994,0.25454523769121434,0.34375,0
3.949999999999994,0.25649801812971557,0.2586805555555556,0
3.999999999999994,0.26637362976353435,0.28125000000000006,0
4.049999999999994,0.2573465516407765,0.22395833333333334,0
4.099999999999993,0.26230013133239777,0.29513888888888895,0
4.149999999999993,0.2494135455873005,0.2795138888888889,0
4.199999999999993,0.2381195983612773,0.25,0
4.249999999999993,0.24151114708411417,0.14756944444444445,0
4.299999999999993,0.2280418752623746,0.30208333333333337,0
4.3499999999999925,0.21624173813589007,0.1996527777777778,0
4.399999999999992,0.22070593378862483,0.21527777777777776,0
4.449999999999992,0.22375193590344666,0.23611111111111108,0
4.499999999999992,0.21133166641218354,0.24305555555555555,0
4.549999999999992,0.2116532299250844,0.26562500000000006,0
4.599999999999992,0.2441079603253691,0.2065972222222222,0
4.6499999999999915,0.24228081649892705,0.19618055555555555,0
4.699999999999991,0.232260177974699,0.27430555555555564,0
4.749999999999991,0.21318855267369233,0.14583333333333337,0
4.799999999999991,0.18561810135307327,0.23263888888888887,0
4.849999999999991,0.16059441150609072,0.20833333333333334,0
4.899999999999991,0.16142156278456007,0.24826388888888887,0
4.94999999999999,0.1717034338277752,0.19618055555555555,0
4.99999999999999,0.17115846736168985,0.22743055555555555,0
5.04999999999999,0.17686929386987194,0.2118055555555555,0
5.09999999999999,0.1699532053148599,0.26215277777777773,0
5.14999999999999,0.19949985185926072,0.3246527777777777,0
5.1999999999999895,0.19193547198369224,0.31249999999999994,0
5.249999999999989,0.20832294190037678,0.24131944444444442,0
5.299999999999989,0.21498955390200544,0.26388888888888884,0
5.349999999999989,0.22105670156958043,0.23611111111111108,0
5.399999999999989,0.22300690962925476,0.20486111111111108,0
5.449999999999989,0.22373710029841462,0.21180555555555555,0
5.4999999999999885,0.20936703496483672,0.23611111111111108,0
5.549999999999988,0.1945935605892495,0.35590277777777773,0
5.599999999999988,0.2047843514018727,0.29340277777777785,0
5.649999999999988,0.23103453918945535,0.20138888888888884,0
5.699999999999988,0.23471354028383512,0.23611111111111108,0
5.749999999999988,0.234677735433633,0.2534722222222222,0
5.799999999999987,0.22330779072944223,0.17881944444444442,0
5.849999999999987,0.19428293318395104,0.17013888888888887,0
5.899999999999987,0.21100638852634085,0.15625000000000003,0
5.949999999999987,0.18143835620440776,0.2395833333333333,0
5.999999999999987,0.16544214414736175,0.2777777777777778,0
6.0499999999999865,0.6389698619468531,0.392361111111111,0
6.099999999999986,0.6366974640741797,0.32812500000000006,0
6.149999999999986,0.6346288135993897,0.3767361111111111,0
6.199999999999986,0.6343473836875229,0.37326388888888884,1
6.249999999999986,0.6310796934094463,0.36284722222222227,1
6.299999999999986,0.623125576822179,0.2725694444444444,1
6.349999999999985,0.624166044112522,0.2725694444444444,1
6.399999999999985,0.6199253097305742,0.38715277777777773,1
6.449999999999985,0.6114357661889049,0.38715277777777773,1
6.499999999999985,0.6013952436282337,0.38715277777777773,1
6.549999999999985,0.5945148780557876,0.38715277777777773,1
6.5999999999999845,0.5867687319098635,0.4010416666666667,1
6.649999999999984,0.578315129413041,0.6770833333333334,1
6.699999999999984,0.5730580197045755,0.6770833333333334,1
6.749999999999984,0.5645024220203991,0.6770833333333334,0
6.799999999999984,0.5556480771329755,0.6770833333333334,0
6.849999999999984,0.5488910457867421,0.6770833333333334,0
6.8999999999999835,0.5409643474327988,0.6770833333333334,0
6.949999999999983,0.5325756038434962,0.6770833333333334,0
6.999999999999983,0.5236364715336346,0.6770833333333334,0
7.049999999999983,0.5877034559645762,0.6909722222222222,1
7.099999999999983,0.5807811426288217,0.6909722222222222,1
7.149999999999983,0.5727938736974064,0.6909722222222222,1
7.199999999999982,0.56692018552894,0.7013888888888888,1
7.249999999999982,0.5618464324508973,0.7013888888888888,0
7.299999999999982,0.5558991530251881,0.7013888888888888,0
7.349999999999982,0.5501391615780281,0.7013888888888888,0
7.399999999999982,0.5472224982502614,0.7013888888888888,0
7.4499999999999815,0.5404232148731838,0.7013888888888888,0
7.499999999999981,0.5358452461810763,0.7013888888888888,1
7.549999999999981,0.5315992441289475,0.7013888888888888,1
7.599999999999981,0.5275649881729948,0.7013888888888888,1
7.649999999999981,0.5233921038997708,0.7013888888888888,1
7.699999999999981,0.5188212957330346,0.7013888888888888,0
7.7499999999999805,0.5167704155633083,0.7013888888888888,0
7.79999999999998,0.5121587375206751,0.7013888888888888,0
7.84999999999998,0.5102847785944774,0.7013888888888888,0
7.89999999999998,0.508124265946888,0.7013888888888888,0
7.94999999999998,0.5060377033506923,0.7013888888888888,1
7.99999999999998,0.5041268474104289,0.7013888888888888,1
8.04999999999998,0.47636758340058805,0.670138888888889,1
8.09999999999998,0.473622570949898,0.670138888888889,1
8.14999999999998,0.46660673442489675,0.670138888888889,1
8.199999999999982,0.4610167760619546,0.670138888888889,0
8.249999999999982,0.4558510287061061,0.670138888888889,0
8.299999999999983,0.45138852345021935,0.6510416666666669,0
8.349999999999984,0.4501709306456092,0.3802083333333333,0
8.399999999999984,0.44471806271385916,0.2708333333333334,0
8.449999999999985,0.4527709361832185,0.31597222222222227,0
8.499999999999986,0.4197742477646667,0.32465277777777773,0
8.549999999999986,0.3923836358652493,0.3020833333333333,0
8.599999999999987,0.37163347623304527,0.3697916666666667,0
8.649999999999988,0.3442216560185175,0.24652777777777776,0
8.699999999999989,0.32310118902287827,0.3072916666666667,0
8.74999999999999,0.31152191956348746,0.1944444444444445,0
8.79999999999999,0.30233770258820286,0.23611111111111113,0
8.84999999999999,0.2694064135928969,0.3420138888888889,0
8.899999999999991,0.2455721935889015,0.3298611111111111,0
8.949999999999992,0.22526702541028149,0.29340277777777773,0
8.999999999999993,0.2184610341691561,0.27256944444444453,0
9.049999999999994,0.5831281981049911,0.40277777777777773,0
9.099999999999994,0.5754006595414941,0.4236111111111111,0
9.149999999999995,0.5628004289030256,0.3836805555555555,0
9.199999999999996,0.552871074889824,0.29687500000000006,1
9.249999999999996,0.5446414561767188,0.31250000000000006,1
9.299999999999997,0.532881044302226,0.4288194444444445,1
9.349999999999998,0.5187223728568772,0.5052083333333334,1
9.399999999999999,0.5106762317229602,0.35590277777777785,1
9.45,0.501728467808631,0.295138888888889,1
9.5,0.49358727152809717,0.3489583333333333,1
9.55,0.4731883050882838,0.4114583333333333,0
9.600000000000001,0.45369842769739543,0.5694444444444443,0
9.650000000000002,0.43106210757283625,0.6232638888888887,0
9.700000000000003,0.40874750453085745,0.3211805555555556,0
9.750000000000004,0.38563738977639783,0.41840277777777773,0
9.800000000000004,0.37454963130446634,0.3576388888888889,0
9.850000000000005,0.37004267872026525,0.326388888888889,0
9.900000000000006,0.35404172524556643,0.2795138888888888,0
9.950000000000006,0.3567457881299775,0.3315972222222223,0
10.000000000000007,0.4602442568907068,0.3975694444444445,0
10.050000000000008,0.4584629736468821,0.26562500000000006,0
10.100000000000009,0.44908704903335384,0.33854166666666674,0
10.15000000000001,0.4155955566850704,0.22048611111111105,0
10.20000000000001,0.3833102679016526,0.33159722222222227,0
10.25000000000001,0.3570527269990238,0.2604166666666667,0
10.300000000000011,0.3318246180383597,0.3663194444444444,0
10.350000000000012,0.32710002137674854,0.3020833333333332,0
10.400000000000013,0.31829989715097745,0.28298611111111105,0
10.450000000000014,0.2988840337033251,0.28472222222222215,0
10.500000000000014,0.26965861464576507,0.2829861111111112,0
10.550000000000015,0.23182898905262195,0.31597222222222227,0
10.600000000000016,0.23449609487042594,0.29340277777777773,0
10.650000000000016,0.22899187330789433,0.2760416666666666,0
10.700000000000017,0.22623812444495958,0.28819444444444436,0
10.750000000000018,0.18677952721798335,0.3315972222222222,0
10.800000000000018,0.21388309416266368,0.31076388888888884,0
10.85000000000002,0.2374304861684535,0.314236111111111,0
10.90000000000002,0.2469780995514352,0.26736111111111116,0
10.95000000000002,0.2573128941407691,0.35069444444444436,0
11.000000000000021,0.2809686952130976,0.26215277777777773,0
11.050000000000022,0.25528426666033227,0.31597222222222227,0
11.100000000000023,0.24892333720099993,0.26215277777777773,0
11.150000000000023,0.24199664455483152,0.20659722222222218,0
11.200000000000024,0.2180784547015897,0.2743055555555555,0
11.250000000000025,0.2216208994562585,0.2378472222222222,0
11.300000000000026,0.21077575090893721,0.2795138888888889,0
11.350000000000026,0.2239408555181286,0.24826388888888892,0
11.400000000000027,0.22195665430097938,0.3072916666666667,0
11.450000000000028,0.21389109575462395,0.2986111111111111,0
11.500000000000028,0.21865879854463288,0.28298611111111105,0
11.55000000000003,0.22011838691651453,0.3003472222222222,0
11.60000000000003,0.2304149035566396,0.2986111111111111,0
11.65000000000003,0.22510289922083085,0.25347222222222227,0
11.700000000000031,0.2224607031096634,0.32465277777777785,0
11.750000000000032,0.23102597812912012,0.22743055555555555,0
11.800000000000033,0.2194368592969128,0.3263888888888889,0
11.850000000000033,0.18877630734581002,0.28472222222222215,0
11.900000000000034,0.19262888023937358,0.357638888888889,0
11.950000000000035,0.20430631098233434,0.20833333333333334,0
12.000000000000036,0.2915014490117375,0.3489583333333334,0
12.050000000000036,0.2914839392470219,0.3385416666666667,0
12.100000000000037,0.30945248314944407,0.27777777777777773,0
12.150000000000038,0.3349400743399493,0.2951388888888889,0
12.200000000000038,0.34745528825084415,0.27777777777777773,0
12.250000000000039,0.33446137936820836,0.32465277777777785,0
12.30000000000004,0.3200554727197121,0.21875000000000003,0
12.35000000000004,0.2989756084340719,0.2881944444444445,0
12.400000000000041,0.2837972438227753,0.3350694444444444,0
12.450000000000042,0.27502040044692594,0.2725694444444444,0
12.500000000000043,0.2576959945919838,0.31076388888888895,0
12.550000000000043,0.26125932892097925,0.27777777777777773,0
12.600000000000044,0.2560858446158464,0.296875,0
12.650000000000045,0.6221979903065236,0.30902777777777785,0
12.700000000000045,0.5916170462951382,0.2829861111111111,0
12.750000000000046,0.5621267156506154,0.2673611111111111,0
12.800000000000047,0.5321078782779401,0.24826388888888895,0
12.850000000000048,0.5057036806689154,0.2760416666666667,0
12.900000000000048,0.47975720266108174,0.22916666666666666,0
12.950000000000049,0.4730589551554512,0.2552083333333334,0
13.00000000000005,0.461859329310714,0.34027777777777785,0
13.05000000000005,0.43983215621158445,0.41145833333333326,0
13.100000000000051,0.42308658863203125,0.34374999999999983,0
13.150000000000052,0.41805004681652164,0.24826388888888887,0
13.200000000000053,0.41521469888470525,0.21701388888888892,0
13.250000000000053,0.43586453569975936,0.2743055555555556,0
13.300000000000054,0.4473121083262309,0.21006944444444445,0
13.350000000000055,0.45189751175419984,0.34895833333333326,0
13.400000000000055,0.47251378275248646,0.3072916666666667,0
13.450000000000056,0.49098263018995797,0.30555555555555564,0
13.500000000000057,0.4938526217103626,0.24305555555555555,0
13.550000000000058,0.45374110611198953,0.2725694444444445,0
13.600000000000058,0.41882525157840095,0.3402777777777777,0
13.650000000000059,0.43449025132293606,0.2916666666666667,0
13.70000000000006,0.4309646978925175,0.18750000000000008,0
13.75000000000006,0.4252757600881804,0.2673611111111111,0
13.800000000000061,0.4492876777566148,0.2552083333333334,0
13.850000000000062,0.455689113437759,0.28472222222222215,0
13.900000000000063,0.43054221398437614,0.25173611111111116,0
13.950000000000063,0.3740674239052125,0.17881944444444453,0
14.000000000000064,0.5339949866225508,0.23263888888888887,0
14.050000000000065,0.5357788047605773,0.24826388888888892,0
14.100000000000065,0.5160778678485216,0.27083333333333326,0
14.150000000000066,0.49105172241977374,0.3194444444444445,0
14.200000000000067,0.48267027466002754,0.3159722222222223,0
14.250000000000068,0.4814956111467227,0.2569444444444445,0
14.300000000000068,0.47859915947435244,0.2604166666666666,0
14.350000000000069,0.49295498889192985,0.26562499999999994,0
14.40000000000007,0.47284632119100495,0.326388888888889,0
14.45000000000007,0.484378487037237,0.24826388888888895,0
14.500000000000071,0.4822369993166418,0.2395833333333334,0
14.550000000000072,0.43343182577788186,0.23784722222222224,0
14.600000000000072,0.46724534103772775,0.2604166666666666,0
14.650000000000073,0.9999999165839123,0.22916666666666666,0
14.700000000000074,0.9999998512374039,0.31250000000000006,0
14.750000000000075,0.4315804571064686,0.27777777777777773,0
14.800000000000075,0.9999999590014725,0.21354166666666666,0
14.850000000000076,0.3993778498551143,0.3229166666666666,0
14.900000000000077,0.42249774703224857,0.24479166666666666,0
14.950000000000077,0.3866228466116056,0.3385416666666666,0
15.000000000000078,0.7572600936575565,0.4114583333333333,0
15.050000000000079,0.7614831210479436,0.4010416666666667,0
15.10000000000008,0.7590799107403174,0.42187499999999994,0
15.15000000000008,0.748993734213897,0.2708333333333332,0
15.200000000000081,0.743241083137296,0.34201388888888884,0
15.250000000000082,0.7325436698719445,0.2899305555555555,0
15.300000000000082,0.7217830569396194,0.37673611111111116,0
15.350000000000083,0.7133277864523907,0.2552083333333332,0
15.400000000000084,0.701133396154011,0.2829861111111111,0
15.450000000000085,0.7017887927159026,0.267361111111111,0
15.500000000000085,0.6963765957991599,0.2864583333333333,0
15.550000000000086,0.685185901747847,0.36284722222222227,0
15.600000000000087,0.6740398124330603,0.2899305555555555,0
15.650000000000087,0.6678555995950293,0.3315972222222221,0
15.700000000000088,0.6584921136009643,0.20486111111111108,0
15.750000000000089,0.6494879642619348,0.2499999999999999,0
15.80000000000009,0.6329964089106899,0.3125000000000001,0
15.85000000000009,0.6210788517127778,0.2760416666666666,0
15.900000000000091,0.6172342213013601,0.23090277777777782,0
15.950000000000092,0.6092588872045582,0.3090277777777779,0
16.000000000000092,0.7536868000971543,0.31423611111111116,0
16.050000000000093,0.7452702391880226,0.33159722222222215,0
16.100000000000094,0.7395020941431542,0.2604166666666667,0
16.150000000000095,0.7341302748260539,0.3923611111111111,0
16.200000000000095,0.7289541445344515,0.24999999999999992,0
16.250000000000096,0.7208899778002384,0.3246527777777779,0
16.300000000000097,0.7152140768034866,0.2899305555555555,1
16.350000000000097,0.710310657279929,0.31944444444444453,1
16.400000000000098,0.7026826804046675,0.2795138888888888,0
16.4500000000001,0.6939939347656516,0.40277777777777785,0
16.5000000000001,0.6996410773414103,0.5746527777777779,0
16.5500000000001,0.7000766408365114,0.4513888888888889,0
16.6000000000001,0.6945106169597702,0.41840277777777785,1
16.6500000000001,0.6788354297640178,0.435763888888889,1
16.700000000000102,0.6602778850166049,0.453125,1
16.750000000000103,0.6387756547194396,0.37847222222222227,1
16.800000000000104,0.6266700532370447,0.32812500000000017,1
16.850000000000104,0.6191514368717312,0.3472222222222223,0
16.900000000000105,0.6104521309904759,0.6788194444444445,0
16.950000000000106,0.5891876732189314,0.765625,0
17.000000000000107,0.6912108275387786,0.43055555555555564,0
17.050000000000107,0.6854218631650406,0.2725694444444443,0
17.100000000000108,0.6760242372911182,0.3541666666666666,0
17.15000000000011,0.6700822510762916,0.3315972222222224,0
17.20000000000011,0.6678888203471273,0.2638888888888888,0
17.25000000000011,0.6537727118711801,0.2881944444444445,0
17.30000000000011,0.6373054542696703,0.310763888888889,1
17.35000000000011,0.6374528439267645,0.35243055555555564,1
17.400000000000112,0.6655524432399819,0.2690972222222223,1
17.450000000000113,0.6294017815076183,0.22569444444444453,1
17.500000000000114,0.6438595412113569,0.3663194444444444,1
17.550000000000114,0.6950867793301684,0.21354166666666666,1
17.600000000000115,0.9999999797212674,0.31944444444444453,1
17.650000000000116,0.6302844220175636,0.35590277777777773,1
17.700000000000117,0.6209457667577755,0.3732638888888889,1
17.750000000000117,0.5987056658061108,0.2743055555555554,0
17.800000000000118,0.5884843306228997,0.6493055555555557,0
17.85000000000012,0.5774301092045636,0.6961805555555558,0
17.90000000000012,0.5696147084931258,0.37499999999999994,0
17.95000000000012,0.570432555500243,0.4114583333333333,0
18.00000000000012,0.7741493842124157,0.3524305555555555,0
18.05000000000012,0.7714865092719153,0.3420138888888888,0
18.100000000000122,0.7904294953924796,0.3315972222222221,0
18.150000000000123,0.7545950135738743,0.2256944444444445,0
18.200000000000124,0.7548530127342866,0.2899305555555556,0
18.250000000000124,0.7420443564838125,0.22222222222222224,0
18.300000000000125,0.7346525053594409,0.26562500000000006,0
18.350000000000126,0.9999999999999841,0.4635416666666667,0
18.400000000000126,0.7148067262577149,0.3315972222222221,0
18.450000000000127,0.7061129379483827,0.23437499999999997,0
18.500000000000128,0.6958369418890967,0.14062500000000006,0
18.55000000000013,0.6901466478630229,0.2986111111111112,0
18.60000000000013,0.6795473171505019,0.22743055555555555,0
18.65000000000013,0.6701631997330408,0.25347222222222215,0
18.70000000000013,0.6819796291133439,0.35763888888888884,0
18.75000000000013,0.6491255330887239,0.23958333333333326,0
18.800000000000132,0.9999999999999816,0.3315972222222221,0
18.850000000000133,0.6265943833687951,0.1510416666666667,0
18.900000000000134,0.6274730275732672,0.27777777777777773,0
18.950000000000134,0.6013992240680284,0.23784722222222213,0
19.000000000000135,0.9999999999999809,0.29687499999999994,0
19.050000000000136,0.5640583440469331,0.2638888888888888,0
19.100000000000136,0.999999999999985,0.4131944444444445,0
19.150000000000137,0.5527405660658664,0.21527777777777782,0
19.200000000000138,0.6021020339307116,0.21701388888888892,0
19.25000000000014,0.5385495488617071,0.2934027777777779,0
19.30000000000014,0.5079650552187239,0.22222222222222224,0
19.35000000000014,0.490135317117227,0.2760416666666666,0
19.40000000000014,0.5035709835352388,0.37152777777777773,0
19.45000000000014,0.4853112691953258,0.3767361111111111,0
19.500000000000142,0.45011739089227476,0.2638888888888888,0
19.550000000000143,0.9999999221797135,0.3003472222222223,0
19.600000000000144,0.9999999167660872,0.2829861111111111,0
19.650000000000144,0.37310851950866686,0.21875000000000003,0
19.700000000000145,0.35513934279254505,0.37152777777777785,0
19.750000000000146,0.34674886876789596,0.3697916666666667,0
19.800000000000146,0.9999999999998459,0.2725694444444444,0
19.850000000000147,0.9999999134066744,0.2256944444444445,0
19.900000000000148,0.9999999999998301,0.1875,0
19.95000000000015,0.9999999999997782,0.2968750000000001,0
20.00000000000015,0.9999999916552589,0.29340277777777773,0
20.05000000000015,0.9999999826991636,0.2812499999999999,0
20.10000000000015,0.6780860423384489,0.3489583333333333,0
20.15000000000015,0.6644176427664418,0.3298611111111112,0
20.200000000000152,0.6629639659607034,0.3663194444444445,0
20.250000000000153,0.6748399150458824,0.2621527777777777,0
20.300000000000153,0.6813426696755396,0.2951388888888889,1
20.350000000000154,0.6890536983735511,0.32118055555555564,1
20.400000000000155,0.6642018637813434,0.19791666666666663,1
20.450000000000156,0.6474338471022554,0.3663194444444444,1
20.500000000000156,0.6286129508097834,0.32291666666666674,1
20.550000000000157,0.6078359536883088,0.2378472222222223,1
20.600000000000158,0.6010022053406193,0.21006944444444445,1
20.65000000000016,0.9999999999999555,0.25694444444444436,1
20.70000000000016,0.5870744073117862,0.27777777777777773,1
20.75000000000016,0.5744930281763809,0.20138888888888887,1
20.80000000000016,0.5414598264875465,0.21875,1
20.85000000000016,0.9999999577224451,0.2065972222222222,1
20.900000000000162,0.5648016738078021,0.24999999999999992,1
20.950000000000163,0.7107518147302893,0.22569444444444445,1
21.000000000000163,0.9999999550130225,0.18923611111111105,1
21.050000000000164,0.5319689861746284,0.2152777777777778,1
21.100000000000165,0.4801627582687164,0.2864583333333333,1
21.150000000000166,0.4220262108061683,0.32291666666666663,1
21.200000000000166,0.41008889676785176,0.2899305555555556,1
21.250000000000167,0.43821277932655,0.4513888888888889,1
21.300000000000168,0.3997588672168191,0.267361111111111,1
21.35000000000017,0.38388155774101157,0.2621527777777777,1
21.40000000000017,0.33098124551098107,0.3402777777777777,1
21.45000000000017,0.3417353116700939,0.2083333333333333,1
21.50000000000017,0.28853955098433665,0.23090277777777782,1
21.55000000000017,0.30067285019947193,0.2395833333333334,1
21.600000000000172,0.27199672056489,0.25520833333333326,1
21.650000000000173,0.25021273984467546,0.30555555555555564,1
21.700000000000173,0.23814214081752247,0.23090277777777782,1
21.750000000000174,0.23000277485819323,0.2378472222222223,1
21.800000000000175,0.24438225386423162,0.2152777777777778,1
21.850000000000176,0.27522040251006585,0.2621527777777777,1
21.900000000000176,0.2771261241429593,0.31423611111111116,1
21.950000000000177,0.28601800292113494,0.21354166666666666,1
22.000000000000178,0.6233977649994441,0.24652777777777787,1
22.05000000000018,0.6242473415512099,0.2586805555555556,1
22.10000000000018,0.6058685337148428,0.25694444444444436,1
22.15000000000018,0.589179231890084,0.32118055555555547,1
22.20000000000018,0.5668846825946815,0.28125,1
22.25000000000018,0.5665520886358092,0.32118055555555564,1
22.300000000000182,0.5727383284831343,0.3541666666666666,1
22.350000000000183,0.5619930524050059,0.30034722222222227,1
22.400000000000183,0.5616739071391328,0.30902777777777785,1
22.450000000000184,0.5320489957456503,0.2378472222222222,1
22.500000000000185,0.4984175521044037,0.19270833333333334,1
22.550000000000185,0.47382585357321716,0.2586805555555555,1
22.600000000000186,0.4661330819108308,0.18923611111111113,1
22.650000000000187,0.38353193701030136,0.2517361111111111,1
22.700000000000188,0.3755716333987872,0.36284722222222227,1
22.75000000000019,0.3671229949807783,0.329861111111111,1
22.80000000000019,0.3616950741067085,0.24999999999999997,1
22.85000000000019,0.32741030791232795,0.21875000000000003,1
22.90000000000019,0.3014922144726653,0.14409722222222215,1
22.95000000000019,0.9999998900120926,0.22395833333333334,1
23.000000000000192,0.44006555694027083,0.3975694444444445,1
23.050000000000193,0.4455594476190138,0.35763888888888884,1
23.100000000000193,0.4585189857050288,0.26041666666666663,1
23.150000000000194,0.427775831679578,0.2621527777777778,1
23.200000000000195,0.37982212626069933,0.2309027777777778,1
23.250000000000195,0.3820867631701399,0.3385416666666667,1
23.300000000000196,0.34229900487371034,0.3263888888888888,1
23.350000000000197,0.36798284431736367,0.3315972222222224,1
23.400000000000198,0.3323954302624032,0.3663194444444445,1
23.4500000000002,0.32631239941650125,0.23437500000000003,1
23.5000000000002,0.2855752377406668,0.25694444444444436,1
23.5500000000002,0.237093290121685,0.2708333333333335,1
23.6000000000002,0.25606454041174237,0.2708333333333333,1
23.6500000000002,0.2562247357003785,0.3385416666666666,1
23.700000000000202,0.22976094794492236,0.234375,1
23.750000000000203,0.21444024522498972,0.26388888888888884,1
23.800000000000203,0.2628014675918637,0.26215277777777773,1
23.850000000000204,0.2140864167909605,0.3159722222222223,1
23.900000000000205,0.24447674619947296,0.14062499999999997,1
23.950000000000205,0.2866237780985113,0.23784722222222224,1
24.000000000000206,0.36640499071518656,0.32118055555555564,1
24.050000000000207,0.34897657427379497,0.37673611111111116,1
24.100000000000207,0.33192089192862406,0.38888888888888884,1
24.150000000000208,0.32938131812810373,0.29340277777777785,1
24.20000000000021,0.3231043265140406,0.2916666666666667,1
24.25000000000021,0.33515026064748066,0.4201388888888889,1
24.30000000000021,0.3196774648491205,0.27777777777777773,1
24.35000000000021,0.2808440966204717,0.3697916666666667,1
24.40000000000021,0.24150745520785916,0.3142361111111111,1
24.450000000000212,0.2771341069018251,0.2743055555555555,1
24.500000000000213,0.9999999999995908,0.20486111111111116,1
24.550000000000214,0.2849637949983924,0.13888888888888887,1
24.600000000000215,0.3195602803073309,0.20833333333333334,1
24.650000000000215,0.2901525475328753,0.18055555555555558,1
24.700000000000216,0.9999998820580539,0.345486111111111,1
24.750000000000217,0.9999999353542691,0.24826388888888884,1
24.800000000000217,0.2619055448603792,0.27604166666666663,1
24.850000000000218,0.30201872842872424,0.29687499999999994,1
24.90000000000022,0.3000385501248233,0.2864583333333333,1
24.95000000000022,0.9999998807135781,0.26215277777777773,1
25.00000000000022,0.37777341544452425,0.2986111111111111,1
25.05000000000022,0.3754232754076448,0.37847222222222215,1
25.10000000000022,0.30847830428759465,0.3975694444444444,1
25.150000000000222,0.31515314964113716,0.3767361111111111,1
25.200000000000223,0.39872158375411354,0.26215277777777773,1
25.250000000000224,0.381846988366423,0.2864583333333334,1
25.300000000000225,0.3723150223275528,0.2986111111111112,1
25.350000000000225,0.35164556741142206,0.24131944444444442,1
25.400000000000226,0.3566092185793775,0.23958333333333326,1
25.450000000000227,0.3572716293454918,0.3055555555555554,1
25.500000000000227,0.3402501261233835,0.18055555555555558,1
25.550000000000228,0.31900526135557644,0.38715277777777773,1
25.60000000000023,0.294351936095285,0.2621527777777778,1
25.65000000000023,0.2733196457688317,0.34375000000000017,1
25.70000000000023,0.2787282415144096,0.3420138888888888,1
25.75000000000023,0.27556430093337614,0.3385416666666665,1
25.80000000000023,0.26251314109621354,0.20138888888888892,1
25.850000000000232,0.2639338080749552,0.2222222222222222,1
25.900000000000233,0.2784471394929259,0.2708333333333333,1
25.950000000000234,0.27212838854688803,0.31076388888888895,1
26.000000000000234,0.2529376854803857,0.2743055555555556,1
26.050000000000235,0.24635311388755313,0.2673611111111111,1
26.100000000000236,0.2439974699427678,0.29340277777777785,1
26.150000000000237,0.22413839152045253,0.33159722222222204,1
26.200000000000237,0.19291969637245757,0.20659722222222224,1
26.250000000000238,0.19668472243873944,0.2934027777777777,1
26.30000000000024,0.19436795916078248,0.20833333333333334,1
26.35000000000024,0.19896273866477118,0.41840277777777773,1
26.40000000000024,0.20994188543650924,0.2708333333333333,1
26.45000000000024,0.2109723207040233,0.2968750000000001,1
26.50000000000024,0.2036882274103409,0.29687500000000006,1
26.550000000000242,0.225256638037303,0.30381944444444453,1
26.600000000000243,0.2412914209731498,0.43055555555555564,1
26.650000000000244,0.25278092746210357,0.2743055555555556,1
26.700000000000244,0.24189538318321419,0.2725694444444445,1
26.750000000000245,0.23934267512783142,0.3263888888888888,1
26.800000000000246,0.21335540487310553,0.29166666666666663,1
26.850000000000247,0.21233489033071568,0.19791666666666666,1
26.900000000000247,0.20958175431010917,0.40624999999999994,1
26.950000000000248,0.22674331944935436,0.2152777777777778,1
27.00000000000025,0.2133883960172204,0.2395833333333333,1
27.05000000000025,0.23753632787482068,0.3975694444444444,1
27.10000000000025,0.23755552527290372,0.1493055555555556,1
27.15000000000025,0.21547049182380576,0.30555555555555564,1
27.20000000000025,0.18920691740885823,0.2621527777777778,1
27.250000000000252,0.21577211934153115,0.2708333333333333,1
27.300000000000253,0.21955713184093037,0.32986111111111116,1
27.350000000000254,0.27161502167604085,0.21875000000000003,1
27.400000000000254,0.26943234828998497,0.2569444444444445,1
27.450000000000255,0.2266493296416598,0.3819444444444445,1
27.500000000000256,0.23815974804852355,0.3385416666666665,1
27.550000000000257,0.2501083553648551,0.1996527777777778,1
27.600000000000257,0.24657804623122404,0.2569444444444444,1
27.650000000000258,0.23600657173396256,0.21180555555555555,1
27.70000000000026,0.21268405360976883,0.2847222222222222,1
27.75000000000026,0.2046485748535542,0.3802083333333333,1
27.80000000000026,0.20058800925575868,0.28125,1
27.85000000000026,0.20892145632572373,0.3854166666666667,1
27.90000000000026,0.1991519750697274,0.4079861111111111,1
27.950000000000262,0.2248021382545184,0.4461805555555556,1
28.000000000000263,0.44581174659910605,0.2552083333333333,1
28.050000000000264,0.4317665066269282,0.23263888888888892,1
28.100000000000264,0.41335105476147155,0.37500000000000006,1
28.150000000000265,0.40929591740138394,0.3385416666666667,1
28.200000000000266,0.40943362215687323,0.345486111111111,1
28.250000000000266,0.42449846952292464,0.44965277777777785,1
28.300000000000267,0.434869185766793,0.3246527777777777,1
28.350000000000268,0.4265794768215802,0.42534722222222227,0
28.40000000000027,0.432793039999841,0.39236111111111116,0
28.45000000000027,0.4367926057375338,0.7083333333333335,0
28.50000000000027,0.4316356191417717,0.7135416666666669,1
28.55000000000027,0.4420020412757327,0.5173611111111113,1
28.60000000000027,0.4477638697046369,0.47569444444444436,1
28.650000000000272,0.4484899273017375,0.47222222222222215,1
28.700000000000273,0.44244042785340304,0.501736111111111,0
28.750000000000274,0.441846875037711,0.4704861111111112,0
28.800000000000274,0.4248463811039368,0.7760416666666666,1
28.850000000000275,0.4272977446012448,0.875,1
28.900000000000276,0.4301979214497943,0.49999999999999983,0
28.950000000000276,0.4229170562504329,0.7916666666666666,0
29.000000000000277,0.5528606455702185,0.875,0
29.050000000000278,0.5605136481701373,0.40277777777777773,0
29.10000000000028,0.5569337912648763,0.40277777777777773,0
29.15000000000028,0.5431736435397971,0.40277777777777773,0
29.20000000000028,0.5342625359038818,0.40277777777777773,1
29.25000000000028,0.532710222471556,0.40277777777777773,1
29.30000000000028,0.5288228193404151,0.40277777777777773,1
29.350000000000282,0.5231483680471612,0.5069444444444444,1
29.400000000000283,0.5261262036891704,0.5069444444444444,0
29.450000000000284,0.5143025972573779,0.5416666666666667,0
29.500000000000284,0.4970969630538451,0.7777777777777778,0
29.550000000000285,0.4860251219020783,0.782986111111111,0
29.600000000000286,0.47777232341842096,0.3611111111111111,0
29.650000000000286,0.46340280008657375,0.3298611111111111,0
29.700000000000287,0.45109605703132616,0.2934027777777777,0
29.750000000000288,0.4491252811558659,0.3802083333333333,0
29.80000000000029,0.43195090884865933,0.3506944444444445,0
29.85000000000029,0.42516966300297515,0.3385416666666667,0
29.90000000000029,0.4184175967637729,0.3541666666666667,0
29.95000000000029,0.3919514673024595,0.38715277777777773,0
30.00000000000029,0.22961502618587637,0.3229166666666667,0
30.050000000000292,0.22985310049560295,0.28125,0
30.100000000000293,0.23975330552972915,0.28125,0
30.150000000000293,0.23614289675408331,0.28125,0
30.200000000000294,0.2386263139598692,0.28125,1
30.250000000000295,0.23270032740885063,0.28125,1
30.300000000000296,0.2275597312360589,0.28125,1
30.350000000000296,0.22036975413244916,0.2986111111111111,1
30.400000000000297,0.20172390007574026,0.3038194444444444,1
30.450000000000298,0.20042529180280005,0.3038194444444444,1
30.5000000000003,0.20980479042327782,0.3038194444444444,1
30.5500000000003,0.2086407188873124,0.3038194444444444,1
30.6000000000003,0.2085692444425152,0.3038194444444444,1
30.6500000000003,0.20638305710385826,0.3038194444444444,1
30.7000000000003,0.20782084540710793,0.3038194444444444,1
30.750000000000302,0.2092249397954425,0.3038194444444444,1
30.800000000000303,0.20744467087885712,0.3038194444444444,1
30.850000000000303,0.2049278661324014,0.3038194444444444,1
30.900000000000304,0.20503371520859862,0.3038194444444444,1
30.950000000000305,0.20433547295749005,0.3038194444444444,1
31.000000000000306,0.22678586955539282,0.34201388888888884,1
31.050000000000306,0.2263523849361715,0.34201388888888884,1
31.100000000000307,0.22535972755389946,0.34201388888888884,1
31.150000000000308,0.22551179549721828,0.34201388888888884,1
31.20000000000031,0.22721146914981935,0.34201388888888884,1
31.25000000000031,0.22766987007256545,0.34201388888888884,1
31.30000000000031,0.2276698700725654,0.34201388888888884,1
31.35000000000031,0.2276698700725654,0.34201388888888884,1
31.40000000000031,0.22766987007256517,0.34201388888888884,1
31.450000000000312,0.22766987007256517,0.34201388888888884,1
31.500000000000313,0.22766987007256526,0.34201388888888884,1
31.550000000000313,0.22766987007256526,0.34201388888888884,1
31.600000000000314,0.22766987007256526,0.34201388888888884,1
31.650000000000315,0.22766987007256517,0.34201388888888884,1
31.700000000000315,0.22766987007256517,0.34201388888888884,1
31.750000000000316,0.22766987007256517,0.34201388888888884,1
31.800000000000317,0.22766987007256517,0.34201388888888884,1
31.850000000000318,0.22766987007256537,0.34201388888888884,1
31.90000000000032,0.22766987007256537,0.34201388888888884,1
31.95000000000032,0.22766987007256526,0.34201388888888884,1
32.00000000000032,0.25339273997410894,0.3177083333333334,1
32.05000000000032,0.25339273997410894,0.3177083333333334,1
32.100000000000314,0.2533927399741091,0.3177083333333334,1
32.15000000000031,0.2533927399741091,0.3177083333333334,1
32.20000000000031,0.25339273997410905,0.3177083333333334,1
32.250000000000306,0.25339273997410894,0.3177083333333334,1
32.3000000000003,0.25339273997410916,0.3177083333333334,1
32.3500000000003,0.25339273997410894,0.3177083333333334,1
32.4000000000003,0.25339273997410916,0.3177083333333334,1
32.450000000000294,0.25339273997410894,0.3177083333333334,1
32.50000000000029,0.25339273997410894,0.3177083333333334,1
32.55000000000029,0.25339273997410894,0.3177083333333334,1
32.600000000000286,0.25339273997410894,0.3177083333333334,1
32.65000000000028,0.25339273997410894,0.3177083333333334,1
32.70000000000028,0.25339273997410877,0.3177083333333334,1
32.75000000000028,0.25339273997410894,0.3177083333333334,1
32.800000000000274,0.25339273997410894,0.3177083333333334,1
32.85000000000027,0.25339273997410894,0.3177083333333334,1
32.90000000000027,0.25339273997410894,0.3177083333333334,1
32.950000000000266,0.2533927399741088,0.3177083333333334,1
33.00000000000026,0.25339273997410894,0.3177083333333334,1
33.05000000000026,0.25339273997410894,0.3177083333333334,1
33.10000000000026,0.25339273997410905,0.3177083333333334,1
33.150000000000254,0.25339273997410905,0.3177083333333334,1
33.20000000000025,0.25339273997410905,0.3177083333333334,1
33.25000000000025,0.25339273997410894,0.3177083333333334,1
33.300000000000246,0.2533927399741091,0.3177083333333334,1
33.35000000000024,0.25339273997410894,0.3177083333333334,1
33.40000000000024,0.253392739974109,0.3177083333333334,1
33.45000000000024,0.253392739974109,0.3177083333333334,1
33.500000000000234,0.253392739974109,0.3177083333333334,1
33.55000000000023,0.253392739974109,0.3177083333333334,1
33.60000000000023,0.253392739974109,0.3177083333333334,1
33.650000000000226,0.25339273997410905,0.3177083333333334,1
33.70000000000022,0.253392739974109,0.3177083333333334,1
33.75000000000022,0.25339273997410894,0.3177083333333334,1
33.80000000000022,0.253392739974109,0.3177083333333334,1
33.850000000000215,0.25339273997410905,0.3177083333333334,1
33.90000000000021,0.25339273997410905,0.3177083333333334,1
33.95000000000021,0.253392739974109,0.3177083333333334,1
34.000000000000206,0.6664772550274968,0.41840277777777773,1
34.0500000000002,0.664418083469861,0.41840277777777773,1
34.1000000000002,0.6558250283229785,0.41840277777777773,1
34.1500000000002,0.6468525298189671,0.41840277777777773,1
34.200000000000195,0.6374876080575297,0.41840277777777773,1
34.25000000000019,0.6300187102074133,0.41840277777777773,1
34.30000000000019,0.6170506257361714,0.41840277777777773,1
34.350000000000186,0.6058119328437847,0.41840277777777773,1
34.40000000000018,0.5940789858649396,0.41840277777777773,1
34.45000000000018,0.5818597757646409,0.41840277777777773,1
34.50000000000018,0.5691764938215476,0.41840277777777773,1
34.550000000000175,0.5560696048336295,0.41840277777777773,0
34.60000000000017,0.5457911626289813,0.5868055555555556,0
34.65000000000017,0.5286379824232225,0.5694444444444444,0
34.700000000000166,0.5143714952351782,0.3038194444444445,0
34.75000000000016,0.5005644417512185,0.28472222222222227,0
34.80000000000016,0.48614589932185864,0.3524305555555556,0
34.85000000000016,0.468739311268524,0.2673611111111111,0
34.900000000000155,0.44032635416732346,0.19270833333333334,0
34.95000000000015,0.4218116386216283,0.2586805555555555,0
35.00000000000015,0.6210493195442249,0.451388888888889,0
35.050000000000146,0.6215729370026826,0.35590277777777773,0
35.10000000000014,0.61215854016682,0.4010416666666667,0
35.15000000000014,0.5987197175963224,0.33159722222222215,0
35.20000000000014,0.5871976550380907,0.21875,0
35.250000000000135,0.570788277735273,0.2986111111111111,0
35.30000000000013,0.5565326220115427,0.3159722222222222,0
35.35000000000013,0.5312133128746401,0.26736111111111105,0
35.40000000000013,0.5114739049816626,0.19444444444444442,0
35.450000000000124,0.48586272664586605,0.32812500000000006,0
35.50000000000012,0.45329047643534137,0.2638888888888889,0
35.55000000000012,0.42583488666821306,0.3038194444444445,0
35.600000000000115,0.41916180455644875,0.28645833333333337,0
35.65000000000011,0.4130518686737652,0.20833333333333334,0
35.70000000000011,0.3954463779546933,0.21701388888888884,0
35.75000000000011,0.37839491878207066,0.22569444444444445,0
35.800000000000104,0.34999274542129244,0.3350694444444445,0
35.8500000000001,0.31681122565923253,0.32291666666666674,0
35.9000000000001,0.28795545230707636,0.2586805555555556,0
35.950000000000095,0.2527500606360648,0.3315972222222223,0
36.00000000000009,0.447701419508493,0.3854166666666666,0
36.05000000000009,0.4334962939751813,0.3819444444444444,0
36.10000000000009,0.41763280917629547,0.3524305555555554,0
36.150000000000084,0.396183819860984,0.2829861111111111,0
36.20000000000008,0.3816399546794638,0.19791666666666663,0
36.25000000000008,0.35137407258215547,0.21875,0
36.300000000000075,0.3518227102662273,0.171875,0
36.35000000000007,0.3624671344775772,0.24305555555555555,0
36.40000000000007,0.33214897020858986,0.28472222222222215,0
36.45000000000007,0.2951938134262407,0.2552083333333333,0
36.500000000000064,0.27316786863307396,0.26909722222222227,0
36.55000000000006,0.25513421399957426,0.21701388888888895,0
36.60000000000006,0.23385135410557306,0.1996527777777778,0
36.650000000000055,0.22706130954516582,0.3177083333333333,0
36.70000000000005,0.2331902671807535,0.2777777777777778,0
36.75000000000005,0.21313723632939646,0.22395833333333337,0
36.80000000000005,0.20539113714149526,0.3125,0
36.850000000000044,0.20588908776944573,0.23611111111111113,0
36.90000000000004,0.23375664302723778,0.28298611111111105,0
36.95000000000004,0.21658866123245174,0.27604166666666663,0
37.000000000000036,0.316424720101831,0.23958333333333337,0
37.05000000000003,0.3187578482345612,0.2586805555555556,0
37.10000000000003,0.30038316669134724,0.31597222222222227,0
37.15000000000003,0.2860604685000193,0.2760416666666667,0
37.200000000000024,0.2812262626017177,0.3402777777777777,0
37.25000000000002,0.2633021233386568,0.2638888888888889,0
37.30000000000002,0.2629740251043257,0.2517361111111111,0
37.350000000000016,0.23902470052605773,0.24652777777777776,0
37.40000000000001,0.22455003611245067,0.2934027777777778,0
37.45000000000001,0.18635229564296382,0.36284722222222227,0
37.50000000000001,0.16474551519211875,0.32291666666666674,0
37.550000000000004,0.18136678634155712,0.22222222222222224,0
37.6,0.20009208792385944,0.3177083333333334,0
37.65,0.2101581378946965,0.2447916666666667,0
37.699999999999996,0.19880059072492834,0.3611111111111111,0
37.74999999999999,0.578191123079862,0.24826388888888884,0
37.79999999999999,0.5823430295200448,0.26215277777777773,0
37.84999999999999,0.5816537847209282,0.3038194444444444,0
37.899999999999984,0.5711360019551253,0.32986111111111116,0
37.94999999999998,0.5504122609838351,0.34722222222222215,0
37.99999999999998,0.531314873958507,0.2829861111111111,0
38.049999999999976,0.5052354581175867,0.33333333333333326,0
38.09999999999997,0.4937865725196649,0.3420138888888889,0
38.14999999999997,0.4845036521941589,0.26909722222222227,0
38.19999999999997,0.438831584130859,0.16666666666666666,0
38.249999999999964,0.44439737321983636,0.19965277777777776,0
38.29999999999996,0.4528665487186299,0.2777777777777778,0
38.34999999999996,0.4450891304204907,0.28125,0
38.399999999999956,0.45055603000829747,0.29340277777777785,0
38.44999999999995,0.44754835548479266,0.3350694444444444,0
38.49999999999995,0.45317146030933236,0.31423611111111116,0
38.54999999999995,0.47249750860783246,0.23437499999999997,0
38.599999999999945,0.6081134480519091,0.19791666666666666,0
38.64999999999994,0.6202943572970321,0.22048611111111113,0
38.69999999999994,0.4890490512759763,0.3506944444444445,0
38.749999999999936,0.6412700616998231,0.31770833333333337,0
38.79999999999993,0.5506924783379873,0.35590277777777773,0
38.84999999999993,0.475849677541874,0.3819444444444445,0
38.89999999999993,0.4954973633375239,0.2517361111111111,0
38.949999999999925,0.4561529329691382,0.2986111111111111,0
38.99999999999992,0.4455132814031436,0.2951388888888889,0
39.04999999999992,0.41197184184293584,0.3680555555555556,0
39.099999999999916,0.4225360674975722,0.1909722222222222,0
39.14999999999991,0.3828917486997812,0.3368055555555555,0
39.19999999999991,0.35457817487050797,0.3177083333333334,0
39.24999999999991,0.35875464090560755,0.21354166666666666,0
39.299999999999905,0.25802515412365895,0.22916666666666666,0
39.3499999999999,0.2961053332738384,0.31597222222222227,0
39.3999999999999,0.30691867305329945,0.28125000000000006,0
39.449999999999896,0.3156647187879788,0.22569444444444445,0
39.49999999999989,0.303721673338176,0.31944444444444453,0
39.54999999999989,0.3152186805525029,0.1909722222222222,0
39.59999999999989,0.2563003896758689,0.2951388888888889,0
39.649999999999885,0.2992904006918774,0.2690972222222222,0
39.69999999999988,0.9999999056505852,0.28645833333333337,0
39.74999999999988,0.9999999420422944,0.2552083333333333,0
39.799999999999876,0.9999999466332845,0.296875,0
39.84999999999987,0.2798070317506543,0.3802083333333333,0
39.89999999999987,0.3342430502080432,0.31076388888888895,0
39.94999999999987,0.9999999355355962,0.19270833333333334,0
39.999999999999865,0.9999999607406425,0.28472222222222227,0
40.04999999999986,0.682795334301088,0.375,0
40.09999999999986,0.6732923285344781,0.3177083333333334,0
40.14999999999986,0.6629152878009873,0.2829861111111111,0
40.199999999999854,0.6618120489931894,0.32986111111111105,0
40.24999999999985,0.6576295692689488,0.2795138888888889,0
40.29999999999985,0.6416603333410287,0.2777777777777778,0
40.349999999999845,0.6375157131580512,0.32986111111111116,0
40.39999999999984,0.6375146569680035,0.23263888888888887,0
40.44999999999984,0.6403071346038972,0.2152777777777778,0
40.49999999999984,0.6398892562703773,0.25173611111111116,0
40.549999999999834,0.6221351403792221,0.2152777777777777,0
40.59999999999983,0.605997518986762,0.2517361111111111,0
40.64999999999983,0.591775787777539,0.3368055555555555,0
40.699999999999825,0.6014788452699253,0.22048611111111113,0
40.74999999999982,0.5854304538971078,0.18229166666666666,0
40.79999999999982,0.5799294291087659,0.2430555555555555,0
40.84999999999982,0.5690086534797135,0.23263888888888892,0
40.899999999999814,0.5516849627748494,0.3993055555555555,0
40.94999999999981,0.5425421842155923,0.2777777777777778,0
40.99999999999981,0.5288523388455137,0.31076388888888895,0
41.049999999999805,0.7641096507629093,0.42187499999999994,0
41.0999999999998,0.7608151674841332,0.3819444444444445,0
41.1499999999998,0.75393002379151,0.3107638888888889,0
41.1999999999998,0.7481293618651794,0.3489583333333333,0
41.249999999999794,0.743370616989173,0.21006944444444445,0
41.29999999999979,0.7378682329522268,0.375,0
41.34999999999979,0.7403791040627493,0.22916666666666666,0
41.399999999999785,0.7385640060245372,0.2152777777777778,0
41.44999999999978,0.7284414384055263,0.2725694444444445,0
41.49999999999978,0.7188391013759385,0.20833333333333337,0
41.54999999999978,0.7102805162444924,0.36284722222222227,0
41.599999999999774,0.7080577045976648,0.27430555555555564,0
41.64999999999977,0.6965535135548597,0.3003472222222224,0
41.69999999999977,0.6883561580629483,0.3177083333333334,0
41.749999999999766,0.6796210962771362,0.26909722222222227,0
41.79999999999976,0.6701352484736831,0.2135416666666667,0
41.84999999999976,0.6605983855344052,0.310763888888889,0
41.89999999999976,0.6505291894054396,0.3003472222222224,0
41.949999999999754,0.6408674349328156,0.3003472222222223,0
41.99999999999975,0.6311005262926915,0.21180555555555555,0
42.04999999999975,0.6003444496058403,0.23090277777777776,0
42.099999999999746,0.5933996899423651,0.3229166666666666,0
42.14999999999974,0.5902043730074962,0.30729166666666674,0
42.19999999999974,0.5909705643958718,0.25868055555555547,0
42.24999999999974,0.5821041240968875,0.26041666666666663,0
42.299999999999734,0.5805649772275087,0.2829861111111111,0
42.34999999999973,0.6528848579913006,0.2760416666666667,0
42.39999999999973,0.5343495472985874,0.29340277777777785,0
42.449999999999726,0.5135776807589202,0.19618055555555555,0
42.49999999999972,0.4933356087738341,0.24999999999999997,0
42.54999999999972,0.4691284100678675,0.3038194444444445,0
42.59999999999972,0.9999999545334494,0.29687500000000006,0
42.649999999999714,0.999999956162621,0.25347222222222215,0
42.69999999999971,0.42663555173242884,0.2760416666666667,0
42.74999999999971,0.41779571813804595,0.25173611111111105,0
42.799999999999706,0.3596153606606649,0.23784722222222224,0
42.8499999999997,0.36596698778491393,0.2447916666666666,0
42.8999999999997,0.38345139544084317,0.19270833333333334,0
42.9499999999997,0.35517523312548155,0.29687499999999994,0
42.999999999999694,0.34901932752567993,0.2864583333333333,0
43.04999999999969,0.3521071562227184,0.1631944444444445,0
43.09999999999969,0.9999999999998945,0.23437500000000003,0
43.149999999999686,0.999999999999912,0.2065972222222222,0
43.19999999999968,0.3013035230122186,0.2395833333333333,0
43.24999999999968,0.24913885546276357,0.20486111111111108,0
43.29999999999968,0.9999999999926393,0.28125,0
43.349999999999675,0.25995065896616676,0.2395833333333334,0
43.39999999999967,0.32306030480707487,0.2708333333333333,0
43.44999999999967,0.266830827656912,0.2586805555555555,0
43.499999999999666,0.2575443756588199,0.25694444444444436,0
43.54999999999966,0.25871882981359173,0.24131944444444442,0
43.59999999999966,0.9999998463348593,0.3020833333333334,0
43.64999999999966,0.9999999231273858,0.2708333333333333,0
43.699999999999655,0.26179487700954607,0.2517361111111111,0
43.74999999999965,0.26695503705615375,0.33333333333333326,0
43.79999999999965,0.2288662545388935,0.2690972222222221,0
43.849999999999646,0.24974993352264446,0.2725694444444445,0
43.89999999999964,0.999999999999961,0.25520833333333326,0
43.94999999999964,0.9999999999999318,0.29340277777777785,0
43.99999999999964,0.9999999999997203,0.22916666666666666,0
44.049999999999635,0.48561107913437424,0.2586805555555555,0
44.09999999999963,0.23852421654702838,0.26736111111111105,0
44.14999999999963,0.2798212328346275,0.25173611111111105,0
44.199999999999626,0.23236425980955996,0.2638888888888888,0
44.24999999999962,0.33382141403573573,0.33159722222222215,0
44.29999999999962,0.33162614425007614,0.3281249999999999,0
44.34999999999962,0.5544426700298555,0.23263888888888884,0
44.399999999999615,0.42501200383102145,0.17013888888888892,0
44.44999999999961,0.9999999999999868,0.17881944444444445,0
44.49999999999961,0.23107156446052288,0.2708333333333333,0
44.549999999999606,0.25296181669203677,0.25520833333333326,0
44.5999999999996,0.21670756777428335,0.28645833333333337,0
44.6499999999996,0.25791465988354345,0.25,0
44.6999999999996,0.2810556245210184,0.35069444444444436,0
44.749999999999595,0.3197962212247472,0.3958333333333333,0
44.79999999999959,0.38472619878637115,0.23263888888888887,0
44.84999999999959,0.9999999999999092,0.26041666666666663,0
44.89999999999959,0.2920483468691382,0.3003472222222223,0
44.949999999999584,0.2601223079639169,0.23263888888888884,0
44.99999999999958,0.2353486042561251,0.24652777777777768,0
45.04999999999958,0.6982398728747661,0.24999999999999997,0
45.099999999999575,0.7173855781189491,0.34722222222222215,0
45.14999999999957,0.6870184442732381,0.32118055555555564,0
45.19999999999957,0.9999999999999626,0.3524305555555555,0
45.24999999999957,0.6645123421902078,0.3020833333333333,0
45.299999999999564,0.9999999778200099,0.3506944444444444,1
45.34999999999956,0.63453420259183,0.27430555555555547,1
45.39999999999956,0.629583790766851,0.3767361111111111,1
45.449999999999555,0.6304074361425644,0.2621527777777777,1
45.49999999999955,0.6523844012308996,0.21006944444444442,1
45.54999999999955,0.6408380584805226,0.24479166666666674,1
45.59999999999955,0.6353841348875999,0.4010416666666667,1
45.649999999999544,0.6248247279028417,0.2864583333333333,1
45.69999999999954,0.597812310327234,0.345486111111111,1
45.74999999999954,0.5862457794359566,0.2725694444444444,1
45.799999999999535,0.5697048108399564,0.2899305555555555,1
45.84999999999953,0.5541805241311438,0.3385416666666666,1
45.89999999999953,0.5486721338664425,0.359375,1
45.94999999999953,0.544044868705842,0.4010416666666667,1
45.999999999999524,0.5378826027505891,0.4010416666666667,1
46.04999999999952,0.7789131056929197,0.4704861111111111,1
46.09999999999952,0.7783139943518695,0.4704861111111111,1
46.149999999999515,0.7680106662367705,0.453125,0
46.19999999999951,0.7565629772705873,0.21354166666666663,1
46.24999999999951,0.7445830731173795,0.21354166666666663,1
46.29999999999951,0.7268451169552075,0.21354166666666663,1
46.349999999999504,0.7131417297177437,0.21354166666666663,0
46.3999999999995,0.6945877015436163,0.17708333333333337,0
46.4499999999995,0.6798252404456071,0.765625,0
46.499999999999496,0.6649914977328528,0.4444444444444446,0
46.54999999999949,0.6490271407415397,0.22048611111111113,0
46.59999999999949,0.6444948819327361,0.30729166666666674,0
46.64999999999949,0.6353363776158815,0.22048611111111113,0
46.699999999999484,0.6199428268859524,0.29340277777777785,0
46.74999999999948,0.6027515218988104,0.22916666666666666,0
46.79999999999948,0.5951449778863173,0.22916666666666666,0
46.849999999999476,0.5630120283457939,0.29340277777777785,0
46.89999999999947,0.5400833809474048,0.4444444444444445,0
46.94999999999947,0.5247028503200015,0.451388888888889,0
46.99999999999947,0.5035279473245511,0.3663194444444444,0
47.049999999999464,0.8301957100832732,0.32812499999999994,0
47.09999999999946,0.8232017011697671,0.4357638888888889,0
47.14999999999946,0.818388951151631,0.24305555555555555,0
47.199999999999456,0.8074409118615898,0.3229166666666667,0
47.24999999999945,0.9999999883010557,0.23437499999999997,0
47.29999999999945,0.7955799420080262,0.3177083333333332,0
47.34999999999945,0.7800017676448866,0.3315972222222221,0
47.399999999999444,0.7628433659845182,0.28124999999999994,0
47.44999999999944,0.7601012709319698,0.2743055555555555,0
47.49999999999944,0.7637050954981808,0.40104166666666674,0
47.549999999999436,0.7464380994925598,0.16666666666666666,0
47.59999999999943,0.7208563843015477,0.20486111111111105,0
47.64999999999943,0.6932124709280906,0.2795138888888889,0
47.69999999999943,0.6641339414139014,0.19791666666666663,0
47.749999999999424,0.6606782943285786,0.3541666666666666,0
47.79999999999942,0.9999999368240452,0.2517361111111111,0
47.84999999999942,0.9999999292960042,0.2552083333333333,0
47.899999999999416,0.5191785264426672,0.2899305555555556,0
47.94999999999941,0.4894576833243863,0.30208333333333337,0
47.99999999999941,0.5074766469736316,0.3055555555555555,0
48.04999999999941,0.4733732467953274,0.23437499999999997,0
48.099999999999405,0.41125161533581633,0.3263888888888888,0
48.1499999999994,0.999999780940931,0.3038194444444445,0
48.1999999999994,0.9999998966888365,0.28124999999999994,0
48.249999999999396,0.9999998443429517,0.34201388888888884,0
48.29999999999939,0.3259834108952194,0.21875,0
48.34999999999939,0.1895789572669454,0.4149305555555556,0
48.39999999999939,0.1762176710765654,0.2708333333333333,0
48.449999999999385,0.330848800789727,0.15625000000000003,0
48.49999999999938,0.3413441800259275,0.1631944444444445,0
48.54999999999938,0.31962500264806326,0.2239583333333333,0
48.599999999999376,0.29493252648591956,0.17881944444444445,0
48.64999999999937,0.2937748913307358,0.26909722222222215,0
48.69999999999937,0.9999999999998798,0.23437499999999997,0
48.74999999999937,0.3526697500458835,0.3281249999999999,0
48.799999999999365,0.3431060345176147,0.44097222222222227,0
48.84999999999936,0.29307542006234405,0.4114583333333334,0
48.89999999999936,0.3056277631077659,0.24652777777777776,0
48.949999999999356,0.292787127918219,0.22743055555555555,0
48.99999999999935,0.9999999999998466,0.18576388888888892,0
49.04999999999935,0.9999999999995708,0.39930555555555564,0
49.09999999999935,0.22669856522044027,0.32291666666666663,0
49.149999999999345,0.23150979977004152,0.22569444444444442,0
49.19999999999934,0.2662652784296338,0.36111111111111116,0
49.24999999999934,0.2957774987687712,0.39236111111111116,0
49.299999999999336,0.20371741423379658,0.2569444444444445,0
49.34999999999933,0.9999996778976405,0.265625,0
49.39999999999933,0.2813780800062464,0.3038194444444444,0
49.44999999999933,0.21336494585042176,0.35590277777777785,0
49.499999999999325,0.27914699521011327,0.20659722222222224,0
49.54999999999932,0.2816989348994455,0.30381944444444453,0
49.59999999999932,0.3333877660888232,0.2986111111111112,0
49.64999999999932,0.31315411419195,0.28993055555555564,0
49.699999999999314,0.3192477137354031,0.32812499999999994,0
49.74999999999931,0.28731933392849845,0.29687500000000006,0
49.79999999999931,0.3105020218083036,0.28125,0
49.849999999999305,0.3092407758847152,0.3541666666666667,0
49.8999999999993,0.3256176269808498,0.2829861111111112,0
49.9499999999993,0.3588030636904634,0.3142361111111112,0
49.9999999999993,0.3652912644664885,0.2152777777777777,0
50.049999999999294,0.27462333244031467,0.23958333333333337,0
50.09999999999929,0.23303763483806123,0.2743055555555555,0
50.14999999999929,0.9999999999999257,0.2760416666666667,0
50.199999999999285,0.16416176160175028,0.3333333333333333,0
50.24999999999928,0.20796417700480513,0.23958333333333337,0
50.29999999999928,0.392392795353937,0.18055555555555555,0
50.34999999999928,0.38668109587953314,0.203125,0
50.399999999999274,0.376083650218081,0.2552083333333333,0
50.44999999999927,0.3700478505530238,0.3940972222222221,0
50.49999999999927,0.3528026172775648,0.2777777777777778,0
50.549999999999265,0.3296719009590199,0.32638888888888884,0
50.59999999999926,0.30818387684999504,0.2951388888888889,0
50.64999999999926,0.2997576603572891,0.3645833333333333,0
50.69999999999926,0.29439556772986947,0.2829861111111111,0
50.749999999999254,0.27540012887945986,0.31249999999999994,0
50.79999999999925,0.26067265244132887,0.2569444444444445,0
50.84999999999925,0.25360216758006826,0.2951388888888889,0
50.899999999999245,0.24924886730396711,0.22743055555555558,0
50.94999999999924,0.24284189223099759,0.2465277777777778,0
50.99999999999924,0.22666311168788922,0.37152777777777785,0
51.04999999999924,0.24994298256411027,0.2638888888888889,0
51.099999999999234,0.2525191252766469,0.34722222222222227,0
51.14999999999923,0.26144118546218814,0.24479166666666666,0
51.19999999999923,0.2555604597567188,0.2690972222222222,0
51.249999999999226,0.25263983686685954,0.2465277777777778,0
51.29999999999922,0.23232345952170064,0.28125,0
51.34999999999922,0.20602198032680394,0.2534722222222222,0
51.39999999999922,0.21102600955960688,0.35763888888888884,0
51.449999999999214,0.2362416911499677,0.3072916666666667,0
51.49999999999921,0.2562876987184826,0.2777777777777778,0
51.54999999999921,0.24757454993491843,0.29687500000000006,0
51.599999999999206,0.23000233156952973,0.1684027777777778,0
51.6499999999992,0.2248252502591783,0.3072916666666667,0
51.6999999999992,0.22657913727394374,0.28125,0
51.7499999999992,0.19814500391834075,0.3177083333333333,0
51.799999999999194,0.21653905825305864,0.2673611111111111,0
51.84999999999919,0.24923446041007113,0.21701388888888887,0
51.89999999999919,0.24792094894969255,0.21527777777777776,0
51.949999999999186,0.2199904144129131,0.2465277777777778,0
51.99999999999918,0.21761955760630242,0.29687500000000006,0
52.04999999999918,0.2964545880083266,0.28645833333333337,0
52.09999999999918,0.27544212157186704,0.33159722222222215,0
52.149999999999174,0.26627703013547305,0.2256944444444445,0
52.19999999999917,0.2305571113379796,0.29687500000000006,0
52.24999999999917,0.22319759903083716,0.28125,0
52.299999999999166,0.2155290565998432,0.2152777777777778,0
52.34999999999916,0.21422449644590977,0.3142361111111111,0
52.39999999999916,0.2240047576583995,0.3038194444444445,0
52.44999999999916,0.23246199105339166,0.2881944444444445,0
52.499999999999154,0.25087318608518333,0.5329861111111112,0
52.54999999999915,0.2612462522800526,0.21701388888888892,0
52.59999999999915,0.2373248805455858,0.12673611111111108,0
52.649999999999146,0.20552504750726738,0.2621527777777778,0
52.69999999999914,0.19418963473335493,0.34027777777777785,0
52.74999999999914,0.20742874638582007,0.24305555555555555,0
52.79999999999914,0.20460621198160694,0.296875,0
52.849999999999135,0.18642629458982485,0.2743055555555556,0
52.89999999999913,0.1873185365388616,0.24305555555555558,0
52.94999999999913,0.17823848029662323,0.22743055555555558,0
52.999999999999126,0.16345422599592632,0.21006944444444453,0
53.04999999999912,0.1528048198330865,0.2743055555555555,0
53.09999999999912,0.1846152325530396,0.31423611111111116,0
53.14999999999912,0.20418934933514765,0.23263888888888892,0
53.199999999999115,0.20336407832411138,0.26562499999999994,0
53.24999999999911,0.20096878945232366,0.2708333333333333,0
53.29999999999911,0.22199185651162037,0.21875,0
53.349999999999106,0.22702166898374532,0.3368055555555555,0
53.3999999999991,0.22719603404169408,0.24999999999999997,0
53.4499999999991,0.22918868808565263,0.28472222222222227,0
53.4999999999991,0.20681970477130046,0.24131944444444442,0
53.549999999999095,0.2026890147569668,0.3038194444444444,0
53.59999999999909,0.1742900262194134,0.28124999999999994,0
53.64999999999909,0.1612239514383626,0.26909722222222215,0
53.699999999999086,0.18266711087059384,0.42187500000000006,0
53.74999999999908,0.20067624988606747,0.2829861111111111,0
53.79999999999908,0.2016157341535848,0.26215277777777773,0
53.84999999999908,0.20655559374540675,0.2708333333333333,0
53.899999999999075,0.1977822527606096,0.29513888888888895,0
53.94999999999907,0.2053102411802829,0.29687500000000006,0
53.99999999999907,0.2098007201895336,0.22048611111111113,0
54.049999999999066,0.47578588531151916,0.2725694444444445,0
54.09999999999906,0.4902495530900409,0.2864583333333334,0
54.14999999999906,0.48332056813550345,0.29513888888888895,0
54.19999999999906,0.46700529194081775,0.37673611111111116,1
54.249999999999055,0.4552388393875521,0.3038194444444445,1
54.29999999999905,0.45447685598334586,0.27777777777777785,1
54.34999999999905,0.4456696059794622,0.3142361111111112,1
54.39999999999905,0.4544383038112895,0.3142361111111112,1
54.449999999999044,0.4545935910166919,0.3333333333333334,0
54.49999999999904,0.45066983753105655,0.6232638888888888,1
54.54999999999904,0.4486039511691885,0.6805555555555555,1
54.599999999999035,0.4484492425040265,0.6805555555555555,0
54.64999999999903,0.4482678322662542,0.6805555555555555,0
54.69999999999903,0.44541114965043144,0.6597222222222222,0
54.74999999999903,0.4417288892253925,0.27777777777777785,0
54.799999999999024,0.43502329619099983,0.1684027777777778,0
54.84999999999902,0.41797648131794873,0.17534722222222224,0
54.89999999999902,0.38057737594472857,0.27777777777777785,0
54.949999999999015,0.3649797298032693,0.2673611111111111,0
54.99999999999901,0.36767213909062646,0.22916666666666674,0
55.04999999999901,0.485642688251322,0.37847222222222215,0
55.09999999999901,0.4923365028760038,0.2899305555555556,0
55.149999999999004,0.5039923191774723,0.2743055555555555,0
55.199999999999,0.5081945330722443,0.3298611111111111,0
55.249999999999,0.499575532550991,0.28125000000000006,1
55.299999999998995,0.4822223856810739,0.2777777777777778,1
55.34999999999899,0.46045774786682653,0.3663194444444445,1
55.39999999999899,0.4524636054595671,0.33159722222222227,1
55.44999999999899,0.4446020585371013,0.23263888888888895,1
55.499999999998984,0.4461636994696927,0.30729166666666674,1
55.54999999999898,0.43887912556117886,0.3263888888888889,1
55.59999999999898,0.4454093867433855,0.3368055555555555,1
55.649999999998975,0.4284554819573323,0.2864583333333334,1
55.69999999999897,0.42694960850832037,0.30555555555555564,1
55.74999999999897,0.4284194777178501,0.2309027777777778,1
55.79999999999897,0.4222260908213241,0.2309027777777778,1
55.849999999998964,0.42854636548365654,0.2309027777777778,1
55.89999999999896,0.42631702534930294,0.25347222222222227,1
55.94999999999896,0.4225205685707805,0.5763888888888888,1
55.999999999998956,0.41864802605209833,0.5763888888888888,1
56.04999999999895,0.6097959748111016,0.5746527777777778,0
56.09999999999895,0.6035704814509733,0.5989583333333331,0
56.14999999999895,0.5982196015682905,0.5989583333333331,0
56.199999999998944,0.5941010692759943,0.5989583333333331,1
56.24999999999894,0.588018429000166,0.5989583333333331,1
56.29999999999894,0.5824847629322042,0.5989583333333331,1
56.349999999998936,0.5778598230464715,0.5989583333333331,1
56.39999999999893,0.5729360170773057,0.5989583333333331,1
56.44999999999893,0.5676811385921373,0.5989583333333331,1
56.49999999999893,0.5631591526566294,0.5989583333333331,0
56.549999999998924,0.5588591583182467,0.6093749999999999,0
56.59999999999892,0.5534383681801318,0.6093749999999999,0
56.64999999999892,0.5475698755007448,0.6093749999999999,0
56.699999999998916,0.5419215970420416,0.6093749999999999,0
56.74999999999891,0.5364277715459886,0.6093749999999999,0
56.79999999999891,0.5310610915712954,0.6093749999999999,0
56.84999999999891,0.5272425225625282,0.6093749999999999,1
56.899999999998904,0.5248107244428492,0.6093749999999999,1
56.9499999999989,0.51834129239893,0.6093749999999999,1
56.9999999999989,0.5111270586876518,0.6093749999999999,0
57.049999999998896,0.568839107748672,0.654513888888889,0
57.09999999999889,0.5648991146394435,0.6163194444444445,0
57.14999999999889,0.5608983521414813,0.59375,0
57.19999999999889,0.5555116589020994,0.3576388888888889,1
57.249999999998884,0.5517060051952568,0.421875,1
57.29999999999888,0.5470621688444733,0.3802083333333334,1
57.34999999999888,0.5340910299462139,0.3611111111111111,1
57.399999999998876,0.5145182571525643,0.34201388888888884,1
57.44999999999887,0.49802395748698486,0.3680555555555556,1
57.49999999999887,0.47123719355429017,0.3333333333333333,1
57.54999999999887,0.46128525681324806,0.3038194444444444,1
57.599999999998865,0.45362964720995935,0.3107638888888889,1
57.64999999999886,0.431988780173732,0.3107638888888889,1
57.69999999999886,0.41865001101300336,0.3107638888888889,1
57.749999999998856,0.40678329752531883,0.3107638888888889,1
57.79999999999885,0.398505210870807,0.42013888888888884,1
57.84999999999885,0.39111875304524796,0.6111111111111112,1
57.89999999999885,0.382500813143645,0.6111111111111112,0
57.949999999998845,0.3775158519367887,0.6111111111111112,0
57.99999999999884,0.37372562164969164,0.6111111111111112,0
58.04999999999884,0.5618516527476661,0.5885416666666666,0
58.099999999998836,0.5533263928004273,0.37673611111111116,0
58.14999999999883,0.5466776547888048,0.34722222222222227,1
58.19999999999883,0.5346914220958408,0.39930555555555564,1
58.24999999999883,0.521721252804881,0.39062500000000006,1
58.299999999998825,0.5119808262566234,0.3142361111111111,1
58.34999999999882,0.4939177506883953,0.3680555555555555,1
58.39999999999882,0.48386980691239745,0.404513888888889,1
58.449999999998816,0.46629841780045395,0.4722222222222223,1
58.49999999999881,0.45875001571411517,0.4722222222222223,1
58.54999999999881,0.46179834646279516,0.4722222222222223,1
58.59999999999881,0.4601839865060441,0.48611111111111116,1
58.649999999998805,0.45262057253562926,0.592013888888889,1
58.6999999999988,0.44309903437408865,0.623263888888889,1
58.7499999999988,0.43985213394810707,0.623263888888889,1
58.799999999998796,0.43658199523420527,0.623263888888889,0
58.84999999999879,0.43181198395460907,0.623263888888889,1
58.89999999999879,0.4245162693555343,0.623263888888889,1
58.94999999999879,0.4186647098267262,0.623263888888889,0
58.999999999998785,0.4134402313342365,0.623263888888889,0
59.04999999999878,0.5154951980215322,0.6527777777777776,0
59.09999999999878,0.5129334751591691,0.5399305555555556,0
59.149999999998776,0.5155902933052207,0.39583333333333326,0
59.199999999998774,0.49912578389409534,0.3975694444444444,1
59.24999999999877,0.4909053484396704,0.3576388888888889,1
59.29999999999877,0.4799840156157202,0.3975694444444445,1
59.349999999998765,0.4705043887961838,0.3246527777777778,1
59.39999999999876,0.4515199511974517,0.4392361111111111,1
59.44999999999876,0.41596683106986726,0.43576388888888884,1
59.49999999999876,0.40212153381755,0.42013888888888884,1
59.549999999998754,0.39475547766534047,0.3072916666666667,1
59.59999999999875,0.3745515349415063,0.390625,1
59.64999999999875,0.3682195493584832,0.3333333333333334,1
59.699999999998745,0.37181396865910155,0.3333333333333334,1
59.74999999999874,0.36766453120767806,0.3333333333333334,1
59.79999999999874,0.36590660737786246,0.3541666666666667,1
59.84999999999874,0.3498072006136578,0.6319444444444442,1
59.899999999998734,0.34156884363774775,0.6736111111111108,0
59.94999999999873,0.3456933972882435,0.6736111111111108,0
59.99999999999873,0.3618994696992092,0.6736111111111108,0
60.049999999998725,0.5337419250627038,0.7222222222222223,0
60.09999999999872,0.5292446958234418,0.7048611111111113,0
60.14999999999872,0.5267149812068056,0.40625000000000006,0
60.19999999999872,0.520435172230466,0.3576388888888889,0
60.249999999998714,0.5142572132699111,0.3055555555555555,0
60.29999999999871,0.49684110882011406,0.3420138888888888,0
60.34999999999871,0.4627928743624255,0.3611111111111111,0
60.399999999998705,0.43665320508057726,0.3454861111111111,0
60.4499999999987,0.41354587407026877,0.37847222222222227,0
60.4999999999987,0.4037751338425432,0.45138888888888884,0
60.5499999999987,0.395486650473639,0.3958333333333333,0
60.599999999998694,0.3826092281229215,0.3159722222222222,0
60.64999999999869,0.3547570373311912,0.37847222222222227,0
60.69999999999869,0.3406875706606488,0.375,0
60.749999999998685,0.3363078913582708,0.3194444444444445,0
60.79999999999868,0.32290331915529175,0.3142361111111111,0
60.84999999999868,0.3059316363275292,0.40277777777777785,0
60.89999999999868,0.2911479247670111,0.41840277777777773,0
60.949999999998674,0.29448511813344663,0.44097222222222227,0
60.99999999999867,0.2942333402086662,0.2864583333333333,0
61.04999999999867,0.5142855664570859,0.42187499999999994,0
61.099999999998666,0.500587123376285,0.42187499999999994,0
61.14999999999866,0.4646715145593841,0.42187499999999994,0
61.19999999999866,0.4282120669124141,0.42187499999999994,1
61.24999999999866,0.38852590477651516,0.42187499999999994,1
61.299999999998654,0.35955012797269637,0.42187499999999994,1
61.34999999999865,0.33889571747567604,0.42013888888888884,1
61.39999999999865,0.3164940958127659,0.42013888888888884,1
61.449999999998646,0.30721720225784077,0.42013888888888884,0
61.49999999999864,0.2886512189428124,0.4322916666666666,0
61.54999999999864,0.2696391939986075,0.6267361111111108,0
61.59999999999864,0.25798436253170354,0.6111111111111108,0
61.649999999998634,0.25548027956661656,0.3680555555555556,0
61.69999999999863,0.24763405980432524,0.4322916666666666,0
61.74999999999863,0.2336264714270918,0.3350694444444444,0
61.799999999998626,0.2376623600290994,0.40277777777777785,0
61.84999999999862,0.2066511687311056,0.2986111111111111,0
61.89999999999862,0.2304332285905514,0.23611111111111113,0
61.94999999999862,0.2202769753716046,0.41145833333333326,0
61.999999999998614,0.18978499296809906,0.27083333333333337,0
62.04999999999861,0.3050483784912711,0.3489583333333333,0
62.09999999999861,0.29380393982442116,0.3489583333333333,0
62.149999999998606,0.2877310565102888,0.3489583333333333,1
62.1999999999986,0.2736140437691934,0.3489583333333333,1
62.2499999999986,0.27707011249143737,0.3489583333333333,1
62.2999999999986,0.28281896629330483,0.3038194444444444,0
62.349999999998595,0.28999979673542947,0.31249999999999994,1
62.39999999999859,0.27576560781422327,0.5989583333333331,0
62.44999999999859,0.2493715156642704,0.6180555555555554,0
62.499999999998586,0.23293361576781182,0.6180555555555554,0
62.54999999999858,0.2352582710731908,0.6180555555555554,0
62.59999999999858,0.23671757479476493,0.6180555555555554,0
62.64999999999858,0.24406811448174887,0.6180555555555554,1
62.699999999998575,0.2478592624813752,0.6180555555555554,1
62.74999999999857,0.2515104994817112,0.6180555555555554,1
62.79999999999857,0.25753697065916736,0.6180555555555554,0
62.849999999998566,0.646248686179619,0.6180555555555554,0
62.89999999999856,0.6804584153876546,0.6180555555555554,0
62.94999999999856,0.664012011701583,0.6180555555555554,0
62.99999999999856,0.6660104182076604,0.6180555555555554,0
63.049999999998555,0.6481554924298147,0.6006944444444444,0
63.09999999999855,0.6515075221181291,0.6006944444444444,1
63.14999999999855,0.6560901949670571,0.6006944444444444,1
63.199999999998546,0.6619903404010529,0.6006944444444444,0
63.24999999999854,0.67398977663718,0.6006944444444444,1
63.29999999999854,0.6855193080593385,0.6006944444444444,0
63.34999999999854,0.6899088531093072,0.6006944444444444,0
63.399999999998535,0.6914071370117486,0.6006944444444444,0
63.44999999999853,0.6931263088191886,0.6006944444444444,0
63.49999999999853,0.6924643511481419,0.5815972222222222,0
63.549999999998526,0.6905306095831858,0.32465277777777785,0
63.59999999999852,0.6743556524488574,0.34027777777777773,0
63.64999999999852,0.6424147409823644,0.3680555555555556,0
63.69999999999852,0.6130607179470102,0.3263888888888889,0
63.749999999998515,0.5795762622241524,0.29513888888888895,0
63.79999999999851,0.5503522835539671,0.30555555555555564,0
63.84999999999851,0.5321927457053746,0.4496527777777777,0
63.899999999998506,0.5354796804799085,0.2673611111111111,0
63.949999999998504,0.5339625784249254,0.3454861111111111,0
63.9999999999985,0.5213577067348949,0.3993055555555556,0
64.0499999999985,0.5645939040767964,0.3038194444444445,0
64.0999999999985,0.5473548669579634,0.3333333333333333,0
64.1499999999985,0.556353998066344,0.3211805555555555,0
64.1999999999985,0.5166239712542743,0.3038194444444445,0
64.2499999999985,0.48032160992662404,0.3211805555555555,0
64.29999999999849,0.4419511125193057,0.3072916666666667,0
64.34999999999849,0.4449871423846857,0.3454861111111111,0
64.39999999999849,0.4276199511413499,0.2760416666666667,0
64.44999999999848,0.41969395584328995,0.32291666666666663,0
64.49999999999848,0.4722048164316778,0.3211805555555555,0
64.54999999999848,0.4319985618396859,0.30034722222222227,0
64.59999999999847,0.4202255419156765,0.3489583333333333,0
64.64999999999847,0.36006596660541307,0.3420138888888889,0
64.69999999999847,0.528826897423653,0.27430555555555564,0
64.74999999999847,0.30547997586722436,0.30381944444444453,0
64.79999999999846,0.3088528547150326,0.2760416666666667,0
64.84999999999846,0.22225900419018024,0.3368055555555556,0
64.89999999999846,0.2224674890734948,0.29687500000000006,0
64.94999999999845,0.2099369118477871,0.29687500000000006,0
64.99999999999845,0.15647592636943275,0.32291666666666663,0
65.04999999999845,0.20584775585070925,0.36111111111111116,0
65.09999999999845,0.20002324750770104,0.3420138888888889,0
65.14999999999844,0.19742680525508935,0.3333333333333333,0
65.19999999999844,0.20566301544023163,0.30208333333333337,0
65.24999999999844,0.9999999019437961,0.33159722222222227,0
65.29999999999843,0.270646297143518,0.27083333333333337,0
65.34999999999843,0.2773795466333945,0.34027777777777785,0
65.39999999999843,0.24393028261958316,0.29513888888888895,0
65.44999999999843,0.2505769525144044,0.29687500000000006,0
65.49999999999842,0.3045734812862388,0.3229166666666667,0
65.54999999999842,0.25169015652926413,0.35243055555555564,0
65.59999999999842,0.2708653658829866,0.3211805555555556,0
65.64999999999841,0.2515276380378664,0.32638888888888895,0
65.69999999999841,0.23291102020260146,0.2881944444444445,0
65.74999999999841,0.30216987133654816,0.25,0
65.7999999999984,0.25320822764392115,0.28125000000000006,0
65.8499999999984,0.2923386251756229,0.359375,0
65.8999999999984,0.3251673378798808,0.3142361111111111,0
65.9499999999984,0.34452933945476233,0.2534722222222222,0
65.9999999999984,0.32982510731732034,0.3350694444444445,0
66.04999999999839,0.8173127862500205,0.40104166666666674,0
66.09999999999839,0.8173081967580873,0.4131944444444445,0
66.14999999999839,0.8142710537349168,0.3402777777777777,0
66.19999999999838,0.8074589042079638,0.34201388888888884,0
66.24999999999838,0.8055580559391731,0.3385416666666667,0
66.29999999999838,0.8028680984634847,0.37847222222222215,0
66.34999999999837,0.8013187815119055,0.28125000000000006,0
66.39999999999837,0.7950397291871969,0.28993055555555564,0
66.44999999999837,0.7931165974917975,0.2881944444444445,0
66.49999999999837,0.7881961054731895,0.27604166666666663,0
66.54999999999836,0.7820099725296961,0.29513888888888884,0
66.59999999999836,0.773923714119405,0.2586805555555555,0
66.64999999999836,0.7664400936554409,0.2638888888888889,0
66.69999999999835,0.7601346408383771,0.31597222222222215,0
66.74999999999835,0.7565770427715426,0.3385416666666667,0
66.79999999999835,0.744694523500944,0.3368055555555556,0
66.84999999999835,0.7380481455098585,0.19618055555555555,0
66.89999999999834,0.7265187935371571,0.2690972222222222,0
66.94999999999834,0.7181607561123935,0.34027777777777773,0
66.99999999999834,0.7038710248139642,0.31076388888888884,0
67.04999999999833,0.8534316793007395,0.3732638888888889,0
67.09999999999833,0.8504874862705523,0.39062499999999994,0
67.14999999999833,0.8474406529538149,0.3767361111111111,0
67.19999999999833,0.842313673721485,0.32986111111111116,1
67.24999999999832,0.8376626011495111,0.392361111111111,1
67.29999999999832,0.8341667089692063,0.3663194444444444,1
67.34999999999832,0.8282881861126588,0.37152777777777773,1
67.39999999999831,0.8212564332462176,0.439236111111111,1
67.44999999999831,0.8143566629186655,0.39756944444444436,1
67.49999999999831,0.8088807574177217,0.3940972222222221,1
67.5499999999983,0.8020123735582462,0.4131944444444445,0
67.5999999999983,0.7911858038459171,0.44965277777777785,0
67.6499999999983,0.7846121866572414,0.5486111111111112,0
67.6999999999983,0.7757068243888092,0.4427083333333333,0
67.7499999999983,0.768581832881079,0.4270833333333332,0
67.79999999999829,0.7640360185938897,0.42013888888888884,1
67.84999999999829,0.7614349822808958,0.37152777777777773,1
67.89999999999829,0.7650181450354288,0.3802083333333333,1
67.94999999999828,0.7350078400774712,0.3350694444444445,0
67.99999999999828,0.7180231863038027,0.3489583333333333,0
68.04999999999828,0.837695860366395,0.6319444444444445,0
68.09999999999827,0.8342593418460076,0.359375,0
68.14999999999827,0.830242104058134,0.3697916666666667,0
68.19999999999827,0.8241275456318319,0.3333333333333334,1
68.24999999999827,0.8187545624882555,0.43229166666666674,1
68.29999999999826,0.8147078464364005,0.3524305555555556,1
68.34999999999826,0.8105095890935842,0.3229166666666667,1
68.39999999999826,0.8075823997592728,0.3576388888888889,1
68.44999999999825,0.8030460656032373,0.3211805555555555,1
68.49999999999825,0.8043724923166113,0.4149305555555555,1
68.54999999999825,0.8188397557217596,0.29861111111111105,1
68.59999999999825,0.8099542837880441,0.4079861111111111,1
68.64999999999824,0.8116128920780628,0.2899305555555555,1
68.69999999999824,0.7985720226758899,0.3177083333333333,1
68.74999999999824,0.779449442129681,0.3489583333333333,1
68.79999999999824,0.7712033449277611,0.3263888888888889,1
68.84999999999823,0.7612057550602221,0.3854166666666667,1
68.89999999999823,0.7544171567132356,0.375,1
68.94999999999823,0.7871083724505162,0.38715277777777785,1
68.99999999999822,0.7302320266834625,0.2239583333333333,1
69.04999999999822,0.7172922656281736,0.35937499999999994,1
69.09999999999822,0.7460177672585775,0.2447916666666667,1
69.14999999999822,0.6986828903288546,0.3038194444444444,1
69.19999999999821,0.6851114251295286,0.27256944444444436,1
69.24999999999821,0.6558530068398293,0.3020833333333333,1
69.2999999999982,0.6463625780505694,0.28298611111111116,1
69.3499999999982,0.6805991823594575,0.3072916666666667,1
69.3999999999982,0.6266817296150148,0.3194444444444444,1
69.4499999999982,0.617179606299915,0.30902777777777773,1
69.4999999999982,0.5920040953725393,0.25347222222222227,1
69.54999999999819,0.6007696391591028,0.2864583333333333,1
69.59999999999819,0.5276447630639045,0.2881944444444445,1
69.64999999999819,0.5022329130331289,0.2552083333333334,1
69.69999999999818,0.5044109689952042,0.35590277777777773,1
69.74999999999818,0.4579111007444656,0.2795138888888888,1
69.79999999999818,0.4308771416613781,0.4409722222222223,1
69.84999999999818,0.3902506489353716,0.34895833333333326,1
69.89999999999817,0.3576144215965402,0.26562500000000006,1
69.94999999999817,0.3153152920711168,0.24826388888888892,1
69.99999999999817,0.26168511808872,0.25868055555555564,1
70.04999999999816,0.8066669237006164,0.314236111111111,1
70.09999999999816,0.8054959853428864,0.40277777777777785,1
70.14999999999816,0.8125353120029681,0.3819444444444444,1
70.19999999999816,0.8023578639673582,0.4079861111111111,1
70.24999999999815,0.7959133482232845,0.4114583333333333,1
70.29999999999815,0.7888812318691144,0.3489583333333334,1
70.34999999999815,0.7852808145775212,0.390625,1
70.39999999999814,0.7831601199613053,0.3836805555555556,1
70.44999999999814,0.76925215860981,0.4131944444444444,1
70.49999999999814,0.7657001236355853,0.30034722222222215,1
70.54999999999814,0.7532780964566609,0.44444444444444436,1
70.59999999999813,0.7490651851771941,0.38541666666666674,1
70.64999999999813,0.741559552188658,0.23263888888888895,1
70.69999999999813,0.7428399198841904,0.2534722222222221,1
70.74999999999812,0.7240128876806403,0.23784722222222232,1
70.79999999999812,0.7076625346903516,0.35763888888888884,1
70.84999999999812,0.6994748819157156,0.26909722222222215,1
70.89999999999812,0.6846960797800563,0.19618055555555555,1
70.94999999999811,0.6794001186240449,0.3038194444444445,1
70.99999999999811,0.6595384563619104,0.3211805555555555,1
71.04999999999811,0.8126283825580805,0.4479166666666666,1
71.0999999999981,0.8053088191196566,0.5121527777777776,1
71.1499999999981,0.7995368179682475,0.3194444444444445,1
71.1999999999981,0.7989893178187933,0.4045138888888889,1
71.2499999999981,0.7864329355699813,0.2760416666666666,1
71.2999999999981,0.7719614016390177,0.29687499999999994,1
71.34999999999809,0.7553832134897124,0.3524305555555555,1
71.39999999999809,0.7452270821868843,0.3958333333333334,1
71.44999999999808,0.7264253809909091,0.3177083333333334,1
71.49999999999808,0.7128080310621637,0.32986111111111105,1
71.54999999999808,0.7006176206908095,0.2899305555555555,1
71.59999999999808,0.6800989353036957,0.28472222222222227,1
71.64999999999807,0.6586555329887516,0.24131944444444445,1
71.69999999999807,0.6464449505920019,0.30729166666666674,1
71.74999999999807,0.6254601817417162,0.33506944444444436,1
71.79999999999806,0.5972177669138397,0.3194444444444446,1
71.84999999999806,0.5892040462741327,0.26388888888888884,1
71.89999999999806,0.5823758510354913,0.3333333333333332,1
71.94999999999806,0.5470507107744622,0.19444444444444442,1
71.99999999999805,0.5179228498766416,0.10590277777777779,1
72.04999999999805,0.4732725953190508,0.2795138888888888,1
72.09999999999805,0.4566153023834424,0.26215277777777773,1
72.14999999999804,0.44197389897246336,0.2256944444444444,1
72.19999999999804,0.3766336376774883,0.24999999999999992,1
72.24999999999804,0.9999998899973727,0.26215277777777785,1
72.29999999999804,0.2796032798448356,0.2586805555555555,1
72.34999999999803,0.27420113048431793,0.3298611111111111,1
72.39999999999803,0.25911427385764896,0.19791666666666666,1
72.44999999999803,0.31089398163272025,0.26562499999999994,1
72.49999999999802,0.9999993758204159,0.23090277777777776,1
72.54999999999802,0.9999998269543725,0.420138888888889,1
72.59999999999802,0.9999998891035276,0.4131944444444446,1
72.64999999999802,0.9999999208857602,0.26909722222222215,1
72.69999999999801,0.3410620275511799,0.26041666666666663,1
72.74999999999801,0.9999999528211857,0.30034722222222215,1
72.79999999999801,0.9999999456349399,0.2413194444444444,1
72.849999999998,0.3140479238490103,0.2638888888888889,1
72.899999999998,0.2779389251408474,0.2673611111111111,1
72.949999999998,0.26691937129329624,0.357638888888889,1
72.999999999998,0.22079143590554848,0.21006944444444442,1
73.049999999998,0.595201676314117,0.2864583333333333,1
73.09999999999799,0.5867444737315616,0.2864583333333333,1
73.14999999999799,0.9999999795578084,0.2552083333333333,1
73.19999999999798,0.9999999806343742,0.1753472222222222,1
73.24999999999798,0.999999972603561,0.22916666666666663,1
73.29999999999798,0.9999999684580246,0.20833333333333334,1
73.34999999999798,0.4799363975287638,0.20138888888888887,1
73.39999999999797,0.4540427369223997,0.2239583333333333,1
73.44999999999797,0.45537283525616756,0.24131944444444442,1
73.49999999999797,0.39867147393721136,0.23611111111111108,1
73.54999999999797,0.40706154255623395,0.23090277777777776,1
73.59999999999796,0.3799271027658282,0.17361111111111113,1
73.64999999999796,0.366909826444611,0.2743055555555555,1
73.69999999999796,0.3247280163695937,0.26909722222222215,1
73.74999999999795,0.30568007074233855,0.31249999999999994,1
73.79999999999795,0.3202288418755577,0.234375,1
73.84999999999795,0.9999999999999363,0.19618055555555558,1
73.89999999999795,0.9999999999999397,0.2638888888888889,1
73.94999999999794,0.2609832532299332,0.26215277777777773,1
73.99999999999794,0.21278871353372086,0.22048611111111108,1
74.04999999999794,0.1986742359616161,0.21006944444444442,1
74.09999999999793,0.177169513024086,0.30902777777777773,1
74.14999999999793,0.18319218170077048,0.2378472222222222,1
74.19999999999793,0.22736488838775362,0.26215277777777773,1
74.24999999999793,0.2317532375129766,0.2083333333333333,1
74.29999999999792,0.30041155870238967,0.2899305555555555,1
74.34999999999792,0.3589213632744024,0.27604166666666663,1
74.39999999999792,0.32990110782662424,0.28125,1
74.44999999999791,0.9999999686576952,0.24305555555555555,1
74.49999999999791,0.9999999999999417,0.23958333333333334,1
74.54999999999791,0.37953181884082515,0.23611111111111108,1
74.5999999999979,0.3958551841434716,0.23784722222222218,1
74.6499999999979,0.3496902729905374,0.3177083333333333,1
74.6999999999979,0.3771862735347796,0.2517361111111111,1
74.7499999999979,0.37206176558165177,0.18576388888888892,1
74.7999999999979,0.339226119870012,0.2847222222222222,1
74.84999999999789,0.9999999999999535,0.26562499999999994,1
74.89999999999789,0.9999999076917637,0.2638888888888889,1
74.94999999999789,0.9999996241825319,0.2638888888888889,1
74.99999999999788,0.9999999999998863,0.2569444444444444,1
75.04999999999788,0.999999999996499,0.24479166666666666,1
75.09999999999788,0.999999999999993,0.2395833333333333,1
75.14999999999787,0.21207187376950237,0.2934027777777778,1
75.19999999999787,0.2306483431489022,0.2864583333333333,1
75.24999999999787,0.999999999999968,0.26215277777777773,1
75.29999999999787,0.28222575281024576,0.31423611111111116,1
75.34999999999786,0.30593792738663944,0.26909722222222227,1
75.39999999999786,0.39255912971386336,0.296875,1
75.44999999999786,0.3751522172999618,0.27777777777777773,1
75.49999999999785,0.3662878254188016,0.26388888888888884,1
75.54999999999785,0.3414551784942806,0.2621527777777778,1
75.59999999999785,0.3235264778850772,0.21527777777777776,1
75.64999999999785,0.31584014696242735,0.2465277777777778,1
75.69999999999784,0.3057206441751651,0.2760416666666667,1
75.74999999999784,0.2998044239410108,0.2743055555555555,1
75.79999999999784,0.27866483071369147,0.2534722222222222,1
75.84999999999783,0.25680347533867093,0.21875,1
75.89999999999783,0.2280937574017073,0.2725694444444444,1
75.94999999999783,0.19654986319648088,0.25347222222222227,1
75.99999999999783,0.19208266121103595,0.2638888888888889,1
76.04999999999782,0.18386743401272324,0.26909722222222227,1
76.09999999999782,0.17633015438307856,0.2725694444444444,1
76.14999999999782,0.18792317759617067,0.2708333333333333,1
76.19999999999781,0.20021596285700063,0.20833333333333334,1
76.24999999999781,0.1998722036171235,0.2725694444444444,1
76.29999999999781,0.2068095944121598,0.2708333333333333,1
76.3499999999978,0.20824618256907027,0.28472222222222227,1
76.3999999999978,0.21223874241796684,0.2795138888888889,1
76.4499999999978,0.2164161951428781,0.2743055555555555,1
76.4999999999978,0.21336460518402353,0.25000000000000006,1
76.5499999999978,0.21059910573390564,0.2517361111111111,1
76.59999999999779,0.21464505382805874,0.2517361111111111,1
76.64999999999779,0.21503624532364565,0.22395833333333334,1
76.69999999999779,0.22165547974742625,0.22395833333333334,1
76.74999999999778,0.2113251617995384,0.234375,1
76.79999999999778,0.2068945439010732,0.2777777777777778,1
76.84999999999778,0.19864114847203043,0.19965277777777776,1
76.89999999999777,0.18287220773384727,0.24131944444444445,1
76.94999999999777,0.18400139334414142,0.3177083333333333,1
76.99999999999777,0.1935662618260001,0.2586805555555555,1
77.04999999999777,0.38901063675556996,0.3420138888888888,1
77.09999999999776,0.3859235395658241,0.40972222222222227,1
77.14999999999776,0.378404746440555,0.3333333333333333,1
77.19999999999776,0.36452441461115553,0.28125000000000006,1
77.24999999999775,0.3537450624164001,0.20312499999999997,1
77.29999999999775,0.33725561438024515,0.24826388888888887,1
77.34999999999775,0.32574976836463104,0.32638888888888884,1
77.39999999999775,0.329732738355459,0.3454861111111111,1
77.44999999999774,0.33005282188899165,0.32638888888888884,1
77.49999999999774,0.3054813548820779,0.35590277777777773,1
77.54999999999774,0.2836209499722046,0.3072916666666666,1
77.59999999999773,0.2858764295989028,0.32812499999999994,1
77.64999999999773,0.2780154824353481,0.26909722222222227,1
77.69999999999773,0.2674985661739678,0.2517361111111111,1
77.74999999999773,0.2570762010322728,0.30555555555555547,1
77.79999999999772,0.23432765408606515,0.2586805555555555,1
77.84999999999772,0.24131973819088423,0.2916666666666666,1
77.89999999999772,0.2172953900348993,0.2534722222222222,1
77.94999999999771,0.21032196271838957,0.27951388888888895,1
77.99999999999771,0.20291188308187363,0.3107638888888889,1
78.04999999999771,0.6487908402762653,0.47395833333333326,1
78.0999999999977,0.6434971504157208,0.4340277777777777,1
78.1499999999977,0.6375105787485852,0.3506944444444445,1
78.1999999999977,0.633566210321597,0.31597222222222227,1
78.2499999999977,0.6258389604108485,0.36458333333333326,1
78.2999999999977,0.6199273516928454,0.32465277777777785,1
78.34999999999769,0.6085673951698013,0.3142361111111111,1
78.39999999999769,0.5968164055193858,0.3524305555555556,1
78.44999999999769,0.5860370461257153,0.3281250000000001,1
78.49999999999768,0.570348069901025,0.2656250000000001,1
78.54999999999768,0.5634719831546209,0.3211805555555556,1
78.59999999999768,0.5509715843430883,0.3854166666666667,1
78.64999999999768,0.540820098061816,0.4131944444444444,1
78.69999999999767,0.5342180627868671,0.28298611111111105,1
78.74999999999767,0.522850293648062,0.3645833333333333,1
78.79999999999767,0.5175877635297814,0.1944444444444444,1
78.84999999999766,0.511833511077889,0.37499999999999994,1
78.89999999999766,0.5010565667993476,0.3836805555555556,1
78.94999999999766,0.48348023366362275,0.26909722222222227,1
78.99999999999766,0.4641738172262258,0.3055555555555556,1
79.04999999999765,0.45446413889209675,0.3333333333333332,1
79.09999999999765,0.4457135415577569,0.3107638888888889,1
79.14999999999765,0.42071098225994447,0.2986111111111111,1
79.19999999999764,0.4074833264854704,0.2656249999999999,1
79.24999999999764,0.39857055607903447,0.22222222222222224,1
79.29999999999764,0.39478086083524155,0.24131944444444453,1
79.34999999999764,0.38360473186084443,0.26909722222222215,1
79.39999999999763,0.38241499918350963,0.267361111111111,1
79.44999999999763,0.3794438465094598,0.2517361111111112,1
79.49999999999763,0.36370815110536814,0.26909722222222215,1
79.54999999999762,0.3547733767641452,0.26909722222222215,1
79.59999999999762,0.36165968271270604,0.15972222222222227,1
79.64999999999762,0.35122812328839637,0.32638888888888895,1
79.69999999999762,0.32173065800020384,0.2604166666666666,1
79.74999999999761,0.30869646397608913,0.24652777777777787,1
79.79999999999761,0.29251877007145705,0.27951388888888895,1
79.8499999999976,0.3033484230980461,0.35937499999999994,1
79.8999999999976,0.3180611917858667,0.19965277777777782,1
79.9499999999976,0.2940546149388822,0.21527777777777782,1
79.9999999999976,0.25130769945191067,0.2256944444444445,1
80.0499999999976,0.481225187792435,0.3697916666666667,1
80.09999999999759,0.4735888503721886,0.27777777777777773,1
80.14999999999759,0.48215492289462886,0.25694444444444453,1
80.19999999999759,0.48636316878013247,0.2899305555555556,1
80.24999999999758,0.4950315955404221,0.26041666666666674,1
80.29999999999758,0.487067218584653,0.3576388888888889,1
80.34999999999758,0.46978745955537526,0.28125,1
80.39999999999758,0.4754205748282147,0.25173611111111116,1
80.44999999999757,0.4716229908134513,0.30208333333333337,1
80.49999999999757,0.46512223798302155,0.32118055555555564,1
80.54999999999757,0.4668214153534572,0.23611111111111113,1
80.59999999999756,0.46014315838151576,0.18923611111111108,1
80.64999999999756,0.44928407262526,0.24826388888888895,1
80.69999999999756,0.43705455823211337,0.28298611111111116,1
80.74999999999756,0.4522875367083993,0.24652777777777782,1
80.79999999999755,0.4526285924367842,0.32118055555555564,1
80.84999999999755,0.4359898853789589,0.3229166666666668,1
80.89999999999755,0.41569400454559347,0.2569444444444444,1
80.94999999999754,0.40165046908940105,0.2430555555555556,1
80.99999999999754,0.39424736366201135,0.310763888888889,1
81.04999999999754,0.3915852534423139,0.31076388888888884,1
81.09999999999754,0.3833245048113331,0.3125,1
81.14999999999753,0.36513961837297876,0.21006944444444442,1
81.19999999999753,0.3475641814280569,0.2465277777777777,1
81.24999999999753,0.3475710942143723,0.26736111111111105,1
81.29999999999752,0.34028703606643224,0.2743055555555555,1
81.34999999999752,0.35258479263109044,0.28472222222222215,1
81.39999999999752,0.3354634871054165,0.21354166666666663,1
81.44999999999752,0.29004616825746393,0.2708333333333332,1
81.49999999999751,0.28176538902063075,0.2760416666666666,1
81.54999999999751,0.2992886591391096,0.251736111111111,1
81.59999999999751,0.3060805440911286,0.26041666666666663,1
81.6499999999975,0.31431420634013585,0.3055555555555555,1
81.6999999999975,0.30517634070622096,0.3055555555555555,1
81.7499999999975,0.31496670965278784,0.30034722222222215,1
81.7999999999975,0.3180991051457967,0.23611111111111105,1
81.8499999999975,0.3063532315992341,0.23784722222222218,1
81.89999999999749,0.29477907567953576,0.3055555555555555,1
81.94999999999749,0.2855272504577656,0.27604166666666663,1
81.99999999999748,0.2867543365712099,0.24479166666666663,1
82.04999999999748,0.6494007248157955,0.30208333333333337,1
82.09999999999748,0.64281518854313,0.35937499999999994,1
82.14999999999748,0.6371589687318006,0.3350694444444444,1
82.19999999999747,0.6317720739178109,0.35590277777777773,1
82.24999999999747,0.6185621532317769,0.2881944444444445,1
82.29999999999747,0.6103471482525883,0.3211805555555556,1
82.34999999999746,0.6045095411345134,0.2760416666666667,1
82.39999999999746,0.5990808521437906,0.3298611111111111,1
82.44999999999746,0.5925803377057802,0.34722222222222227,1
82.49999999999746,0.5878421369022487,0.30555555555555564,1
82.54999999999745,0.5818937807848554,0.30555555555555564,1
82.59999999999745,0.5772927882394758,0.30555555555555564,1
82.64999999999745,0.5712801429263004,0.30555555555555564,1
82.69999999999744,0.5655441735912665,0.2951388888888889,1
82.74999999999744,0.5578007383022933,0.31250000000000006,1
82.79999999999744,0.5450886173478187,0.5347222222222222,0
82.84999999999744,0.5317760453690236,0.5520833333333333,0
82.89999999999743,0.5200796354003208,0.5694444444444443,1
82.94999999999743,0.5104581315398474,0.5694444444444443,1
82.99999999999743,0.5020276204366244,0.5694444444444443,0
83.04999999999742,0.6777961184388488,0.6128472222222222,0
83.09999999999742,0.6669483550715901,0.6128472222222222,0
83.14999999999742,0.6568775498784554,0.6128472222222222,0
83.19999999999742,0.6463338518039508,0.6128472222222222,0
83.24999999999741,0.6369602294653421,0.6128472222222222,1
83.29999999999741,0.627979257777449,0.6128472222222222,1
83.34999999999741,0.6187051708251683,0.6128472222222222,1
83.3999999999974,0.612853832162824,0.6128472222222222,0
83.4499999999974,0.6011858682772326,0.6128472222222222,0
83.4999999999974,0.5916555256700271,0.6128472222222222,0
83.5499999999974,0.5819095866823718,0.6128472222222222,0
83.5999999999974,0.5707607891537004,0.6128472222222222,0
83.64999999999739,0.5579650514714358,0.6128472222222222,0
83.69999999999739,0.5446845222746515,0.6128472222222222,1
83.74999999999739,0.5321531883143223,0.6128472222222222,1
83.79999999999738,0.517333686412392,0.6128472222222222,1
83.84999999999738,0.5063462744220549,0.6128472222222222,1
83.89999999999738,0.4984133916721056,0.6128472222222222,0
83.94999999999737,0.49068186971934097,0.6128472222222222,0
83.99999999999737,0.48048562343119255,0.6128472222222222,0
84.04999999999737,0.5699628040930316,0.6128472222222222,0
84.09999999999737,0.5696922498831023,0.609375,0
84.14999999999736,0.5653037786098088,0.609375,0
84.19999999999736,0.5639863030888953,0.609375,1
84.24999999999736,0.5648824726432452,0.609375,1
84.29999999999735,0.5670999229298809,0.609375,0
84.34999999999735,0.5686547036199147,0.6475694444444445,0
84.39999999999735,0.5691380409122156,0.6510416666666667,1
84.44999999999735,0.5696480809448663,0.609375,0
84.49999999999734,0.5664475954383748,0.6024305555555555,0
84.54999999999734,0.5642891474094165,0.5989583333333333,0
84.59999999999734,0.561967409154834,0.5989583333333333,0
84.64999999999733,0.5597538036038078,0.5989583333333333,0
84.69999999999733,0.5576808860466683,0.5989583333333333,1
84.74999999999733,0.5557089197398316,0.5989583333333333,1
84.79999999999733,0.5539513493080257,0.5989583333333333,1
84.84999999999732,0.552476305345528,0.5989583333333333,0
84.89999999999732,0.5512518563760399,0.5989583333333333,0
84.94999999999732,0.5501627978086389,0.5989583333333333,0
84.99999999999731,0.5478320665597947,0.5989583333333333,0
85.04999999999731,0.6814535793508464,0.6961805555555557,0
85.09999999999731,0.6754247517190257,0.6961805555555557,0
85.1499999999973,0.6701902765982919,0.6961805555555557,0
85.1999999999973,0.6625376301454562,0.6961805555555557,1
85.2499999999973,0.6560466147395894,0.6961805555555557,1
85.2999999999973,0.6493861250792708,0.6961805555555557,1
85.3499999999973,0.6425606994679528,0.6961805555555557,0
85.39999999999729,0.6356164044767355,0.6961805555555557,0
85.44999999999729,0.628649731550283,0.6961805555555557,0
85.49999999999729,0.6234464385592785,0.6961805555555557,0
85.54999999999728,0.6152070946297991,0.6961805555555557,0
85.59999999999728,0.6088161199510259,0.6961805555555557,0
85.64999999999728,0.6026006014032687,0.6961805555555557,1
85.69999999999727,0.5964538923889504,0.6961805555555557,1
85.74999999999727,0.5903646383320815,0.6961805555555557,1
85.79999999999727,0.5844301953430975,0.6961805555555557,1
85.84999999999727,0.5817713639752203,0.6961805555555557,0
85.89999999999726,0.5791816928236764,0.6961805555555557,0
85.94999999999726,0.5780778285553706,0.6961805555555557,0
85.99999999999726,0.5735828815935033,0.6805555555555558,0
86.04999999999725,0.695489467762001,0.6059027777777779,0
86.09999999999725,0.6894370599218298,0.3784722222222223,0
86.14999999999725,0.6793474422117036,0.4548611111111111,0
86.19999999999725,0.6704580999009557,0.43229166666666674,0
86.24999999999724,0.6502913738064048,0.3506944444444445,0
86.29999999999724,0.6279814285771073,0.30208333333333326,0
86.34999999999724,0.6065955807033243,0.3298611111111111,0
86.39999999999723,0.585626318800245,0.3506944444444445,0
86.44999999999723,0.5585912322193054,0.23784722222222224,0
86.49999999999723,0.5352555589673941,0.22569444444444445,0
86.54999999999723,0.5166948097676657,0.3836805555555555,0
86.59999999999722,0.5011797847591031,0.21875,0
86.64999999999722,0.4764567981898995,0.3159722222222222,0
86.69999999999722,0.45133258523536374,0.2986111111111111,0
86.74999999999721,0.4294484509202963,0.2951388888888888,0
86.79999999999721,0.4108910426386534,0.3211805555555555,0
86.84999999999721,0.39275908140584137,0.35416666666666674,0
86.8999999999972,0.372094418004441,0.2725694444444445,0
86.9499999999972,0.35354695491910393,0.35590277777777785,0
86.9999999999972,0.3343360290746772,0.34375,0
87.0499999999972,0.3243207043832736,0.24479166666666666,0
87.0999999999972,0.3225536172265814,0.31250000000000006,0
87.14999999999719,0.30730440892372096,0.35763888888888884,0
87.19999999999719,0.2916350268485655,0.3177083333333333,0
87.24999999999719,0.26580608930868443,0.3333333333333334,0
87.29999999999718,0.2633151174182648,0.35590277777777773,0
87.34999999999718,0.25590201634144355,0.23263888888888892,0
87.39999999999718,0.2504632498164287,0.3142361111111111,0
87.44999999999717,0.24991512197015617,0.33854166666666674,0
87.49999999999717,0.2633881191028727,0.25694444444444453,0
87.54999999999717,0.26180880937587764,0.1961805555555556,0
87.59999999999717,0.2646782027809774,0.3159722222222223,0
87.64999999999716,0.22935309195693265,0.342013888888889,0
87.69999999999716,0.22797946176428532,0.28472222222222215,0
87.74999999999716,0.2403438798926034,0.36458333333333326,0
87.79999999999715,0.2510784241007207,0.32465277777777773,0
87.84999999999715,0.2550350888928596,0.33680555555555564,0
87.89999999999715,0.2432972853760788,0.25347222222222227,0
87.94999999999715,0.5856655170121321,0.18923611111111113,0
87.99999999999714,0.5710934989132621,0.23958333333333337,0
88.04999999999714,0.5755589925022101,0.27083333333333326,0
88.09999999999714,0.5678788150295395,0.32465277777777796,0
88.14999999999714,0.5562666497310836,0.4930555555555556,0
88.19999999999713,0.5383671508263037,0.24652777777777782,0
88.24999999999713,0.5059564033668232,0.3420138888888888,0
88.29999999999713,0.5117068895603646,0.2673611111111111,0
88.34999999999712,0.4980085003219424,0.2638888888888889,0
88.39999999999712,0.49786000278120734,0.28125000000000006,0
88.44999999999712,0.47652117891555684,0.361111111111111,0
88.49999999999712,0.4687988688450403,0.3194444444444444,0
88.54999999999711,0.4829997339653411,0.37499999999999994,0
88.59999999999711,0.4774951688460292,0.32812500000000006,0
88.6499999999971,0.46192597952013864,0.2986111111111111,0
88.6999999999971,0.452652059824472,0.35069444444444425,0
88.7499999999971,0.44708037426281494,0.35937500000000006,0
88.7999999999971,0.43256614961295214,0.3333333333333334,0
88.8499999999971,0.4416803745825327,0.33680555555555564,0
88.89999999999709,0.45622280935791026,0.3350694444444446,0
88.94999999999709,0.4399194555853951,0.265625,0
88.99999999999709,0.4559813005307317,0.23611111111111113,0
89.04999999999708,0.5977343223792081,0.28819444444444453,0
89.09999999999708,0.5601348082644133,0.26909722222222227,0
89.14999999999708,0.5376620069133926,0.28993055555555564,0
89.19999999999708,0.5104217635521949,0.22916666666666666,0
89.24999999999707,0.502516838467444,0.3680555555555555,0
89.29999999999707,0.5048634061301942,0.30381944444444453,0
89.34999999999707,0.4587256736549804,0.2951388888888889,0
89.39999999999706,0.44272215067725984,0.1579861111111111,0
89.44999999999706,0.4281369188968809,0.29340277777777785,0
89.49999999999706,0.41301855249264535,0.34375,0
89.54999999999706,0.4317628379877819,0.26388888888888884,0
89.59999999999705,0.41554033889741365,0.2986111111111112,0
89.64999999999705,0.41828258812942404,0.17361111111111108,0
89.69999999999705,0.4213630798953791,0.23090277777777776,0
89.74999999999704,0.4137358789447391,0.29166666666666674,0
89.79999999999704,0.3905620194765877,0.3541666666666667,0
89.84999999999704,0.4106705069519962,0.23437499999999997,0
89.89999999999704,0.45143215148026095,0.3229166666666665,0
89.94999999999703,0.4101553885173666,0.2916666666666667,0
89.99999999999703,0.40541435278140486,0.265625,0
90.04999999999703,0.3482693754781937,0.24479166666666666,0
90.09999999999702,0.3096373233989907,0.23263888888888884,0
90.14999999999702,0.317736880984057,0.3211805555555555,0
90.19999999999702,0.2801293071553026,0.19965277777777782,0
90.24999999999702,0.22970241766259136,0.24305555555555555,0
90.29999999999701,0.2467715700425824,0.21527777777777776,0
90.34999999999701,0.2816238832954021,0.13020833333333334,0
90.39999999999701,0.2032766653729479,0.31597222222222215,0
90.449999999997,0.9999997769687106,0.3055555555555555,0
90.499999999997,0.22328436169684399,0.30034722222222227,0
90.549999999997,0.2733809682078138,0.20486111111111113,0
90.599999999997,0.20813929472447243,0.3524305555555556,0
90.649999999997,0.23272937011951486,0.20833333333333337,0
90.69999999999699,0.25473293568969735,0.2604166666666667,0
90.74999999999699,0.2327570731548105,0.2274305555555555,0
90.79999999999698,0.3058175578501333,0.18576388888888887,0
90.84999999999698,0.3066127244061946,0.19270833333333334,0
90.89999999999698,0.22642183666066568,0.3645833333333333,0
90.94999999999698,0.9999997975297246,0.314236111111111,0
90.99999999999697,0.9999989826236123,0.2152777777777778,0
91.04999999999697,0.9999999153015315,0.2534722222222222,0
91.09999999999697,0.9999997066590098,0.2864583333333334,0
91.14999999999696,0.9999995792581302,0.3645833333333334,0
91.19999999999696,0.23271166015819078,0.22222222222222224,0
91.24999999999696,0.24334212523040047,0.24131944444444442,0
91.29999999999696,0.21413844558810594,0.203125,0
91.34999999999695,0.2396170983951672,0.27430555555555564,0
91.39999999999695,0.2778848839864177,0.2517361111111111,0
91.44999999999695,0.27271305384739486,0.31076388888888884,0
91.49999999999694,0.24144855394446196,0.2829861111111112,0
91.54999999999694,0.26976176981232114,0.203125,0
91.59999999999694,0.23928906436659927,0.21006944444444445,0
91.64999999999694,0.18472479982503695,0.2760416666666666,0
91.69999999999693,0.24681874286300334,0.20486111111111116,0
91.74999999999693,0.2874539722769572,0.2621527777777778,0
91.79999999999693,0.2625020165576508,0.34722222222222227,0
91.84999999999692,0.27749355765003597,0.28993055555555564,0
91.89999999999692,0.23426976605223485,0.23090277777777776,0
91.94999999999692,0.2890092117090209,0.2586805555555556,0
91.99999999999692,0.3696818522957553,0.25,0
92.04999999999691,0.7996756298214132,0.27604166666666663,0
92.09999999999691,0.7995770082042544,0.2760416666666667,0
92.14999999999691,0.7957316096719729,0.359375,0
92.1999999999969,0.7881997386869701,0.34374999999999994,1
92.2499999999969,0.7807458184486431,0.42361111111111116,1
92.2999999999969,0.7775799527230415,0.3697916666666667,1
92.3499999999969,0.7753445942277742,0.30381944444444453,1
92.3999999999969,0.7667045278060789,0.30729166666666674,1
92.44999999999689,0.7626754379078234,0.28472222222222227,1
92.49999999999689,0.7604405089270244,0.3229166666666666,1
92.54999999999688,0.7733321377192951,0.3142361111111112,1
92.59999999999688,0.7727298096201721,0.26909722222222227,1
92.64999999999688,0.757167634534641,0.2673611111111111,1
92.69999999999688,0.7448265651434788,0.2743055555555555,1
92.74999999999687,0.7495426487717017,0.3888888888888889,1
92.79999999999687,0.7503207229240204,0.375,1
92.84999999999687,0.7445499153234628,0.3333333333333333,1
92.89999999999687,0.999999982591888,0.29687500000000006,1
92.94999999999686,0.7211550470288923,0.29687500000000006,1
92.99999999999686,0.7011949020013043,0.29687500000000006,1
93.04999999999686,0.6935213672059554,0.3385416666666666,1
93.09999999999685,0.68590622638076,0.3385416666666666,1
93.14999999999685,0.6775279957901579,0.3385416666666666,0
93.19999999999685,0.6697074499554846,0.33159722222222215,1
93.24999999999685,0.9999999999999654,0.34895833333333326,0
93.29999999999684,0.9999999794871712,0.5746527777777779,1
93.34999999999684,0.9999999999999617,0.6440972222222222,1
93.39999999999684,0.9999999771790082,0.6614583333333334,0
93.44999999999683,0.9999999760340268,0.6614583333333334,0
93.49999999999683,0.9999999746304408,0.6614583333333334,0
93.54999999999683,0.9999999730651999,0.6614583333333334,0
93.59999999999683,0.9999999999999744,0.6614583333333334,0
93.64999999999682,0.9999999688910466,0.6614583333333334,1
93.69999999999682,0.9999999663065133,0.6614583333333334,1
93.74999999999682,0.9999999999999674,0.6614583333333334,1
93.79999999999681,0.9999999999999826,0.6614583333333334,1
93.84999999999681,0.9999999999999908,0.6614583333333334,0
93.89999999999681,0.9999999999999898,0.6614583333333334,0
93.9499999999968,0.9999999999999883,0.638888888888889,0
93.9999999999968,0.9999999999999812,0.2447916666666666,0
94.0499999999968,0.9999999999999649,0.3802083333333333,0
94.0999999999968,0.9999999999999611,0.2638888888888889,0
94.1499999999968,0.9999999616647881,0.2100694444444445,0
94.19999999999679,0.9999999595128025,0.23437499999999997,0
94.24999999999679,0.9999999999999944,0.20659722222222224,0
94.29999999999679,0.9999999999999879,0.28298611111111116,0
94.34999999999678,0.9999999999999631,0.20833333333333334,0
94.39999999999678,0.2558462777488137,0.19965277777777782,0
94.44999999999678,0.26087916903805525,0.2430555555555555,0
94.49999999999677,0.9999999999999298,0.3263888888888889,0
94.54999999999677,0.9999999999998889,0.20833333333333337,0
94.59999999999677,0.2641181900860071,0.2673611111111111,0
94.64999999999677,0.9999999999999227,0.23784722222222218,0
94.69999999999676,0.35652631186723305,0.2309027777777778,0
94.74999999999676,0.32746118112675926,0.2638888888888889,0
94.79999999999676,0.35245971721755265,0.20833333333333337,0
94.84999999999675,0.35808046223770584,0.2135416666666667,0
94.89999999999675,0.34961277534227936,0.3663194444444444,0
94.94999999999675,0.3454193060643188,0.18229166666666666,0
94.99999999999675,0.26622048560831363,0.23263888888888892,0
95.04999999999674,0.8104209272144091,0.3246527777777778,0
95.09999999999674,0.8145488664884405,0.34722222222222215,0
95.14999999999674,0.814977010757027,0.2986111111111111,0
95.19999999999673,0.8142853164421044,0.29513888888888884,0
95.24999999999673,0.8188333939825565,0.3611111111111111,1
95.29999999999673,0.8130563719594827,0.3541666666666667,1
95.34999999999673,0.9999999911642082,0.3524305555555556,1
95.39999999999672,0.9999999999999841,0.2552083333333333,1
95.44999999999672,0.9999999999999835,0.31597222222222227,1
95.49999999999672,0.9999999951034029,0.3333333333333333,1
95.54999999999671,0.7825773549026884,0.4513888888888889,1
95.59999999999671,0.7913425053159682,0.3298611111111111,1
95.64999999999671,0.7913270776660979,0.2743055555555555,1
95.6999999999967,0.9999999882404464,0.3194444444444445,1
95.7499999999967,0.999999987116579,0.35590277777777773,1
95.7999999999967,0.7420893848800272,0.3541666666666667,1
95.8499999999967,0.9999999999999751,0.34374999999999994,1
95.8999999999967,0.7181403069086869,0.32638888888888884,1
95.94999999999669,0.697038896972828,0.24479166666666663,1
95.99999999999669,0.6818187448902109,0.3090277777777778,1
96.04999999999669,0.7726812346301312,0.2916666666666667,1
96.09999999999668,0.7720895184733816,0.27256944444444436,1
96.14999999999668,0.7424800622393599,0.2934027777777778,1
96.19999999999668,0.7431709028729452,0.34375,1
96.24999999999667,0.7232686890220779,0.27951388888888884,1
96.29999999999667,0.7045257398852631,0.3177083333333334,1
96.34999999999667,0.7067241586187489,0.2881944444444445,1
96.39999999999667,0.9999999847074754,0.3350694444444445,1
96.44999999999666,0.6694304048811621,0.35416666666666674,1
96.49999999999666,0.7178808531822599,0.23784722222222224,1
96.54999999999666,0.9999999825868237,0.23958333333333337,0
96.59999999999665,0.9999999781331249,0.5937499999999998,0
96.64999999999665,0.9999999736409964,0.6302083333333331,0
96.69999999999665,0.9999999665686734,0.3993055555555555,0
96.74999999999665,0.9999999550729265,0.3732638888888889,0
96.79999999999664,0.6084738238866495,0.38715277777777773,0
96.84999999999664,0.5470426328127479,0.3663194444444445,0
96.89999999999664,0.5296384794439564,0.29340277777777785,0
96.94999999999663,0.999999905473627,0.28125,0
96.99999999999663,0.9999999189883746,0.34027777777777785,0
97.04999999999663,0.9999998040219288,0.31250000000000006,0
97.09999999999663,0.9999999137368719,0.35590277777777773,0
97.14999999999662,0.9999998945411978,0.2725694444444445,0
97.19999999999662,0.9999998894359664,0.17881944444444445,0
97.24999999999662,0.4496066891157438,0.22048611111111116,0
97.29999999999661,0.4090733437835359,0.2708333333333333,0
97.34999999999661,0.999999828752364,0.24652777777777776,0
97.39999999999661,0.371992567390526,0.2118055555555556,0
97.4499999999966,0.34372494926344865,0.2309027777777778,0
97.4999999999966,0.31299568639362796,0.24479166666666663,0
97.5499999999966,0.31801971632344866,0.2725694444444445,0
97.5999999999966,0.3046456995745493,0.21875000000000003,0
97.6499999999966,0.26817133003454613,0.31250000000000006,0
97.69999999999659,0.32240810918940294,0.3541666666666667,0
97.74999999999659,0.30372859888775866,0.34722222222222227,0
97.79999999999659,0.23354989733634876,0.1319444444444444,0
97.84999999999658,0.9999989730432016,0.36284722222222227,0
97.89999999999658,0.9999997741359039,0.2690972222222222,0
97.94999999999658,0.9999999230950156,0.24652777777777776,0
97.99999999999658,0.24774587336844406,0.30729166666666674,0
98.04999999999657,0.6330493327276989,0.3454861111111111,0
98.09999999999657,0.6146761702459611,0.3454861111111111,0
98.14999999999657,0.5875834357460074,0.3454861111111111,0
98.19999999999656,0.5662169559842608,0.3454861111111111,1
98.24999999999656,0.5609370259038488,0.3454861111111111,1
98.29999999999656,0.5478232759204905,0.3454861111111111,1
98.34999999999656,0.5325750484222642,0.3454861111111111,1
98.39999999999655,0.5207999574640811,0.3454861111111111,1
98.44999999999655,0.4981231693084446,0.3454861111111111,0
98.49999999999655,0.47291423917989067,0.3368055555555556,0
98.54999999999654,0.4342164996577957,0.6111111111111113,0
98.59999999999654,0.4126765290809432,0.3072916666666667,0
98.64999999999654,0.3920099579457238,0.31423611111111116,0
98.69999999999654,0.3575331759044827,0.2795138888888889,0
98.74999999999653,0.334568330419425,0.2552083333333333,0
98.79999999999653,0.3037275429642694,0.3385416666666666,0
98.84999999999653,0.29695028400565454,0.34722222222222215,0
98.89999999999652,0.2754951595303546,0.2586805555555555,0
98.94999999999652,0.2484542947400802,0.22222222222222224,0
98.99999999999652,0.22542368998010598,0.31423611111111105,0
99.04999999999652,0.9999999999999347,0.3142361111111111,0
99.09999999999651,0.9999999999999474,0.40972222222222215,0
99.14999999999651,0.999999999999903,0.2899305555555555,0
99.1999999999965,0.5893887960104196,0.28124999999999994,0
99.2499999999965,0.5725591184077394,0.21875,0
99.2999999999965,0.5453789617045466,0.2864583333333333,0
99.3499999999965,0.5002364243542542,0.22916666666666666,0
99.3999999999965,0.4715436659466999,0.2534722222222223,0
99.44999999999649,0.4836010811056514,0.3020833333333333,0
99.49999999999649,0.43691763785804144,0.27777777777777773,0
99.54999999999649,0.5949884208604431,0.26388888888888895,0
99.59999999999648,0.389620788300212,0.3020833333333333,0
99.64999999999648,0.3456821574324522,0.32118055555555564,0
99.69999999999648,0.38876409997186756,0.28124999999999994,0
99.74999999999648,0.3858530025641474,0.296875,0
99.79999999999647,0.40015370450915855,0.18576388888888892,0
99.84999999999647,0.38351983373367904,0.21527777777777776,0
99.89999999999647,0.2976085422234846,0.26562499999999994,0
99.94999999999646,0.2717418720434623,0.2378472222222223,0
99.99999999999646,0.253469936954034,0.3055555555555555,0
100.04999999999646,0.2499625311993183,0.3020833333333334,0
100.09999999999646,0.2816161978842329,0.28124999999999994,0
100.14999999999645,0.3370856952244785,0.2430555555555556,0
100.19999999999645,0.34483019161639433,0.22569444444444445,0
100.24999999999645,0.330969175495875,0.20486111111111108,0
100.29999999999644,0.24747897147289602,0.2829861111111111,0
100.34999999999644,0.2632738190183534,0.23263888888888892,0
100.39999999999644,0.30122511356909365,0.2777777777777777,0
100.44999999999644,0.28472096296511357,0.2934027777777777,0
100.49999999999643,0.4071049071162589,0.22916666666666666,0
100.54999999999643,0.4024466648433813,0.22916666666666666,0
100.59999999999643,0.3999028248684591,0.2916666666666667,0
100.64999999999642,0.3885205516654069,0.2795138888888888,0
100.69999999999642,0.3794628258806022,0.2777777777777777,0
100.74999999999642,0.3678280451720189,0.26215277777777785,0
100.79999999999642,0.3474309197730457,0.25000000000000006,0
100.84999999999641,0.31815053221244716,0.2708333333333333,0
100.89999999999641,0.29171712730737365,0.31423611111111105,0
100.94999999999641,0.27431229850877864,0.282986111111111,0
100.9999999999964,0.26635110733906564,0.3489583333333333,0
101.0499999999964,0.29085284700350833,0.26388888888888895,0
101.0999999999964,0.3043824391584818,0.2673611111111111,0
101.1499999999964,0.281972326101224,0.2465277777777778,0
101.1999999999964,0.26063660438776454,0.22916666666666663,0
101.24999999999639,0.2569762626879191,0.3402777777777777,0
101.29999999999639,0.249261616489221,0.23611111111111108,0
101.34999999999638,0.2582347819583992,0.2604166666666666,0
101.39999999999638,0.24797201223927925,0.2795138888888888,0
101.44999999999638,0.24632207158321426,0.345486111111111,0
101.49999999999638,0.24655609333599365,0.28645833333333326,0
101.54999999999637,0.2305034778003159,0.20486111111111108,0
101.59999999999637,0.21401854951417784,0.24826388888888892,0
101.64999999999637,0.22989591856172545,0.3003472222222222,0
101.69999999999636,0.22232926672493902,0.2881944444444445,0
101.74999999999636,0.2123092572875342,0.23090277777777776,0
101.79999999999636,0.21655395509237851,0.29166666666666663,0
101.84999999999636,0.22058626407877496,0.3003472222222222,0
101.89999999999635,0.2252243657235108,0.2916666666666667,0
101.94999999999635,0.22439238941241266,0.3003472222222222,0
101.99999999999635,0.24153229909905602,0.24826388888888884,0
102.04999999999634,0.22742694246414596,0.20138888888888884,0
102.09999999999634,0.20458569775826985,0.31076388888888895,0
102.14999999999634,0.21640715276829775,0.2569444444444445,0
102.19999999999634,0.2184479748621438,0.26562499999999994,0
102.24999999999633,0.21866674927662694,0.24652777777777782,0
102.29999999999633,0.21392878233575588,0.25173611111111116,0
102.34999999999633,0.21169804408456933,0.35763888888888884,0
102.39999999999633,0.2018900170046532,0.27951388888888884,0
102.44999999999632,0.20090596791881052,0.25347222222222227,0
102.49999999999632,0.19719492267722444,0.3229166666666667,0
102.54999999999632,0.2064418429359677,0.2465277777777778,0
102.59999999999631,0.2036139578922737,0.20138888888888887,0
102.64999999999631,0.20372850917811453,0.33159722222222227,0
102.69999999999631,0.2109301612556927,0.329861111111111,0
102.7499999999963,0.23186256416019654,0.2586805555555556,0
102.7999999999963,0.222006583178403,0.25173611111111116,0
102.8499999999963,0.21684448954993907,0.29687499999999994,0
102.8999999999963,0.22415106893843745,0.27256944444444436,0
102.9499999999963,0.23931516195729227,0.20486111111111105,0
102.99999999999629,0.21844211228705884,0.24826388888888892,0
103.04999999999629,0.5855682666300595,0.27604166666666663,0
103.09999999999629,0.5807207233759394,0.3385416666666667,0
103.14999999999628,0.5804096957576211,0.3732638888888889,0
103.19999999999628,0.573537164478599,0.2864583333333334,0
103.24999999999628,0.5677844795253418,0.3541666666666667,0
103.29999999999627,0.5622379278426808,0.26736111111111105,0
103.34999999999627,0.5469532487215243,0.3315972222222223,0
103.39999999999627,0.530193396716704,0.26388888888888884,0
103.44999999999627,0.5186163942482178,0.26562499999999994,0
103.49999999999626,0.5046508977308904,0.4149305555555555,0
103.54999999999626,0.49217434867746007,0.3940972222222223,0
103.59999999999626,0.48067180432987044,0.32812500000000017,0
103.64999999999625,0.4723463780867491,0.22395833333333337,0
103.69999999999625,0.4633196223255483,0.2465277777777778,0
103.74999999999625,0.4547396649450458,0.2152777777777778,0
103.79999999999625,0.4496067523340913,0.3194444444444446,0
103.84999999999624,0.4512425057959471,0.19791666666666666,0
103.89999999999624,0.4357115317730102,0.25347222222222215,0
103.94999999999624,0.4249449259076091,0.26041666666666663,0
103.99999999999623,0.4231370895811036,0.3645833333333334,0
104.04999999999623,0.6013846206239245,0.5434027777777778,0
104.09999999999623,0.5901399778585745,0.3107638888888888,0
104.14999999999623,0.5896049468433727,0.30902777777777785,0
104.19999999999622,0.5885342771061747,0.359375,0
104.24999999999622,0.5788431277210595,0.2690972222222222,0
104.29999999999622,0.5665489660867021,0.2586805555555556,0
104.34999999999621,0.5568825647129276,0.2621527777777778,0
104.39999999999621,0.5538952127811846,0.26215277777777773,0
104.44999999999621,0.5461085383680515,0.3680555555555555,0
104.4999999999962,0.5312384811560263,0.25347222222222215,0
104.5499999999962,0.5236864284344595,0.4079861111111111,0
104.5999999999962,0.5117210614855774,0.359375,0
104.6499999999962,0.5076188752046347,0.22222222222222232,0
104.6999999999962,0.4981060575844376,0.29166666666666674,0
104.74999999999619,0.4902924931121746,0.2881944444444445,0
104.79999999999619,0.4800770381863255,0.24652777777777776,0
104.84999999999619,0.4672539445594139,0.21527777777777787,0
104.89999999999618,0.45946905184384024,0.3368055555555555,0
104.94999999999618,0.4497559894997101,0.22048611111111113,0
104.99999999999618,0.44806353147463546,0.32638888888888884,0
105.04999999999617,0.4341964860745132,0.3663194444444444,0
105.09999999999617,0.4077433640595959,0.22916666666666674,0
105.14999999999617,0.4018304938466659,0.2447916666666666,0
105.19999999999617,0.38846077193750755,0.2604166666666667,0
105.24999999999616,0.36214877085039143,0.30381944444444436,0
105.29999999999616,0.3434185963724449,0.3333333333333332,0
105.34999999999616,0.3234776078476969,0.2222222222222222,0
105.39999999999615,0.30342403597497947,0.3645833333333333,0
105.44999999999615,0.2973694340227617,0.3020833333333334,0
105.49999999999615,0.29180105185234934,0.28298611111111116,0
105.54999999999615,0.2960272662193858,0.13715277777777782,0
105.59999999999614,0.27593190250406896,0.15972222222222224,0
105.64999999999614,0.2581308844788125,0.23611111111111105,0
105.69999999999614,0.2581165476405947,0.3611111111111111,0
105.74999999999613,0.2663712787405798,0.3663194444444444,0
105.79999999999613,0.24123729984287884,0.23437499999999997,0
105.84999999999613,0.2403708101256641,0.22916666666666663,0
105.89999999999613,0.24313791150925704,0.17534722222222224,0
105.94999999999612,0.20380538786273364,0.2690972222222222,0
105.99999999999612,0.20769918699671572,0.329861111111111,0
106.04999999999612,0.5215874431819575,0.31597222222222227,0
106.09999999999611,0.5136043137874905,0.3385416666666666,0
106.14999999999611,0.5044508675017052,0.29340277777777785,0
106.19999999999611,0.504502774351585,0.22222222222222224,1
106.2499999999961,0.5023804075986764,0.34201388888888884,1
106.2999999999961,0.5057700054083856,0.2881944444444445,1
106.3499999999961,0.5003999930233476,0.28125,1
106.3999999999961,0.4933221850693224,0.2274305555555556,1
106.4499999999961,0.4891450960763287,0.3680555555555556,1
106.49999999999609,0.465243475459556,0.31770833333333326,1
106.54999999999609,0.449605066575223,0.3003472222222223,1
106.59999999999609,0.45041901784074123,0.25520833333333337,1
106.64999999999608,0.44030055934484336,0.2760416666666667,1
106.69999999999608,0.43511316465537797,0.29340277777777785,1
106.74999999999608,0.4494991390462592,0.3020833333333332,1
106.79999999999607,0.4437004290320606,0.390625,1
106.84999999999607,0.4215792472474287,0.26215277777777773,1
106.89999999999607,0.4106881391932679,0.3315972222222221,1
106.94999999999607,0.4204222032334903,0.23784722222222213,1
106.99999999999606,0.41295104772943964,0.3159722222222221,1
107.04999999999606,0.38485681919823855,0.3229166666666666,1
107.09999999999606,0.3620786737521441,0.29687500000000006,1
107.14999999999606,0.35546645823964795,0.32291666666666663,1
107.19999999999605,0.3652934321359319,0.2986111111111112,1
107.24999999999605,0.38009985615118796,0.265625,0
107.29999999999605,0.37228297237229674,0.3194444444444445,0
107.34999999999604,0.3658460138200102,0.8020833333333334,0
107.39999999999604,0.36153912792273424,0.24131944444444445,0
107.44999999999604,0.36514224610064044,0.19791666666666666,0
107.49999999999604,0.32974081397465976,0.32118055555555547,0
107.54999999999603,0.3215064171164142,0.47395833333333326,0
107.59999999999603,0.30646372544184025,0.26909722222222227,0
107.64999999999603,0.28420111829494554,0.3020833333333333,0
107.69999999999602,0.2813888534598467,0.19791666666666666,0
107.74999999999602,0.28131788789408174,0.26562500000000006,0
107.79999999999602,0.2913543324182204,0.3020833333333334,0
107.84999999999602,0.2688455012598814,0.2708333333333333,0
107.89999999999601,0.24143648853712604,0.2673611111111111,0
107.94999999999601,0.20578523657497225,0.2986111111111112,0
107.999999999996,0.20294779179180925,0.29340277777777785,0
108.049999999996,0.19045539429344172,0.3454861111111111,0
108.099999999996,0.20587532218960738,0.22743055555555555,0
108.149999999996,0.2221049860087721,0.2152777777777777,0
108.199999999996,0.2080109506742168,0.16840277777777776,0
108.24999999999599,0.1884180630114902,0.35763888888888884,0
108.29999999999599,0.22174333411061156,0.22743055555555558,0
108.34999999999599,0.1946466333511634,0.1875,0
108.39999999999598,0.17168151879769528,0.25347222222222227,0
108.44999999999598,0.17734567316966546,0.26041666666666663,0
108.49999999999598,0.19566875558697078,0.16493055555555555,0
108.54999999999598,0.20673766431445295,0.3038194444444445,0
108.59999999999597,0.19278302486756724,0.14756944444444445,0
108.64999999999597,0.20757699018459733,0.15798611111111116,0
108.69999999999597,0.2081451392066939,0.31944444444444436,0
108.74999999999596,0.23596590829577507,0.3385416666666666,0
108.79999999999596,0.21907378815889786,0.3836805555555556,0
108.84999999999596,0.21655153589742943,0.22916666666666666,0
108.89999999999596,0.19935277572313656,0.34722222222222215,0
108.94999999999595,0.16996002774724686,0.37152777777777773,0
108.99999999999595,0.21145757960470332,0.2795138888888889,0
109.04999999999595,0.5927223503118976,0.3506944444444444,0
109.09999999999594,0.5854734070189714,0.4149305555555556,0
109.14999999999594,0.5757959094595567,0.34201388888888884,0
109.19999999999594,0.5715531192391309,0.3645833333333333,0
109.24999999999594,0.5568966989681503,0.4149305555555556,0
109.29999999999593,0.5495574554297493,0.375,1
109.34999999999593,0.5448790438717261,0.3142361111111112,1
109.39999999999593,0.5280627161095225,0.4045138888888889,1
109.44999999999592,0.5052489481566474,0.3975694444444444,1
109.49999999999592,0.48609867441714477,0.3454861111111111,1
109.54999999999592,0.48122518428526184,0.2847222222222222,1
109.59999999999592,0.46345292838972113,0.40625000000000006,1
109.64999999999591,0.44276256260592556,0.421875,1
109.69999999999591,0.43137798102608155,0.3697916666666667,1
109.74999999999591,0.42205987694384356,0.31944444444444436,1
109.7999999999959,0.406421928997664,0.375,1
109.8499999999959,0.38283743356222105,0.3211805555555555,1
109.8999999999959,0.36803551639294024,0.30381944444444453,1
109.9499999999959,0.33564391565951895,0.359375,1
109.9999999999959,0.3018825462200085,0.203125,1
110.04999999999589,0.32590949792590446,0.4461805555555556,1
110.09999999999589,0.29870520154521046,0.359375,1
110.14999999999588,0.29632017654969584,0.3263888888888889,1
110.19999999999588,0.27685596179694905,0.2517361111111111,1
110.24999999999588,0.2803346454500194,0.28993055555555564,1
110.29999999999588,0.2805976463700117,0.3020833333333334,1
110.34999999999587,0.2839787141120366,0.2673611111111111,1
110.39999999999587,0.26203367073846456,0.22395833333333337,1
110.44999999999587,0.24238216285627492,0.2135416666666667,1
110.49999999999586,0.24524320553790244,0.2881944444444445,1
110.54999999999586,0.22014969288017275,0.29687500000000006,1
110.59999999999586,0.21338560858826713,0.2829861111111111,1
110.64999999999586,0.18047832994407031,0.2604166666666667,1
110.69999999999585,0.1924389189510229,0.18576388888888887,1
110.74999999999585,0.18527284584248194,0.3489583333333333,1
110.79999999999585,0.18231601917565593,0.2899305555555555,1
110.84999999999584,0.19809695687596104,0.24131944444444445,1
110.89999999999584,0.18464267863899833,0.28645833333333337,1
110.94999999999584,0.1924588617677131,0.29340277777777785,1
110.99999999999584,0.2034692500851679,0.20486111111111108,1
111.04999999999583,0.21140270379462675,0.2760416666666667,1
111.09999999999583,0.20851348680449094,0.2760416666666667,1
111.14999999999583,0.22119236708930512,0.2760416666666667,1
111.19999999999582,0.2309276501372279,0.2760416666666667,1
111.24999999999582,0.23182553062804864,0.2760416666666667,1
111.29999999999582,0.24445999697706763,0.2760416666666667,1
111.34999999999582,0.25683716657102035,0.2760416666666667,1
111.39999999999581,0.2694670360031005,0.2760416666666667,0
111.44999999999581,0.2790517666261618,0.2760416666666667,0
111.49999999999581,0.2833895366145112,0.29687500000000006,0
111.5499999999958,0.273940131017732,0.6545138888888888,0
111.5999999999958,0.27521692326202646,0.3697916666666667,0
111.6499999999958,0.2978568871448613,0.2152777777777778,0
111.6999999999958,0.25919751563096216,0.23611111111111108,0
111.7499999999958,0.279296977775467,0.19618055555555558,0
111.79999999999579,0.2573996430525917,0.2569444444444445,0
111.84999999999579,0.2193358206644251,0.2968750000000001,0
111.89999999999579,0.2005815899974658,0.2725694444444445,0
111.94999999999578,0.19319685215605908,0.18923611111111113,0
111.99999999999578,0.16640302069441557,0.2517361111111111,0
112.04999999999578,0.15725232433702818,0.3020833333333333,0
112.09999999999577,0.16477321473831538,0.2604166666666667,0
112.14999999999577,0.1974413547949478,0.2569444444444444,0
112.19999999999577,0.16704509813734467,0.22569444444444442,0
112.24999999999577,0.16206669362630943,0.1979166666666667,0
112.29999999999576,0.15631669357899866,0.3263888888888889,0
112.34999999999576,0.14082502938187058,0.19618055555555558,0
112.39999999999576,0.15917353507968737,0.33333333333333326,0
112.44999999999575,0.16310743419314985,0.21701388888888887,0
112.49999999999575,0.16708825980719008,0.2413194444444444,0
112.54999999999575,0.13961094536724106,0.2795138888888889,0
112.59999999999575,0.16872870252684083,0.2552083333333333,0
112.64999999999574,0.16253944435510995,0.2065972222222222,0
112.69999999999574,0.18568718501137615,0.22743055555555555,0
112.74999999999574,0.18841349770301916,0.2309027777777778,0
112.79999999999573,0.18885738408097105,0.22569444444444445,0
112.84999999999573,0.17373820896972278,0.24652777777777776,0
112.89999999999573,0.190756103299879,0.23263888888888887,0
112.94999999999573,0.17430057198476973,0.3142361111111111,0
112.99999999999572,0.1948577043495136,0.3402777777777777,0
113.04999999999572,0.6170074449408813,0.3038194444444445,0
113.09999999999572,0.5954193679843272,0.25173611111111105,0
113.14999999999571,0.5588756194049136,0.14930555555555555,0
113.19999999999571,0.5322931765498667,0.25347222222222215,0
113.24999999999571,0.5016194047503145,0.23958333333333334,0
113.2999999999957,0.47929582254057906,0.3072916666666667,0
113.3499999999957,0.46462638834188813,0.2465277777777778,0
113.3999999999957,0.4579102576983906,0.31076388888888884,0
113.4499999999957,0.4372115136642035,0.21006944444444445,0
113.4999999999957,0.4290320744924192,0.3055555555555556,0
113.54999999999569,0.4442956231331127,0.26388888888888884,0
113.59999999999569,0.4533012163587515,0.2552083333333333,0
113.64999999999569,0.45836537450529014,0.2239583333333333,0
113.69999999999568,0.43999557202260564,0.22743055555555555,0
113.74999999999568,0.4743821042966578,0.27777777777777773,0
113.79999999999568,0.5033045046938767,0.2534722222222222,0
113.84999999999567,0.49479165767580774,0.28124999999999994,0
113.89999999999567,0.4714702988435708,0.27777777777777773,0
113.94999999999567,0.4691289005287435,0.1996527777777778,0
113.99999999999567,0.4591562334687259,0.2673611111111111,0
114.04999999999566,0.42236280641359514,0.3263888888888889,0
114.09999999999566,0.40560575431243556,0.33506944444444436,0
114.14999999999566,0.41201418262271217,0.2517361111111111,0
114.19999999999565,0.4644194797959532,0.2552083333333333,0
114.24999999999565,0.4426015982447109,0.3107638888888889,0
114.29999999999565,0.4134030752170435,0.17361111111111116,0
114.34999999999565,0.34848857373950864,0.23611111111111108,0
114.39999999999564,0.32895666700503473,0.2899305555555555,0
114.44999999999564,0.32834859381789694,0.3125,0
114.49999999999564,0.40359440314520983,0.23611111111111108,0
114.54999999999563,0.3953121918880734,0.22743055555555555,0
114.59999999999563,0.3934274897890255,0.29340277777777773,0
114.64999999999563,0.3820060143143182,0.25694444444444436,0
114.69999999999563,0.3280569012354476,0.2847222222222222,0
114.74999999999562,0.30049622075972776,0.22743055555555555,0
114.79999999999562,0.25518804978910653,0.3159722222222222,0
114.84999999999562,0.2526145140963781,0.2725694444444444,0
114.89999999999561,0.33229935429272817,0.2881944444444444,0
114.94999999999561,0.30046585780536744,0.29513888888888884,0
114.99999999999561,0.27696152484587966,0.29166666666666663,0
115.0499999999956,0.5483167651968609,0.32118055555555564,0
115.0999999999956,0.5586066449776871,0.2604166666666667,0
115.1499999999956,0.5345376775726977,0.31944444444444453,0
115.1999999999956,0.5225472308435885,0.21180555555555558,0
115.2499999999956,0.5060482299955799,0.23784722222222224,0
115.29999999999559,0.4958285306854214,0.265625,0
115.34999999999559,0.4803996198401052,0.2899305555555556,0
115.39999999999559,0.4954847440901538,0.18923611111111108,0
115.44999999999558,0.47996851364521265,0.30034722222222227,0
115.49999999999558,0.4767633377761964,0.2951388888888889,0
115.54999999999558,0.4555515287662106,0.24305555555555558,0
115.59999999999557,0.43631551384335254,0.2986111111111111,0
115.64999999999557,0.4206694258659435,0.35590277777777785,0
115.69999999999557,0.42464928742555386,0.2256944444444445,0
115.74999999999557,0.4311028946127557,0.2829861111111111,0
115.79999999999556,0.4244486931370035,0.21701388888888892,0
115.84999999999556,0.3686807074213263,0.22569444444444445,0
115.89999999999556,0.38199395946768144,0.21701388888888892,0
115.94999999999555,0.34243925991449375,0.3454861111111111,0
115.99999999999555,0.32928820963440775,0.28125,0
116.04999999999555,0.588743112604746,0.31423611111111116,0
116.09999999999555,0.6048804064731539,0.3350694444444445,0
116.14999999999554,0.6540858188700229,0.37326388888888884,0
116.19999999999554,0.5738121224291247,0.3055555555555556,0
116.24999999999554,0.5676203491493408,0.27604166666666663,0
116.29999999999553,0.5413481887189985,0.3055555555555556,0
116.34999999999553,0.5397745425964668,0.2309027777777777,0
116.39999999999553,0.5292382751477819,0.28125000000000006,0
116.44999999999553,0.5559365450963694,0.3506944444444444,0
116.49999999999552,0.5883318461985726,0.40798611111111116,0
116.54999999999552,0.5878587405147,0.29513888888888884,0
116.59999999999552,0.5543819896161547,0.3072916666666667,0
116.64999999999552,0.5496396841395831,0.2725694444444444,0
116.69999999999551,0.5448468021030565,0.23958333333333334,0
116.74999999999551,0.4910255280026947,0.3697916666666667,0
116.7999999999955,0.5047463523978478,0.2934027777777778,0
116.8499999999955,0.5013878000641679,0.2795138888888889,0
116.8999999999955,0.48035021118165094,0.2951388888888889,0
116.9499999999955,0.4262385868957386,0.3072916666666667,0
116.9999999999955,0.4186746298098715,0.3333333333333333,0
117.04999999999549,0.8058603754728704,0.29861111111111116,0
117.09999999999549,0.9999999918534227,0.3263888888888889,0
117.14999999999549,0.999999991383406,0.375,0
117.19999999999548,0.9999999906059258,0.3211805555555555,0
117.24999999999548,0.9999999907420284,0.3246527777777778,1
117.29999999999548,0.9999999904217833,0.30555555555555547,1
117.34999999999548,0.9999999898879159,0.35416666666666674,1
117.39999999999547,0.7706408890275496,0.42013888888888884,1
117.44999999999547,0.7598582654806988,0.42013888888888884,1
117.49999999999547,0.7581072806768292,0.42013888888888884,1
117.54999999999546,0.7544085004931249,0.42013888888888884,1
117.59999999999546,0.7597250778280535,0.42013888888888884,1
117.64999999999546,0.7510867513180169,0.44097222222222215,1
117.69999999999546,0.7451158362414045,0.6475694444444446,0
117.74999999999545,0.737201573897204,0.6475694444444446,0
117.79999999999545,0.7305484968430325,0.6475694444444446,0
117.84999999999545,0.729574380715881,0.6475694444444446,0
117.89999999999544,0.7399730419297469,0.6319444444444446,0
117.94999999999544,0.7274402363119011,0.31944444444444436,0
117.99999999999544,0.7214038976754694,0.21180555555555558,0
118.04999999999544,0.8292698550722998,0.4236111111111111,0
118.09999999999543,0.8256784377222026,0.3350694444444445,0
118.14999999999543,0.8032899420741761,0.27604166666666663,0
118.19999999999543,0.7882680295587946,0.33854166666666674,1
118.24999999999542,0.7848310464408975,0.33854166666666674,1
118.29999999999542,0.7715365998822257,0.28472222222222215,1
118.34999999999542,0.7640598702362243,0.3055555555555555,1
118.39999999999542,0.7717991693948422,0.34722222222222227,1
118.44999999999541,0.7549693827745861,0.3159722222222222,1
118.49999999999541,0.7440651016426127,0.3159722222222222,1
118.5499999999954,0.7387653471220734,0.40277777777777785,1
118.5999999999954,0.7325261790966469,0.375,1
118.6499999999954,0.7119603955474364,0.375,1
118.6999999999954,0.7003328810552499,0.375,1
118.7499999999954,0.6863487673196433,0.375,1
118.79999999999539,0.6724619959744593,0.375,1
118.84999999999539,0.6584853141395471,0.39236111111111116,1
118.89999999999539,0.6441179383297249,0.623263888888889,0
118.94999999999538,0.6239987294041879,0.4322916666666668,0
118.99999999999538,0.9999999999999898,0.43229166666666674,0
119.04999999999538,0.9999999999999967,0.7118055555555555,0
119.09999999999538,0.9999999999999948,0.5190972222222222,0
119.14999999999537,0.9999999999999947,0.3177083333333333,0
119.19999999999537,0.8341353239552939,0.3211805555555555,0
119.24999999999537,0.8347011689829569,0.3454861111111111,0
119.29999999999536,0.9149755181960423,0.3506944444444444,1
119.34999999999536,0.8240498297692189,0.4045138888888889,1
119.39999999999536,0.8137648048133187,0.4131944444444445,1
119.44999999999536,0.8371312707151307,0.4392361111111111,1
119.49999999999535,0.8347422462271292,0.3177083333333333,1
119.54999999999535,0.796091418181975,0.3211805555555555,1
119.59999999999535,0.7907165303845787,0.375,1
119.64999999999534,0.783474856947154,0.3298611111111111,1
119.69999999999534,0.7763948591267699,0.38715277777777785,1
119.74999999999534,0.7637054721094093,0.3159722222222222,1
119.79999999999534,0.7540858191079532,0.3802083333333333,1
119.84999999999533,0.7437745572525328,0.3802083333333333,1
119.89999999999533,0.7314172421080272,0.3802083333333333,1
119.94999999999533,0.7434679619998917,0.3993055555555556,1
119.99999999999532,0.7106977599307062,0.7065972222222222,1
120.04999999999532,0.7008993317872406,0.7447916666666665,0
120.09999999999532,0.6919858377159881,0.7447916666666665,1
120.14999999999532,0.6766830697354872,0.7447916666666665,1
120.19999999999531,0.6667902269506831,0.7447916666666665,0
120.24999999999531,0.6595327167945354,0.7447916666666665,0
120.29999999999531,0.6530934020433024,0.722222222222222,0
120.3499999999953,0.9999999999999478,0.359375,0
120.3999999999953,0.9999999676035195,0.25520833333333326,0
120.4499999999953,0.5928594142181656,0.23611111111111116,0
120.4999999999953,0.582980110862759,0.37847222222222227,0
120.5499999999953,0.557154801262631,0.3368055555555555,0
120.59999999999529,0.5317447176263529,0.267361111111111,0
120.64999999999529,0.5615071503078994,0.3281250000000001,0
120.69999999999528,0.9999999401036436,0.31944444444444453,0
120.74999999999528,0.44415937387448756,0.2413194444444445,0
120.79999999999528,0.47847735133063557,0.265625,0
120.84999999999528,0.3703802204086911,0.31770833333333337,0
120.89999999999527,0.3249392463408683,0.3194444444444445,0
120.94999999999527,0.30620832764279754,0.3229166666666668,0
120.99999999999527,0.2736748691985327,0.23784722222222224,0
121.04999999999526,0.7919499066607865,0.38715277777777785,0
121.09999999999526,0.7831387997355858,0.42534722222222227,0
121.14999999999526,0.7750465184668508,0.35590277777777785,0
121.19999999999526,0.7776050939183271,0.3368055555555556,1
121.24999999999525,0.7700248846168872,0.36284722222222215,1
121.29999999999525,0.7598285051818763,0.3524305555555556,1
121.34999999999525,0.7503859107999171,0.3524305555555556,1
121.39999999999525,0.9999999870554183,0.41145833333333326,1
121.44999999999524,0.9999999853415866,0.2829861111111112,1
121.49999999999524,0.7287047529798149,0.4045138888888889,1
121.54999999999524,0.7296295214010826,0.4131944444444445,1
121.59999999999523,0.7148253515697528,0.2690972222222221,1
121.64999999999523,0.6914652594097878,0.2309027777777778,1
121.69999999999523,0.6676905340017235,0.2986111111111112,1
121.74999999999523,0.6554299490960998,0.29687500000000006,1
121.79999999999522,0.6408430238646866,0.26909722222222215,1
121.84999999999522,0.628918955431993,0.3541666666666666,1
121.89999999999522,0.6098714977972218,0.3177083333333334,1
121.94999999999521,0.5868176486454354,0.23263888888888887,1
121.99999999999521,0.5677088739428203,0.34548611111111116,1
122.04999999999521,0.7075724564152273,0.3055555555555555,1
122.0999999999952,0.7041432544256313,0.3090277777777778,1
122.1499999999952,0.6833258250137171,0.33159722222222227,1
122.1999999999952,0.6777467148388815,0.3072916666666667,1
122.2499999999952,0.6668198506394848,0.35763888888888884,1
122.2999999999952,0.6475693007020874,0.25868055555555547,1
122.34999999999519,0.6135091424612238,0.2864583333333333,1
122.39999999999519,0.5771972765357353,0.23437500000000003,1
122.44999999999519,0.5599059569917747,0.2465277777777777,1
122.49999999999518,0.5435157282047643,0.2309027777777777,1
122.54999999999518,0.9999999452878502,0.3368055555555555,1
122.59999999999518,0.4703871122181811,0.2829861111111111,1
122.64999999999517,0.4345547584695159,0.22916666666666666,1
122.69999999999517,0.41889486374228835,0.26909722222222215,1
122.74999999999517,0.4172111685384107,0.33333333333333326,1
122.79999999999517,0.4187309571947707,0.29513888888888895,1
122.84999999999516,0.39783096073139856,0.3559027777777779,1
122.89999999999516,0.4111347590235783,0.31944444444444436,1
122.94999999999516,0.5029514875775782,0.2899305555555556,1
122.99999999999515,0.9999999361470784,0.25868055555555547,1
123.04999999999515,0.29073475036493185,0.26388888888888884,1
123.09999999999515,0.36464921065318284,0.31076388888888895,1
123.14999999999515,0.40808767788898953,0.26041666666666674,1
123.19999999999514,0.3932382638805956,0.2465277777777777,1
123.24999999999514,0.26451361169522547,0.2743055555555555,1
123.29999999999514,0.30789019380035426,0.28125,1
123.34999999999513,0.35363553246987295,0.25520833333333326,1
123.39999999999513,0.25902886319821655,0.24131944444444445,1
123.44999999999513,0.24534399505782842,0.31423611111111116,1
123.49999999999513,0.2742048432931419,0.2916666666666667,1
123.54999999999512,0.24835462596681976,0.26388888888888884,1
123.59999999999512,0.24323163716026666,0.34374999999999994,1
123.64999999999512,0.24194816408607916,0.3611111111111111,1
123.69999999999511,0.24792187504929852,0.22048611111111113,1
123.74999999999511,0.2874914735076166,0.22395833333333334,1
123.79999999999511,0.22822743627874328,0.1753472222222222,1
123.8499999999951,0.2685758799808907,0.3368055555555555,1
123.8999999999951,0.23562382830957157,0.26041666666666663,1
123.9499999999951,0.9999998161557964,0.28125,1
123.9999999999951,0.28159173058062453,0.21701388888888892,1
124.0499999999951,0.6000321353097053,0.28472222222222227,1
124.09999999999509,0.5677596921768954,0.24826388888888884,1
124.14999999999509,0.999999999999806,0.14756944444444442,1
124.19999999999509,0.9999999999998292,0.23958333333333326,1
124.24999999999508,0.5303852205855428,0.23958333333333326,1
124.29999999999508,0.5047316250201387,0.1753472222222222,1
124.34999999999508,0.4930674605681261,0.2760416666666667,1
124.39999999999507,0.4682613783673955,0.2274305555555556,1
124.44999999999507,0.4251435095632212,0.1753472222222222,1
124.49999999999507,0.41630573501959334,0.21701388888888895,1
124.54999999999507,0.4284296815003477,0.28125000000000006,1
124.59999999999506,0.35803562561639507,0.21180555555555558,1
124.64999999999506,0.3585932672304048,0.29687500000000006,1
124.69999999999506,0.32575444608318294,0.2586805555555555,1
124.74999999999505,0.31326734302230536,0.25173611111111105,1
124.79999999999505,0.28642398401092806,0.20312500000000003,1
124.84999999999505,0.27137456109678054,0.30034722222222227,1
124.89999999999505,0.3412107761564542,0.26215277777777773,1
124.94999999999504,0.33758288784428764,0.2951388888888889,1
124.99999999999504,0.339566003236273,0.21354166666666666,1
125.04999999999504,0.3192278283617343,0.30729166666666674,1
125.09999999999503,0.3358472924496511,0.2395833333333334,1
125.14999999999503,0.2788139127642588,0.234375,1
125.19999999999503,0.25876279171394023,0.25347222222222215,1
125.24999999999503,0.25964881637575743,0.2829861111111111,1
125.29999999999502,0.27069207951626634,0.2586805555555555,1
125.34999999999502,0.9999999634043032,0.2881944444444445,1
125.39999999999502,0.9999999999999833,0.359375,1
125.44999999999501,0.27157874510800434,0.20833333333333337,1
125.49999999999501,0.2819637486704219,0.2795138888888889,1
125.54999999999501,0.3086156098956576,0.3298611111111111,1
125.599999999995,0.3928949623753761,0.21006944444444445,1
125.649999999995,0.38651430803928866,0.23090277777777787,1
125.699999999995,0.3835206386408969,0.2673611111111111,1
125.749999999995,0.3688878067183652,0.20486111111111105,1
125.799999999995,0.36345892193787954,0.3680555555555556,1
125.84999999999499,0.3578210715632722,0.3159722222222223,1
125.89999999999499,0.34911326833461764,0.2725694444444445,1
125.94999999999499,0.3361149331827136,0.2795138888888889,1
125.99999999999498,0.31129171954338447,0.2708333333333333,1
126.04999999999498,0.33640262881119726,0.4739583333333333,1
126.09999999999498,0.3232633126827474,0.3541666666666666,1
126.14999999999498,0.3076049750658016,0.2482638888888888,1
126.19999999999497,0.27713023284686705,0.25868055555555547,1
126.24999999999497,0.2690766619155439,0.34374999999999994,1
126.29999999999497,0.26439431898690446,0.2586805555555555,1
126.34999999999496,0.2641336646807157,0.22048611111111113,1
126.39999999999496,0.2429744708880855,0.30034722222222215,1
126.44999999999496,0.23272382250221577,0.24826388888888895,1
126.49999999999496,0.23684322213268139,0.2152777777777778,1
126.54999999999495,0.2596525441359229,0.2482638888888888,1
126.59999999999495,0.2309725310377702,0.30902777777777785,1
126.64999999999495,0.2031593859130646,0.25694444444444436,1
126.69999999999494,0.2199351196948355,0.28472222222222215,1
126.74999999999494,0.24370175321659795,0.3072916666666667,1
126.79999999999494,0.23674329202457906,0.2725694444444444,1
126.84999999999494,0.24162989170115923,0.265625,1
126.89999999999493,0.22503919608569542,0.21180555555555555,1
126.94999999999493,0.2279365039892089,0.29687500000000006,1
126.99999999999493,0.21361152046723889,0.16840277777777782,1
127.04999999999492,0.1872302165018542,0.2864583333333333,1
127.09999999999492,0.19210530113505744,0.28819444444444436,1
127.14999999999492,0.19430716306937657,0.24479166666666663,1
127.19999999999492,0.20354493776782545,0.24652777777777776,1
127.24999999999491,0.20351606610602663,0.3072916666666667,1
127.29999999999491,0.21365594282078948,0.25694444444444436,1
127.3499999999949,0.20745603327766304,0.2743055555555555,1
127.3999999999949,0.23787983354389564,0.19270833333333334,1
127.4499999999949,0.209618908666218,0.23958333333333326,1
127.4999999999949,0.20383823414276714,0.22569444444444445,1
127.5499999999949,0.20180208834414112,0.345486111111111,1
127.59999999999489,0.20275360069242013,0.29687499999999994,1
127.64999999999489,0.22687591852586853,0.31250000000000006,1
127.69999999999489,0.21957772808526874,0.3177083333333334,1
127.74999999999488,0.22599259930587745,0.32465277777777785,1
127.79999999999488,0.25315515217813894,0.4166666666666667,1
127.84999999999488,0.23257156329263426,0.2829861111111111,1
127.89999999999488,0.20155077545944705,0.2621527777777778,1
127.94999999999487,0.20937654527601693,0.22395833333333337,1
127.99999999999487,0.22373532848014765,0.1875,1
128.04999999999487,0.5497183212985295,0.3975694444444444,1
128.09999999999488,0.5473851019153461,0.44791666666666674,1
128.1499999999949,0.5389515553894401,0.28472222222222227,1
128.1999999999949,0.5293095369646482,0.27083333333333326,1
128.2499999999949,0.5183446255354646,0.4444444444444445,1
128.29999999999492,0.5156223448127478,0.3020833333333334,0
128.34999999999494,0.5146662619093875,0.3281250000000001,0
128.39999999999495,0.5058353270042564,0.8229166666666666,0
128.44999999999496,0.5018497372456442,0.798611111111111,1
128.49999999999497,0.4956519333220281,0.3454861111111111,1
128.54999999999498,0.4911363142630641,0.3454861111111111,1
128.599999999995,0.4942376445680975,0.3663194444444445,1
128.649999999995,0.4858795781375776,0.3975694444444445,1
128.69999999999501,0.48123862941595863,0.36805555555555564,0
128.74999999999503,0.4682071436799197,0.7708333333333334,0
128.79999999999504,0.45382792085319384,0.8506944444444445,0
128.84999999999505,0.4480668349080581,0.3506944444444444,0
128.89999999999506,0.43914654465822256,0.37152777777777773,0
128.94999999999507,0.43772297983252,0.4114583333333333,0
128.99999999999508,0.4210902725163615,0.3159722222222223,0
129.0499999999951,0.39822300774360064,0.36284722222222215,0
129.0999999999951,0.40162128186133905,0.44618055555555564,0
129.14999999999512,0.3772752916847767,0.34374999999999994,0
129.19999999999513,0.37590484439640026,0.2881944444444444,0
129.24999999999514,0.35468315933592126,0.31250000000000006,0
129.29999999999515,0.35075086399399813,0.2864583333333333,0
129.34999999999516,0.3354226755203879,0.29687499999999994,0
129.39999999999517,0.33497106660966636,0.2760416666666667,0
129.44999999999519,0.3345460443885475,0.2881944444444444,0
129.4999999999952,0.3326449520972558,0.267361111111111,0
129.5499999999952,0.31970878971884786,0.32291666666666674,0
129.59999999999522,0.2906041205304961,0.28124999999999994,0
129.64999999999523,0.27369005313003614,0.2552083333333332,0
129.69999999999524,0.25296700677750605,0.28472222222222215,0
129.74999999999525,0.26183415722117515,0.28124999999999994,0
129.79999999999526,0.27320354749536485,0.23090277777777776,0
129.84999999999528,0.25349800185993826,0.21180555555555555,0
129.8999999999953,0.2629260307551474,0.310763888888889,0
129.9499999999953,0.24746347766296406,0.234375,0
129.9999999999953,0.24544762672525072,0.2795138888888889,0
130.04999999999532,0.21753870371670106,0.3506944444444444,0
130.09999999999533,0.22643202106790353,0.32465277777777785,0
130.14999999999534,0.23362213674732157,0.2604166666666666,0
130.19999999999536,0.2443524423526078,0.2552083333333332,0
130.24999999999537,0.22536390443767243,0.19444444444444442,0
130.29999999999538,0.192163312700435,0.2725694444444444,0
130.3499999999954,0.19947598730491,0.3229166666666665,0
130.3999999999954,0.19539518897792402,0.3177083333333334,0
130.4499999999954,0.2169953547641456,0.30034722222222215,0
130.49999999999542,0.2366311522255511,0.2864583333333333,0
130.54999999999544,0.24623124462259438,0.22743055555555558,0
130.59999999999545,0.23873088368452103,0.18055555555555555,0
130.64999999999546,0.2030768297376763,0.2604166666666666,0
130.69999999999547,0.20137561524208403,0.2795138888888889,0
130.74999999999548,0.20713787236583092,0.22048611111111108,0
130.7999999999955,0.20995593306883098,0.1909722222222222,0
130.8499999999955,0.1956967649609145,0.23784722222222213,0
130.89999999999552,0.2023486976755228,0.23611111111111113,0
130.94999999999553,0.2094392278699738,0.2795138888888889,0
130.99999999999554,0.21082216793974845,0.21180555555555555,0
131.04999999999555,0.45338528734873745,0.27430555555555547,0
131.09999999999556,0.44668339632820364,0.2847222222222221,0
131.14999999999557,0.43930341775733744,0.282986111111111,0
131.19999999999558,0.43388328072775306,0.32465277777777785,0
131.2499999999956,0.43257526956600434,0.31250000000000006,0
131.2999999999956,0.4204145831554407,0.28124999999999994,1
131.34999999999562,0.4290369560288439,0.282986111111111,1
131.39999999999563,0.42216906580041447,0.3524305555555554,1
131.44999999999564,0.3935493469157767,0.2760416666666666,1
131.49999999999565,0.38591815648063493,0.23263888888888887,1
131.54999999999566,0.38684154584881086,0.23784722222222224,1
131.59999999999567,0.38740105375523726,0.2864583333333333,1
131.64999999999569,0.37511875766518377,0.31249999999999994,1
131.6999999999957,0.3765855193855917,0.2430555555555556,1
131.7499999999957,0.37401363218201245,0.34027777777777785,1
131.79999999999572,0.35350645525996083,0.26215277777777773,1
131.84999999999573,0.3317288180494938,0.18402777777777776,1
131.89999999999574,0.32448546808381157,0.21875,1
131.94999999999575,0.3371240897507962,0.21354166666666666,1
131.99999999999577,0.31789338834804665,0.2638888888888888,1
132.04999999999578,0.28363066571010515,0.2569444444444445,1
132.0999999999958,0.2743773029251106,0.2378472222222223,1
132.1499999999958,0.2824958431798273,0.28125,1
132.1999999999958,0.28849114311625124,0.2152777777777778,1
132.24999999999582,0.29783248412553476,0.1649305555555555,1
132.29999999999583,0.28072995681811985,0.23437500000000003,1
132.34999999999584,0.27592098702207973,0.23263888888888895,1
132.39999999999586,0.25295753973914864,0.20833333333333334,1
132.44999999999587,0.23198992564642193,0.21180555555555558,1
132.49999999999588,0.20032355923461556,0.23437500000000008,1
132.5499999999959,0.18543342910210117,0.1996527777777778,1
132.5999999999959,0.18159644383268617,0.2899305555555555,1
132.6499999999959,0.15007032699292006,0.26909722222222215,1
132.69999999999592,0.1953995912709877,0.2638888888888888,1
132.74999999999594,0.21245163537025535,0.2795138888888889,1
132.79999999999595,0.19904747279119012,0.18923611111111113,1
132.84999999999596,0.2141824227947762,0.19270833333333334,1
132.89999999999597,0.20899236195218496,0.25173611111111105,1
132.94999999999598,0.2304248263884306,0.3541666666666667,1
132.999999999996,0.21613368349887288,0.29513888888888895,1
133.049999999996,0.1680064315299285,0.22395833333333334,1
133.09999999999602,0.16518377088971323,0.2795138888888889,1
133.14999999999603,0.16326295588257994,0.24652777777777782,1
133.19999999999604,0.15029060957679652,0.3350694444444444,1
133.24999999999605,0.1594356062600198,0.2447916666666667,1
133.29999999999606,0.17727020875358518,0.25694444444444453,1
133.34999999999607,0.18068216272413495,0.32118055555555547,1
133.39999999999608,0.14254243288825993,0.2881944444444444,1
133.4499999999961,0.16456839498989925,0.31944444444444436,1
133.4999999999961,0.18583502173270536,0.23090277777777776,1
133.54999999999612,0.22650895711541494,0.2256944444444445,1
133.59999999999613,0.24925921656029762,0.25694444444444436,1
133.64999999999614,0.24462698764566954,0.2100694444444445,1
133.69999999999615,0.22528575430302525,0.19791666666666666,1
133.74999999999616,0.20570688130745887,0.329861111111111,1
133.79999999999617,0.19076410585472217,0.21354166666666666,1
133.8499999999962,0.16193712539940194,0.2690972222222222,1
133.8999999999962,0.176916773908805,0.2621527777777777,1
133.9499999999962,0.192286016835756,0.28124999999999994,1
133.99999999999622,0.21236576874617694,0.30729166666666674,1
134.04999999999623,0.662571590212645,0.3993055555555555,1
134.09999999999624,0.6552590599929747,0.3680555555555555,1
134.14999999999625,0.6467602003569397,0.342013888888889,1
134.19999999999627,0.637786471813372,0.45138888888888884,1
134.24999999999628,0.6241400569275252,0.41840277777777773,1
134.2999999999963,0.6145697152613521,0.34548611111111116,1
134.3499999999963,0.5967417132662302,0.49826388888888884,1
134.3999999999963,0.5836116380817324,0.49826388888888884,1
134.44999999999632,0.570847100263061,0.5190972222222222,1
134.49999999999633,0.5557134432736398,0.5399305555555555,1
134.54999999999634,0.5410798555752498,0.685763888888889,1
134.59999999999636,0.5305810281837026,0.685763888888889,0
134.64999999999637,0.5212224783369852,0.685763888888889,1
134.69999999999638,0.5088041926832773,0.685763888888889,1
134.7499999999964,0.49737651942332994,0.685763888888889,0
134.7999999999964,0.4914078422901136,0.685763888888889,0
134.8499999999964,0.4842762248541173,0.6631944444444445,0
134.89999999999642,0.4799297447069375,0.2621527777777777,0
134.94999999999644,0.4768602945970641,0.3402777777777777,0
134.99999999999645,0.4812299210246683,0.2881944444444444,0
135.04999999999646,0.6054566027941826,0.3454861111111111,0
135.09999999999647,0.5913073743496435,0.37673611111111116,0
135.14999999999648,0.5785059855652135,0.3576388888888889,0
135.1999999999965,0.5621332992346928,0.3663194444444444,1
135.2499999999965,0.5433595343389576,0.28124999999999994,1
135.29999999999652,0.5287382267543267,0.26215277777777785,1
135.34999999999653,0.5153112444630901,0.2760416666666666,1
135.39999999999654,0.48197696692219444,0.3038194444444445,1
135.44999999999655,0.4605380504131401,0.3229166666666667,1
135.49999999999656,0.42930501502730883,0.35937499999999994,1
135.54999999999657,0.380785107876872,0.3524305555555555,1
135.59999999999658,0.3524648067903228,0.21354166666666666,1
135.6499999999966,0.29813858453004666,0.35416666666666674,1
135.6999999999966,0.2843313119342922,0.2760416666666666,1
135.74999999999662,0.2731440276830266,0.3802083333333333,1
135.79999999999663,0.23301491200607238,0.19270833333333334,1
135.84999999999664,0.23041242259295702,0.27256944444444436,1
135.89999999999665,0.22713631323965983,0.20659722222222224,1
135.94999999999666,0.2207869720177808,0.28819444444444453,1
135.99999999999667,0.1708645604057737,0.2864583333333333,1
136.0499999999967,0.3122222372830417,0.2934027777777778,1
136.0999999999967,0.29045671739580115,0.3368055555555555,1
136.1499999999967,0.2797728755562232,0.2586805555555555,1
136.19999999999672,0.26984938107062584,0.23611111111111116,1
136.24999999999673,0.28276116196664614,0.30381944444444453,1
136.29999999999674,0.22785476927439177,0.2708333333333333,1
136.34999999999675,0.224564988487044,0.23958333333333326,1
136.39999999999677,0.2464069068587608,0.1875,1
136.44999999999678,0.24759015850848376,0.28645833333333337,1
136.4999999999968,0.2406743850299199,0.37847222222222227,1
136.5499999999968,0.2516988829690746,0.25173611111111105,1
136.5999999999968,0.23423209293891709,0.21701388888888892,1
136.64999999999682,0.22601594671662567,0.24305555555555547,1
136.69999999999683,0.217286051763744,0.29513888888888895,1
136.74999999999685,0.2185658405960333,0.2447916666666666,1
136.79999999999686,0.19783199803685522,0.21875000000000003,1
136.84999999999687,0.22045320509473249,0.33854166666666674,1
136.89999999999688,0.20646073883092633,0.18402777777777776,1
136.9499999999969,0.21493290966796075,0.3020833333333334,1
136.9999999999969,0.19695029094924116,0.23090277777777768,1
137.0499999999969,0.38079437213263506,0.26909722222222227,1
137.09999999999692,0.3867239471028515,0.31597222222222215,1
137.14999999999694,0.3692976094670463,0.28125,1
137.19999999999695,0.36890160585756,0.34027777777777785,1
137.24999999999696,0.3453315534760303,0.25347222222222227,1
137.29999999999697,0.32809832999592414,0.29166666666666674,1
137.34999999999698,0.3448565998155455,0.2760416666666667,1
137.399999999997,0.3309039954404238,0.265625,1
137.449999999997,0.3146378771688674,0.25868055555555547,1
137.49999999999702,0.29744509064166386,0.265625,1
137.54999999999703,0.2834204832299701,0.298611111111111,1
137.59999999999704,0.2783160011088741,0.15798611111111116,1
137.64999999999705,0.2677082997990578,0.22569444444444445,1
137.69999999999706,0.22759973650427912,0.2552083333333333,1
137.74999999999707,0.19934062264532498,0.3263888888888888,1
137.79999999999708,0.21264576091526982,0.26215277777777773,1
137.8499999999971,0.19487096791903105,0.19618055555555555,1
137.8999999999971,0.20442250486315866,0.19791666666666666,1
137.94999999999712,0.20775099651906195,0.3697916666666666,1
137.99999999999713,0.20366713733376385,0.3454861111111111,1
138.04999999999714,0.15784448072614546,0.23611111111111108,1
138.09999999999715,0.17079985095277783,0.2760416666666667,1
138.14999999999716,0.5971032899572916,0.27604166666666674,1
138.19999999999717,0.6012972029628484,0.22916666666666666,1
138.2499999999972,0.5906818049982434,0.3038194444444446,1
138.2999999999972,0.5806357344428683,0.29340277777777785,1
138.3499999999972,0.5607835220328988,0.20659722222222224,1
138.39999999999722,0.5426151128018596,0.2291666666666666,1
138.44999999999723,0.5079813142862579,0.24305555555555558,1
138.49999999999724,0.4776377000787318,0.30208333333333337,1
138.54999999999725,0.462630501348992,0.31944444444444436,1
138.59999999999727,0.4480798056117965,0.23090277777777776,1
138.64999999999728,0.4544780599344781,0.34722222222222215,1
138.6999999999973,0.46760020432620125,0.28472222222222227,1
138.7499999999973,0.45140115138997167,0.28472222222222227,1
138.7999999999973,0.46348442299456677,0.2586805555555556,1
138.84999999999732,0.4579101557370199,0.3506944444444445,1
138.89999999999733,0.44169115436941736,0.28472222222222227,1
138.94999999999735,0.41062166453967575,0.22916666666666663,1
138.99999999999736,0.41869540027862234,0.2291666666666667,1
139.04999999999737,0.48840138790319937,0.19618055555555555,1
139.09999999999738,0.4287743687450955,0.3645833333333333,1
139.1499999999974,0.4057896133822584,0.2222222222222223,1
139.1999999999974,0.465415681292821,0.2569444444444445,1
139.2499999999974,0.4369300994327441,0.2673611111111111,1
139.29999999999742,0.4266869073281548,0.2395833333333333,1
139.34999999999744,0.42044833396326126,0.16319444444444445,1
139.39999999999745,0.395301844751258,0.18055555555555555,1
139.44999999999746,0.3650474432342505,0.23090277777777776,1
139.49999999999747,0.3368816368771383,0.18923611111111113,1
139.54999999999748,0.3165038592455128,0.3263888888888889,1
139.5999999999975,0.35481321756403356,0.2743055555555556,1
139.6499999999975,0.3399063560787106,0.2586805555555556,1
139.69999999999752,0.33090122794791965,0.2934027777777779,1
139.74999999999753,0.32057141179627424,0.2743055555555556,1
139.79999999999754,0.28534676002009196,0.21180555555555555,1
139.84999999999755,0.27914423460208837,0.21354166666666666,1
139.89999999999756,0.23255807415669447,0.329861111111111,1
139.94999999999757,0.19796320556607633,0.32638888888888884,1
139.99999999999758,0.2362049867239684,0.2673611111111111,1
140.0499999999976,0.6715455012084568,0.32465277777777773,1
140.0999999999976,0.6080189771030811,0.28993055555555564,1
140.14999999999762,0.5929801003571413,0.21006944444444442,1
140.19999999999763,0.606032948381784,0.23090277777777776,1
140.24999999999764,0.5847056283124415,0.25,1
140.29999999999765,0.9999999798197171,0.35590277777777785,1
140.34999999999766,0.5341799200362473,0.28993055555555564,1
140.39999999999768,0.5607792642841806,0.3454861111111111,1
140.4499999999977,0.550380418546274,0.2621527777777778,1
140.4999999999977,0.9999999735080516,0.24131944444444442,1
140.5499999999977,0.999999972500525,0.2881944444444446,1
140.59999999999772,0.5440656127316786,0.21180555555555555,1
140.64999999999773,0.5201132972278191,0.23090277777777776,1
140.69999999999774,0.4633622055615141,0.234375,1
140.74999999999775,0.490258269967939,0.18576388888888892,1
140.79999999999777,0.4640535483859913,0.2378472222222222,1
140.84999999999778,0.4871401502912997,0.35763888888888884,1
140.8999999999978,0.5161756416955698,0.28993055555555547,1
140.9499999999978,0.44641191131144786,0.17881944444444445,1
140.9999999999978,0.4057030412615411,0.2743055555555555,1
141.04999999999782,0.7355509727382139,0.375,1
141.09999999999783,0.7258202346329934,0.3680555555555556,1
141.14999999999785,0.7231704930005229,0.3333333333333333,1
141.19999999999786,0.7171062221777834,0.28125,1
141.24999999999787,0.7137549831431752,0.22743055555555558,1
141.29999999999788,0.7041554662828284,0.2152777777777778,1
141.3499999999979,0.6886790486386453,0.2916666666666667,1
141.3999999999979,0.6878328709002434,0.23958333333333334,1
141.4499999999979,0.6776278941953005,0.19444444444444445,1
141.49999999999793,0.6672123829311608,0.30555555555555564,1
141.54999999999794,0.6558506290350592,0.28125000000000006,1
141.59999999999795,0.6468437178348756,0.19097222222222224,1
141.64999999999796,0.6373541085996223,0.2309027777777778,1
141.69999999999797,0.6423622436087774,0.21354166666666666,1
141.74999999999798,0.6363064247943219,0.23958333333333334,1
141.799999999998,0.6154691032684942,0.2743055555555555,1
141.849999999998,0.6148869021222396,0.23090277777777776,1
141.89999999999802,0.6038179911445563,0.22395833333333334,1
141.94999999999803,0.5954703414361138,0.265625,1
141.99999999999804,0.5862034646063676,0.25,1
142.04999999999805,0.5590135917883273,0.23437500000000003,1
142.09999999999806,0.5438021460566839,0.2447916666666667,1
142.14999999999807,0.5331652573170025,0.17881944444444445,1
142.19999999999808,0.5158215401805012,0.34027777777777785,1
142.2499999999981,0.48308749444760374,0.18576388888888887,1
142.2999999999981,0.46750024317706007,0.17534722222222224,1
142.34999999999812,0.45880606739443996,0.20138888888888887,1
142.39999999999813,0.465343598344181,0.22048611111111113,1
142.44999999999814,0.4451851934491163,0.2291666666666667,1
142.49999999999815,0.41674345233576804,0.29340277777777785,1
142.54999999999816,0.4147206712597204,0.20486111111111108,1
142.59999999999818,0.38960231012342617,0.11979166666666667,1
142.6499999999982,0.3764213202448066,0.2552083333333333,1
142.6999999999982,0.4177713793797577,0.17013888888888892,1
142.7499999999982,0.4032563721249009,0.2586805555555556,1
142.79999999999822,0.39917737742135284,0.1822916666666667,1
142.84999999999823,0.37255222556801576,0.21875,1
142.89999999999824,0.40558058799740465,0.2864583333333334,1
142.94999999999825,0.36701189323954014,0.21527777777777776,1
142.99999999999827,0.3247122813232931,0.21701388888888887,1
143.04999999999828,0.6903747260422,0.24131944444444442,1
143.0999999999983,0.682302588281672,0.25520833333333326,1
143.1499999999983,0.6868032639327258,0.29513888888888884,1
143.1999999999983,0.6710510033079573,0.25347222222222215,1
143.24999999999832,0.6841762640727509,0.26562499999999994,1
143.29999999999833,0.6771874650760643,0.2951388888888888,1
143.34999999999835,0.6700945855465403,0.31770833333333326,1
143.39999999999836,0.6578998529496101,0.27777777777777773,1
143.44999999999837,0.6571002902066243,0.2552083333333333,1
143.49999999999838,0.7035931460206191,0.22916666666666663,1
143.5499999999984,0.6886896121994068,0.2743055555555555,1
143.5999999999984,0.6280043174704485,0.2517361111111111,1
143.6499999999984,0.6266549917059195,0.2256944444444444,1
143.69999999999843,0.6165757066400489,0.2083333333333333,1
143.74999999999844,0.616173296878499,0.27951388888888884,1
143.79999999999845,0.999999977723972,0.26562499999999994,1
143.84999999999846,0.5853062044799029,0.24479166666666663,1
143.89999999999847,0.5748674624712904,0.24479166666666663,1
143.94999999999848,0.5669205254413513,0.24479166666666663,1
143.9999999999985,0.5626118326899646,0.24479166666666663,1
144.0499999999985,0.7014556629309588,0.28645833333333337,1
144.09999999999852,0.6962746337312284,0.2777777777777778,1
144.14999999999853,0.6907949100987143,0.17361111111111105,1
144.19999999999854,0.6913742365647743,0.1388888888888889,1
144.24999999999855,0.7361213133638064,0.1388888888888889,1
144.29999999999856,0.6691819399424368,0.1388888888888889,1
144.34999999999857,0.653952017169826,0.1388888888888889,1
144.39999999999858,0.9999999861827289,0.1666666666666666,0
144.4499999999986,0.9999999999999976,0.6111111111111113,0
144.4999999999986,0.9999999999999933,0.5972222222222223,0
144.54999999999862,0.9999999999999895,0.3368055555555555,0
144.59999999999863,0.9999999999999856,0.3489583333333333,0
144.64999999999864,0.9999999999999925,0.18576388888888895,0
144.69999999999865,0.9999999820692506,0.30555555555555564,0
144.74999999999866,0.9999999903326422,0.2152777777777778,0
144.79999999999868,0.999999999999992,0.20138888888888887,0
144.8499999999987,0.6134172676199133,0.19097222222222224,0
144.8999999999987,0.9999999817078671,0.2569444444444445,0
144.9499999999987,0.6601411229265944,0.18923611111111113,0
144.99999999999872,0.556349585937146,0.24305555555555558,0
145.04999999999873,0.7011361305999074,0.24131944444444445,0
145.09999999999874,0.7109285348630985,0.2951388888888889,0
145.14999999999876,0.7031333164256642,0.2847222222222222,0
145.19999999999877,0.6825085051950842,0.29340277777777785,0
145.24999999999878,0.673930986460636,0.24826388888888892,0
145.2999999999988,0.6980171177592678,0.32638888888888884,1
145.3499999999988,0.6640869842802969,0.25000000000000006,1
145.3999999999988,0.6608847677425127,0.31076388888888895,1
145.44999999999882,0.6759372773119138,0.28125,1
145.49999999999883,0.6756169050329173,0.31076388888888895,1
145.54999999999885,0.9999999832693359,0.2777777777777778,1
145.59999999999886,0.9999999811611898,0.2309027777777778,1
145.64999999999887,0.602278016862875,0.2621527777777778,1
145.69999999999888,0.6007251408211046,0.21006944444444445,1
145.7499999999989,0.5772851389616547,0.30729166666666674,1
145.7999999999989,0.6193185081490985,0.2152777777777778,1
145.84999999999891,0.5648571620920507,0.21875,1
145.89999999999893,0.5738240017847814,0.23958333333333337,1
145.94999999999894,0.5712200881589288,0.19444444444444445,1
145.99999999999895,0.5551295333195323,0.22569444444444445,1
146.04999999999896,0.877220965024766,0.45138888888888884,1
146.09999999999897,0.8741725953877053,0.4131944444444445,1
146.14999999999898,0.8704648032334359,0.3315972222222222,1
146.199999999999,0.8625612342358,0.3802083333333333,1
146.249999999999,0.8587394468740399,0.420138888888889,1
146.29999999999902,0.8518920570472507,0.3489583333333333,1
146.34999999999903,0.8476577813631229,0.4305555555555556,1
146.39999999999904,0.8424306737534578,0.3975694444444445,1
146.44999999999905,0.8326179292061565,0.32812500000000006,1
146.49999999999906,0.8238664985980947,0.37673611111111116,1
146.54999999999907,0.8152840971797435,0.2986111111111111,0
146.59999999999908,0.8076367554189847,0.37847222222222215,0
146.6499999999991,0.8027634442471071,0.6753472222222223,0
146.6999999999991,0.8086842996458916,0.45486111111111116,0
146.74999999999912,0.782558492846882,0.3888888888888889,0
146.79999999999913,0.7710879652057077,0.40277777777777773,1
146.84999999999914,0.7834221661777576,0.40972222222222227,1
146.89999999999915,0.8146128215175029,0.2222222222222222,1
146.94999999999916,0.7398468765935811,0.3194444444444445,1
146.99999999999918,0.7533666551016517,0.3368055555555555,1
147.0499999999992,0.771688455923032,0.3958333333333334,1
147.0999999999992,0.7642633934385844,0.23784722222222218,1
147.1499999999992,0.9999999877781607,0.3159722222222222,1
147.19999999999922,0.9999999869597803,0.3923611111111111,1
147.24999999999923,0.7171999742574386,0.3663194444444444,1
147.29999999999924,0.7114582864428431,0.19444444444444445,1
147.34999999999926,0.7509935082994846,0.13020833333333331,1
147.39999999999927,0.9999999827133714,0.23263888888888884,1
147.44999999999928,0.9999999818798955,0.3038194444444445,1
147.4999999999993,0.9999999903098712,0.25868055555555547,1
147.5499999999993,0.9999999895858656,0.420138888888889,1
147.5999999999993,0.6197606020697503,0.251736111111111,1
147.64999999999932,0.6171027156333708,0.23784722222222218,1
147.69999999999933,0.5672722012775109,0.4149305555555556,1
147.74999999999935,0.5548035067110002,0.2083333333333333,1
147.79999999999936,0.5594306592130757,0.3385416666666666,1
147.84999999999937,0.5573870012130668,0.34375,1
147.89999999999938,0.5452420688198555,0.2690972222222222,1
147.9499999999994,0.5079753468289884,0.265625,1
147.9999999999994,0.5183065739264703,0.18923611111111113,1
148.04999999999941,0.9999999427850107,0.16493055555555555,1
148.09999999999943,0.46295700236063647,0.3524305555555556,1
148.14999999999944,0.4453383130734101,0.32812499999999994,1
148.19999999999945,0.4133066700850349,0.25520833333333337,1
148.24999999999946,0.9999998703608484,0.20486111111111113,1
148.29999999999947,0.9999998114186168,0.30381944444444453,1
148.34999999999948,0.9999998739646359,0.19270833333333334,1
148.3999999999995,0.27319532412551295,0.2673611111111111,1
148.4499999999995,0.999999915309189,0.24305555555555555,1
148.49999999999952,0.9999997674062783,0.2326388888888888,1
148.54999999999953,0.9999999018693011,0.3350694444444444,1
148.59999999999954,0.9999999347323747,0.29340277777777785,1
148.64999999999955,0.23868169782973891,0.279513888888889,1
148.69999999999956,0.9999998382601413,0.33506944444444436,1
148.74999999999957,0.215554761633116,0.3454861111111111,1
148.79999999999959,0.9999998850179233,0.3854166666666667,1
148.8499999999996,0.30887395546939506,0.2638888888888889,1
148.8999999999996,0.30518060494699967,0.34375,1
148.94999999999962,0.3163039526462396,0.20138888888888887,1
148.99999999999963,0.301495260059702,0.39062500000000006,1
149.04999999999964,0.3071028540918487,0.18229166666666666,1
149.09999999999965,0.3292031959187159,0.32812499999999994,1
149.14999999999966,0.25863722700590575,0.2743055555555555,1
149.19999999999968,0.9999999999998341,0.2847222222222222,1
149.2499999999997,0.30007623346690154,0.17708333333333334,1
149.2999999999997,0.26999035540051886,0.29513888888888884,1
149.3499999999997,0.2538425448520024,0.30902777777777773,1
149.39999999999972,0.9999999999997085,0.4131944444444444,1
149.44999999999973,0.9999999999994812,0.36284722222222215,1
149.49999999999974,0.999999624280242,0.38888888888888884,1
149.54999999999976,0.9999997820244014,0.3055555555555556,1
149.59999999999977,0.9999996399814662,0.26909722222222215,1
149.64999999999978,0.9999999505510703,0.23784722222222213,1
149.6999999999998,0.31724483559940386,0.267361111111111,1
149.7499999999998,0.2364524333648377,0.2430555555555555,1
149.7999999999998,0.31060679334593017,0.296875,1
149.84999999999982,0.30795541186169845,0.24826388888888884,1
149.89999999999984,0.26787905943834883,0.2951388888888889,1
149.94999999999985,0.2502763520159378,0.2465277777777777,1
149.99999999999986,0.9999999999976646,0.2708333333333333,1
150.04999999999987,0.999999925024484,0.3107638888888889,1
150.09999999999988,0.9999999999999474,0.3663194444444444,1
150.1499999999999,0.4075436066952462,0.2864583333333333,1
150.1999999999999,0.329622103566105,0.4357638888888889,1
150.24999999999991,0.9999998527907056,0.25347222222222215,1
150.29999999999993,0.30387922260525635,0.23611111111111105,1
150.34999999999994,0.31286425668230416,0.27604166666666663,1
150.39999999999995,0.23848833337782918,0.26562499999999994,1
150.44999999999996,0.9999977954738406,0.20659722222222224,1
150.49999999999997,0.9999999999999557,0.19965277777777776,1
150.54999999999998,0.21901979339742575,0.23784722222222218,1
150.6,0.2773468341387984,0.30902777777777785,1
150.65,0.24159906578411056,0.3958333333333333,1
150.70000000000002,0.3994888949126117,0.25000000000000006,1
150.75000000000003,0.3927141012456711,0.22048611111111113,1
150.80000000000004,0.3839612142644784,0.3298611111111111,1
150.85000000000005,0.3767947876557626,0.29861111111111116,1
150.90000000000006,0.3686241869431345,0.390625,1
150.95000000000007,0.35261974040763283,0.359375,1
151.00000000000009,0.35005327149248333,0.4479166666666667,1
151.0500000000001,0.3304531583648921,0.2795138888888889,1
151.1000000000001,0.30680511451995157,0.2795138888888889,1
151.15000000000012,0.28893731899361186,0.2795138888888889,1
151.20000000000013,0.2670817881957527,0.2795138888888889,1
151.25000000000014,0.24966197064417348,0.2795138888888889,1
151.30000000000015,0.24503577260205572,0.2795138888888889,1
151.35000000000016,0.23944204021696067,0.3020833333333333,1
151.40000000000018,0.23268067493009043,0.6857638888888888,0
151.4500000000002,0.24354117972582087,0.4600694444444444,0
151.5000000000002,0.24329463137660193,0.7309027777777777,0
151.5500000000002,0.24732294558883802,0.7309027777777777,0
151.60000000000022,0.2437060761145373,0.7309027777777777,0
151.65000000000023,0.23402476250688162,0.7309027777777777,0
151.70000000000024,0.23189675312828453,0.7309027777777777,1
151.75000000000026,0.2362840557655665,0.7309027777777777,1
151.80000000000027,0.2463912438117677,0.7309027777777777,1
151.85000000000028,0.25175460582989173,0.7309027777777777,1
151.9000000000003,0.258515551206066,0.7309027777777777,0
151.9500000000003,0.26692501682788183,0.7309027777777777,0
152.0000000000003,0.27978933365105063,0.704861111111111,0
152.05000000000032,0.28894686550136095,0.2916666666666667,0
152.10000000000034,0.2810807756968609,0.3038194444444444,0
152.15000000000035,0.27047734940693285,0.3038194444444445,0
152.20000000000036,0.2492184101868504,0.2829861111111111,0
152.25000000000037,0.22639038396444536,0.3055555555555556,0
152.30000000000038,0.23907065580483963,0.3055555555555556,0
152.3500000000004,0.25956610563720917,0.2881944444444444,0
152.4000000000004,0.2828377859259589,0.3263888888888889,0
152.45000000000041,0.28974690743117104,0.31423611111111116,0
152.50000000000043,0.28112986154031366,0.2552083333333333,0
152.55000000000044,0.2583047156374261,0.30902777777777785,0
152.60000000000045,0.2557498721784359,0.23437499999999997,0
152.65000000000046,0.2624087831540523,0.24826388888888887,0
152.70000000000047,0.2543674557214051,0.32638888888888884,0
152.75000000000048,0.2524568094265107,0.22048611111111105,0
152.8000000000005,0.2433229646452198,0.28125,0
152.8500000000005,0.21045417574264416,0.1909722222222222,0
152.90000000000052,0.193801748969532,0.15104166666666666,0
152.95000000000053,0.1802103433305183,0.3055555555555555,0
153.00000000000054,0.177728872718908,0.2951388888888889,0
153.05000000000055,0.20055202028900995,0.26388888888888884,0
153.10000000000056,0.2163789418470514,0.32986111111111105,0
153.15000000000057,0.2122523620804794,0.3680555555555555,0
153.20000000000059,0.21151938609535342,0.2239583333333333,0
153.2500000000006,0.17725298134091105,0.28125,0
153.3000000000006,0.2060915677746579,0.2743055555555555,0
153.35000000000062,0.17828583693969807,0.1996527777777778,0
153.40000000000063,0.18589631229683162,0.34375,0
153.45000000000064,0.21065473958634326,0.265625,0
153.50000000000065,0.22227973646666596,0.2916666666666667,0
153.55000000000067,0.2365811096126637,0.2256944444444444,0
153.60000000000068,0.19013618644130673,0.2673611111111111,0
153.6500000000007,0.18937772624573096,0.2569444444444445,0
153.7000000000007,0.17375880417114017,0.4270833333333333,0
153.7500000000007,0.17568484930751987,0.20486111111111108,0
153.80000000000072,0.18275169709131192,0.3038194444444444,0
153.85000000000073,0.16814115599423538,0.23784722222222218,0
153.90000000000074,0.15341659113248465,0.32291666666666663,0
153.95000000000076,0.17407733590683908,0.31597222222222227,0
154.00000000000077,0.3513584041803845,0.4635416666666667,0
154.05000000000078,0.3522559980852719,0.2430555555555555,0
154.1000000000008,0.322104784501307,0.3385416666666666,0
154.1500000000008,0.302972719247771,0.26562499999999994,0
154.2000000000008,0.29903299350829265,0.22916666666666663,0
154.25000000000082,0.28903610115646955,0.2430555555555555,0
154.30000000000084,0.2966877569111464,0.3506944444444444,0
154.35000000000085,0.29916975476576535,0.22916666666666663,0
154.40000000000086,0.30395689690745786,0.2829861111111111,0
154.45000000000087,0.29429082313681654,0.20486111111111113,0
154.50000000000088,0.27723618204808875,0.21701388888888887,0
154.5500000000009,0.27159924316341033,0.23263888888888887,0
154.6000000000009,0.26231500111513983,0.28125,0
154.65000000000092,0.2692842871195787,0.2864583333333333,0
154.70000000000093,0.26468173835288283,0.3229166666666667,0
154.75000000000094,0.25920656079372967,0.1909722222222223,0
154.80000000000095,0.229422286951592,0.22395833333333334,0
154.85000000000096,0.21571528665021847,0.31944444444444453,0
154.90000000000097,0.23022900994917148,0.32638888888888895,0
154.95000000000098,0.22760306797684024,0.32638888888888895,0
155.000000000001,0.4683899469580169,0.3055555555555555,0
155.050000000001,0.46771581828379866,0.3246527777777778,0
155.10000000000102,0.4625072042512939,0.3472222222222221,0
155.15000000000103,0.4551094031721054,0.2986111111111111,0
155.20000000000104,0.4444547141468852,0.27604166666666663,1
155.25000000000105,0.44255403063955334,0.2916666666666667,1
155.30000000000106,0.45008166526815485,0.3142361111111111,1
155.35000000000107,0.44510056425010625,0.27256944444444436,1
155.40000000000109,0.4303623225192576,0.24131944444444445,1
155.4500000000011,0.4231863069564048,0.27951388888888884,1
155.5000000000011,0.4138554371218889,0.24305555555555555,1
155.55000000000112,0.41950421447319713,0.2795138888888889,1
155.60000000000113,0.41941725562639065,0.3836805555555555,1
155.65000000000114,0.42232808170235614,0.3836805555555555,1
155.70000000000115,0.4198452971966999,0.3836805555555555,1
155.75000000000117,0.4173252368227341,0.3836805555555555,1
155.80000000000118,0.41960651384670455,0.24826388888888887,1
155.8500000000012,0.41251492970348236,0.5729166666666666,0
155.9000000000012,0.400967761224975,0.5729166666666666,0
155.9500000000012,0.3881613034221069,0.5729166666666666,1
156.00000000000122,0.6353267377704273,0.6458333333333334,1
156.05000000000123,0.6337293722411979,0.6458333333333334,0
156.10000000000124,0.628107184494636,0.6458333333333334,1
156.15000000000126,0.6220209341854248,0.6458333333333334,1
156.20000000000127,0.616279134109565,0.6458333333333334,0
156.25000000000128,0.6097353640061975,0.6805555555555557,0
156.3000000000013,0.6053405812934756,0.6614583333333334,0
156.3500000000013,0.6000614634334644,0.33680555555555564,0
156.4000000000013,0.5953461927151651,0.28298611111111116,0
156.45000000000132,0.586374996367728,0.22048611111111116,0
156.50000000000134,0.5814923838505677,0.2413194444444444,0
156.55000000000135,0.5702762047094386,0.1996527777777778,0
156.60000000000136,0.568162449460474,0.25347222222222215,0
156.65000000000137,0.5619570735717947,0.2777777777777778,0
156.70000000000138,0.5569805404073318,0.2222222222222223,0
156.7500000000014,0.5443780005143898,0.3229166666666666,0
156.8000000000014,0.5303932733247247,0.2378472222222223,0
156.85000000000142,0.5190901033888667,0.35416666666666674,0
156.90000000000143,0.5189956606140514,0.234375,0
156.95000000000144,0.5121696496938682,0.26562499999999994,0
157.00000000000145,0.5014262070655856,0.26215277777777773,0
157.05000000000146,0.5082279793982403,0.3194444444444444,0
157.10000000000147,0.504735415979898,0.3090277777777777,0
157.15000000000148,0.4972221434518224,0.25347222222222215,0
157.2000000000015,0.48364373183084625,0.2256944444444445,0
157.2500000000015,0.46685398780833337,0.19791666666666666,0
157.30000000000152,0.4436417413681791,0.17881944444444445,0
157.35000000000153,0.4408342321420503,0.1909722222222222,0
157.40000000000154,0.42802627705590346,0.21701388888888895,0
157.45000000000155,0.42362375296298826,0.19791666666666666,0
157.50000000000156,0.412292001477752,0.24999999999999992,0
157.55000000000157,0.4005995976003871,0.25173611111111105,0
157.6000000000016,0.3823066380707113,0.20138888888888887,0
157.6500000000016,0.38040261785606694,0.2743055555555555,0
157.7000000000016,0.36880408162329975,0.3194444444444444,0
157.75000000000162,0.34257909342073295,0.25173611111111116,0
157.80000000000163,0.3380625948215845,0.36284722222222215,0
157.85000000000164,0.3355338415237477,0.3177083333333333,0
157.90000000000165,0.3292488275038457,0.2743055555555556,0
157.95000000000167,0.3438950309289747,0.2673611111111111,0
158.00000000000168,0.35304979608525955,0.2760416666666666,0
158.0500000000017,0.34274740976515095,0.3385416666666667,0
158.1000000000017,0.3116827189396886,0.2638888888888889,0
158.1500000000017,0.2956303937332971,0.20138888888888887,0
158.20000000000172,0.27223278923278194,0.28472222222222227,0
158.25000000000173,0.25402819053782394,0.20138888888888884,0
158.30000000000175,0.2382777488907831,0.2743055555555555,0
158.35000000000176,0.2168181242059613,0.24999999999999997,0
158.40000000000177,0.23369074277579502,0.2291666666666667,0
158.45000000000178,0.21247674033273775,0.2309027777777778,0
158.5000000000018,0.22850083871464213,0.26041666666666663,0
158.5500000000018,0.22833374237034473,0.3003472222222223,0
158.6000000000018,0.21161174471132727,0.19618055555555555,0
158.65000000000182,0.21178454558091772,0.30381944444444453,0
158.70000000000184,0.20432052948697627,0.22395833333333337,0
158.75000000000185,0.18815325178728823,0.19618055555555555,0
158.80000000000186,0.19220500053754133,0.20486111111111105,0
158.85000000000187,0.19463645516326247,0.2569444444444444,0
158.90000000000188,0.17120261520599148,0.3125000000000001,0
158.9500000000019,0.16129188934899497,0.295138888888889,0
159.0000000000019,0.5573578875667352,0.4270833333333335,0
159.05000000000192,0.5580664076784703,0.39409722222222215,0
159.10000000000193,0.5525466613286236,0.3854166666666667,0
159.15000000000194,0.538913914361087,0.3819444444444444,0
159.20000000000195,0.5283264561083029,0.342013888888889,0
159.25000000000196,0.5164817548039466,0.28298611111111116,0
159.30000000000197,0.510489130955457,0.36284722222222227,1
159.35000000000198,0.4904667562304134,0.3055555555555555,1
159.400000000002,0.4784146358571514,0.3732638888888889,1
159.450000000002,0.4732350786950375,0.30381944444444436,1
159.50000000000202,0.44888016028149647,0.3229166666666667,1
159.55000000000203,0.43327826363340616,0.38715277777777785,1
159.60000000000204,0.42807685294900855,0.36458333333333326,1
159.65000000000205,0.40409468139722604,0.34722222222222227,1
159.70000000000206,0.3837908225708875,0.3663194444444444,1
159.75000000000207,0.36904600492452266,0.34027777777777785,0
159.8000000000021,0.328856662619891,0.3506944444444445,0
159.8500000000021,0.2961850082011478,0.3888888888888889,1
159.9000000000021,0.2628193396396526,0.6024305555555554,1
159.95000000000212,0.24548674163986575,0.6024305555555554,0
160.00000000000213,0.5726586729393768,0.6163194444444443,0
160.05000000000214,0.5716662547958953,0.6006944444444443,0
160.10000000000215,0.5760736612891088,0.42534722222222215,0
160.15000000000217,0.5638273682812556,0.3541666666666667,0
160.20000000000218,0.5444514854344307,0.39409722222222227,1
160.2500000000022,0.522899435907583,0.2934027777777779,1
160.3000000000022,0.5160297643392763,0.2916666666666668,1
160.3500000000022,0.5021143961662151,0.2968749999999999,1
160.40000000000222,0.48959555585470543,0.2916666666666668,1
160.45000000000223,0.4876567165191014,0.265625,1
160.50000000000225,0.4643129190477712,0.3020833333333334,1
160.55000000000226,0.43915530128557884,0.37152777777777785,1
160.60000000000227,0.4078001797450698,0.36111111111111116,1
160.65000000000228,0.38357634510813815,0.34027777777777785,1
160.7000000000023,0.37145722916843205,0.33159722222222227,1
160.7500000000023,0.344785386028656,0.359375,1
160.8000000000023,0.3249951215912852,0.3524305555555556,1
160.85000000000232,0.31548640105594683,0.4010416666666667,1
160.90000000000234,0.31055920637534784,0.29340277777777785,1
160.95000000000235,0.2954472114805384,0.24652777777777768,1
161.00000000000236,0.26241889807773056,0.35416666666666674,1
161.05000000000237,0.25186115805776105,0.3663194444444444,1
161.10000000000238,0.24802225711916015,0.3350694444444446,1
161.1500000000024,0.23353468411993664,0.34027777777777785,1
161.2000000000024,0.23939854151046316,0.295138888888889,1
161.25000000000242,0.23248999161281003,0.3350694444444444,1
161.30000000000243,0.22619030942688642,0.3524305555555556,1
161.35000000000244,0.215475586164684,0.37326388888888884,1
161.40000000000245,0.20710686820207308,0.26388888888888884,1
161.45000000000246,0.2008244805574785,0.3385416666666667,1
161.50000000000247,0.1954098204823929,0.3385416666666667,1
161.55000000000248,0.22148943140293673,0.24826388888888876,1
161.6000000000025,0.2347486476256128,0.34548611111111116,1
161.6500000000025,0.21432767581156398,0.26562499999999994,1
161.70000000000252,0.20636492210797192,0.24652777777777765,1
161.75000000000253,0.2071075473040664,0.32118055555555547,1
161.80000000000254,0.21584454016283577,0.24131944444444434,1
161.85000000000255,0.21381569885934415,0.36805555555555564,1
161.90000000000256,0.20509299623645902,0.30555555555555547,1
161.95000000000258,0.22065317708641405,0.34375000000000006,1
162.0000000000026,0.3155262287252449,0.46874999999999994,1
162.0500000000026,0.3193143647617005,0.3697916666666667,1
162.1000000000026,0.3055711707335353,0.3402777777777777,1
162.15000000000262,0.32011492089002386,0.390625,1
162.20000000000263,0.33682916887170666,0.26562500000000006,1
162.25000000000264,0.3167467587789605,0.37673611111111116,1
162.30000000000265,0.308823440530045,0.314236111111111,1
162.35000000000267,0.3116533830989006,0.2777777777777778,1
162.40000000000268,0.29034682873485196,0.2899305555555557,1
162.4500000000027,0.25674872299453116,0.34375,1
162.5000000000027,0.24517668081498262,0.2118055555555556,1
162.5500000000027,0.24063529589180876,0.36458333333333326,1
162.60000000000272,0.21934460055280333,0.3107638888888888,1
162.65000000000273,0.2371794344915745,0.3246527777777777,1
162.70000000000275,0.25496860780741276,0.3402777777777777,1
162.75000000000276,0.2296887292405875,0.3611111111111111,1
162.80000000000277,0.22946731972935572,0.3680555555555555,1
162.85000000000278,0.24980514454053454,0.3124999999999999,1
162.9000000000028,0.24805377519711472,0.3993055555555555,1
162.9500000000028,0.23912780984468407,0.37500000000000006,1
163.0000000000028,0.2875096769399278,0.3767361111111111,1
163.05000000000283,0.27302433197790954,0.4375,1
163.10000000000284,0.2762486280516866,0.31250000000000006,1
163.15000000000285,0.26625732864111434,0.2586805555555555,1
163.20000000000286,0.2743020704608116,0.30208333333333326,1
163.25000000000287,0.623424513034208,0.30034722222222215,1
163.30000000000288,0.6269080636386453,0.2812500000000001,1
163.3500000000029,0.6072705772841323,0.375,1
163.4000000000029,0.5749813689355084,0.27430555555555564,1
163.45000000000292,0.5471134084170473,0.2864583333333334,1
163.50000000000293,0.5139333541931549,0.3385416666666667,1
163.55000000000294,0.46568445410304893,0.35763888888888884,1
163.60000000000295,0.4219316248733082,0.3229166666666666,1
163.65000000000296,0.3740738257531271,0.3767361111111111,1
163.70000000000297,0.3274211608523847,0.3663194444444445,1
163.75000000000298,0.3542939652643064,0.34722222222222215,1
163.800000000003,0.3616713670064517,0.3003472222222221,1
163.850000000003,0.3919114212979065,0.2517361111111111,1
163.90000000000302,0.38083617760353267,0.38715277777777773,1
163.95000000000303,0.36305153108634036,0.3177083333333333,1
164.00000000000304,0.5232926085100483,0.4236111111111111,1
164.05000000000305,0.5378272233286467,0.3541666666666667,1
164.10000000000306,0.5535434487683693,0.38715277777777773,1
164.15000000000308,0.5472733014751131,0.29166666666666663,1
164.2000000000031,0.5582923105195436,0.3420138888888889,1
164.2500000000031,0.5177379295126342,0.3142361111111111,1
164.3000000000031,0.5349248146011063,0.30034722222222215,1
164.35000000000312,0.5098143302284452,0.29340277777777773,1
164.40000000000313,0.5085470706902544,0.328125,1
164.45000000000314,0.4762026236025434,0.43402777777777785,1
164.50000000000315,0.4111382687315185,0.33680555555555564,1
164.55000000000317,0.4137906674547911,0.265625,1
164.60000000000318,0.3773226665188577,0.3125,1
164.6500000000032,0.38585633398598684,0.26041666666666663,1
164.7000000000032,0.34130892576305316,0.31597222222222227,1
164.7500000000032,0.33769129274746096,0.22916666666666666,1
164.80000000000322,0.30651601126772055,0.3680555555555556,1
164.85000000000323,0.2934795863758082,0.31944444444444436,1
164.90000000000325,0.33933780874204117,0.3645833333333333,1
164.95000000000326,0.3343275621665092,0.3697916666666667,1
165.00000000000327,0.6716026481698456,0.3489583333333333,1
165.05000000000328,0.6746456874198757,0.32291666666666674,1
165.1000000000033,0.7044912525744526,0.34374999999999994,1
165.1500000000033,0.999999973806061,0.2378472222222222,1
165.2000000000033,0.645771874698657,0.26909722222222215,1
165.25000000000333,0.6383059555794607,0.26736111111111105,1
165.30000000000334,0.6223321523422594,0.18576388888888884,1
165.35000000000335,0.6205827330358517,0.27777777777777773,1
165.40000000000336,0.6172461284961397,0.2777777777777778,1
165.45000000000337,0.5901094457511075,0.24305555555555558,1
165.50000000000338,0.5708290957909042,0.2934027777777778,1
165.5500000000034,0.5726134909846171,0.33159722222222227,1
165.6000000000034,0.5799341354592303,0.3368055555555555,1
165.65000000000342,0.999999968139833,0.27604166666666663,1
165.70000000000343,0.9999999727195531,0.3645833333333333,1
165.75000000000344,0.5425008235361332,0.2309027777777778,1
165.80000000000345,0.5375975024634772,0.3229166666666667,1
165.85000000000346,0.4830158458074021,0.2847222222222222,1
165.90000000000347,0.45434319904442017,0.2690972222222222,1
165.95000000000348,0.45192249517501476,0.2378472222222222,1
166.0000000000035,0.4567676178889485,0.2951388888888889,1
166.0500000000035,0.4237647057276137,0.23437499999999997,1
166.10000000000352,0.4462491385959663,0.22569444444444442,1
166.15000000000353,0.42949117847230883,0.2881944444444444,1
166.20000000000354,0.3905112023176263,0.29513888888888884,1
166.25000000000355,0.34955580660741786,0.34722222222222215,1
166.30000000000356,0.32334136796255447,0.2552083333333333,1
166.35000000000358,0.31382846563624944,0.27777777777777773,1
166.4000000000036,0.32290837964776425,0.2916666666666667,1
166.4500000000036,0.2910784106901779,0.2708333333333333,1
166.5000000000036,0.2849266970387197,0.24826388888888887,1
166.55000000000362,0.2626039163928602,0.2430555555555555,1
166.60000000000363,0.23353156751135537,0.2743055555555555,1
166.65000000000364,0.273990305958469,0.21701388888888892,1
166.70000000000366,0.2879315545457133,0.24826388888888892,1
166.75000000000367,0.23373772976348306,0.2829861111111111,1
166.80000000000368,0.22046501365014035,0.32465277777777785,1
166.8500000000037,0.21819768106576712,0.29166666666666663,1
166.9000000000037,0.270094347275433,0.31076388888888895,1
166.9500000000037,0.27034004421728286,0.33159722222222227,1
167.00000000000372,0.25235936647056684,0.3333333333333333,1
167.05000000000373,0.2861182792862756,0.28472222222222227,1
167.10000000000375,0.25112014378649855,0.2829861111111111,1
167.15000000000376,0.2186628734403442,0.30381944444444453,1
167.20000000000377,0.2657614299202467,0.22916666666666666,1
167.25000000000378,0.21168905979789363,0.23958333333333337,1
167.3000000000038,0.22782507977930766,0.27951388888888895,1
167.3500000000038,0.999999879919595,0.2378472222222223,1
167.4000000000038,0.9999999324016853,0.3020833333333334,1
167.45000000000383,0.25461715526316236,0.21701388888888892,1
167.50000000000384,0.21114846135879253,0.21006944444444445,1
167.55000000000385,0.18145093088923336,0.2586805555555555,1
167.60000000000386,0.2512725541995021,0.22048611111111116,1
167.65000000000387,0.26301496460523227,0.26215277777777773,1
167.70000000000388,0.29305397898713875,0.2100694444444445,1
167.7500000000039,0.3011291694373096,0.27430555555555564,1
167.8000000000039,0.31222090869860275,0.2586805555555556,1
167.85000000000392,0.2844376825832286,0.2881944444444445,1
167.90000000000393,0.25723067400921473,0.3350694444444444,1
167.95000000000394,0.29278198299191854,0.21180555555555558,1
168.00000000000395,0.9999999819765746,0.3020833333333333,1
168.05000000000396,0.6684506275361408,0.28819444444444436,1
168.10000000000397,0.6965116617312306,0.27430555555555547,1
168.15000000000398,0.6803795625991373,0.3697916666666667,1
168.200000000004,0.9999999829660347,0.2864583333333333,1
168.250000000004,0.9999999913390174,0.29340277777777773,1
168.30000000000402,0.9999999999999836,0.2864583333333333,1
168.35000000000403,0.9999999999999827,0.3038194444444444,1
168.40000000000404,0.9999999896210151,0.359375,1
168.45000000000405,0.9999999927975688,0.34722222222222215,1
168.50000000000406,0.6781908848119632,0.359375,1
168.55000000000408,0.6411009977954178,0.24999999999999997,1
168.6000000000041,0.6169106639974768,0.3159722222222221,1
168.6500000000041,0.6127920220896462,0.3298611111111111,1
168.7000000000041,0.6502964519137477,0.36284722222222227,1
168.75000000000412,0.6095922733305954,0.29687499999999994,1
168.80000000000413,0.6075700162067863,0.24652777777777776,1
168.85000000000414,0.5877136649027428,0.2812499999999999,1
168.90000000000416,0.5729613695623245,0.2552083333333333,1
168.95000000000417,0.5650372449245936,0.2552083333333333,1
169.00000000000418,0.8220686585259853,0.39062499999999994,1
169.0500000000042,0.8161190836713325,0.39062499999999994,1
169.1000000000042,0.8205106410592466,0.39062499999999994,1
169.1500000000042,0.9999999999999926,0.39062499999999994,1
169.20000000000422,0.9999999999999886,0.3819444444444444,1
169.25000000000423,0.9999999911607066,0.28298611111111116,1
169.30000000000425,0.999999999999998,0.28298611111111116,1
169.35000000000426,0.9999999999999979,0.28298611111111116,1
169.40000000000427,0.999999999999987,0.29687500000000006,0
169.45000000000428,0.9999999999999956,0.6006944444444445,0
169.5000000000043,0.9999999999999953,0.5937500000000001,0
169.5500000000043,0.9999999999999928,0.32118055555555547,0
169.60000000000431,0.7678254181521761,0.2569444444444445,0
169.65000000000433,0.9999999999999949,0.3055555555555556,0
169.70000000000434,0.7561612477604359,0.3107638888888889,0
169.75000000000435,0.7484927798875761,0.32465277777777785,0
169.80000000000436,0.7431592786814746,0.30902777777777785,0
169.85000000000437,0.999999999999994,0.2673611111111111,0
169.90000000000438,0.7900070546318384,0.24826388888888895,0
169.9500000000044,0.7084730706326394,0.3298611111111112,0
170.0000000000044,0.9999999999999977,0.3489583333333334,0
170.05000000000442,0.8511944945306887,0.34722222222222227,0
170.10000000000443,0.999999999999995,0.3385416666666666,0
170.15000000000444,0.9999999941316233,0.35937499999999994,0
170.20000000000445,0.9999999939208795,0.3645833333333333,1
170.25000000000446,0.999999993748011,0.3020833333333332,1
170.30000000000447,0.9007612726448727,0.34375,1
170.35000000000448,0.8249925918535653,0.3697916666666667,1
170.4000000000045,0.8272340286403823,0.298611111111111,1
170.4500000000045,0.8269347276282442,0.2986111111111111,1
170.50000000000452,0.8130940482561642,0.44791666666666674,1
170.55000000000453,0.8092557746340465,0.3211805555555555,1
170.60000000000454,0.7965494255374088,0.3506944444444444,1
170.65000000000455,0.7846213373967249,0.3506944444444444,1
170.70000000000456,0.8070690147253199,0.3506944444444444,1
170.75000000000458,0.9999999999999818,0.3506944444444444,1
170.8000000000046,0.9999999999999803,0.3506944444444444,1
170.8500000000046,0.9999999879818466,0.6006944444444445,0
170.9000000000046,0.9999999870609438,0.6197916666666669,1
170.95000000000462,0.9999999857898253,0.6197916666666669,0
171.00000000000463,0.9999999999999721,0.6388888888888891,0
171.05000000000464,0.9999999999999688,0.6388888888888891,0
171.10000000000466,0.9999999999999659,0.6388888888888891,0
171.15000000000467,0.999999979058142,0.6388888888888891,0
171.20000000000468,0.999999977177208,0.6388888888888891,0
171.2500000000047,0.9999999753584724,0.6388888888888891,1
171.3000000000047,0.9999999999999508,0.6388888888888891,1
171.3500000000047,0.9999999692229953,0.6388888888888891,1
171.40000000000472,0.9999999652200182,0.6388888888888891,0
171.45000000000474,0.9999999601575951,0.6388888888888891,0
171.50000000000475,0.9999999535993007,0.6388888888888891,0
171.55000000000476,0.999999944859456,0.6388888888888891,0
171.60000000000477,0.999999933923591,0.621527777777778,0
171.65000000000478,0.542747689547883,0.35937500000000006,0
171.7000000000048,0.5686243046978706,0.30208333333333337,0
171.7500000000048,0.5391365636238894,0.2899305555555555,0
171.80000000000481,0.514695998759222,0.32291666666666674,0
171.85000000000483,0.538040841074208,0.3229166666666668,0
171.90000000000484,0.9999999714134847,0.30729166666666663,0
171.95000000000485,0.9999999725275431,0.2934027777777777,0
172.00000000000486,0.9999999896756978,0.45486111111111116,0
172.05000000000487,0.9999999886882374,0.3263888888888889,0
172.10000000000488,0.9999999870833883,0.3524305555555556,0
172.1500000000049,0.7840258830919887,0.3159722222222222,0
172.2000000000049,0.763770312882624,0.39062500000000006,0
172.25000000000492,0.7458006077214293,0.4288194444444445,0
172.30000000000493,0.7427842921531732,0.3142361111111111,1
172.35000000000494,0.744105941523261,0.38715277777777785,1
172.40000000000495,0.7097406027077183,0.3819444444444445,1
172.45000000000496,0.6966541426621576,0.2916666666666667,1
172.50000000000497,0.6895240268786003,0.25520833333333326,1
172.55000000000499,0.6759329206593333,0.30034722222222227,1
172.600000000005,0.6627980976340179,0.2395833333333334,1
172.650000000005,0.9999999792256099,0.2847222222222222,1
172.70000000000502,0.6281980041468291,0.3142361111111112,1
172.75000000000503,0.5997638720971129,0.28125,1
172.80000000000504,0.5661051315684842,0.2291666666666667,1
172.85000000000505,0.5368958307829031,0.2690972222222222,1
172.90000000000506,0.5004040328341649,0.2777777777777778,1
172.95000000000508,0.47092209692533377,0.2690972222222222,1
173.0000000000051,0.4547339885518115,0.4270833333333334,1
173.0500000000051,0.39560921486184714,0.26562500000000006,1
173.1000000000051,0.3574156237180165,0.25173611111111105,1
173.15000000000512,0.3190245537104942,0.2465277777777777,1
173.20000000000513,0.2547879900385671,0.25520833333333326,1
173.25000000000514,0.22396384555207222,0.33333333333333326,1
173.30000000000516,0.25047752192749545,0.34027777777777773,1
173.35000000000517,0.2888784204911464,0.2934027777777778,1
173.40000000000518,0.2986902055330366,0.3194444444444446,1
173.4500000000052,0.2210701329971466,0.34374999999999994,1
173.5000000000052,0.3030911578108504,0.2899305555555555,1
173.5500000000052,0.9999999407375092,0.31597222222222227,1
173.60000000000522,0.34504955872755344,0.31250000000000006,1
173.65000000000524,0.999999961975164,0.29340277777777785,1
173.70000000000525,0.9999999634963055,0.3125000000000001,1
173.75000000000526,0.5481166699736115,0.2690972222222222,1
173.80000000000527,0.9999999456403267,0.2934027777777778,1
173.85000000000528,0.24527225245188833,0.40625,1
173.9000000000053,0.26880315626055,0.18923611111111105,1
173.9500000000053,0.2931898306909307,0.21875000000000008,1
174.00000000000531,0.6023288813819362,0.3854166666666667,1
174.05000000000533,0.6075548633442763,0.3836805555555555,1
174.10000000000534,0.5754195668312182,0.36284722222222215,1
174.15000000000535,0.5401632266298844,0.2413194444444445,1
174.20000000000536,0.5219423115081117,0.2690972222222222,1
174.25000000000537,0.49566857709120693,0.2673611111111111,1
174.30000000000538,0.4485977089325912,0.2621527777777777,1
174.3500000000054,0.44369584355896713,0.2899305555555556,1
174.4000000000054,0.4274870847249916,0.2482638888888888,1
174.45000000000542,0.3697007136931133,0.1753472222222222,1
174.50000000000543,0.999999999999846,0.32465277777777773,1
174.55000000000544,0.2974236219273184,0.2638888888888888,1
174.60000000000545,0.2640434675903526,0.27083333333333337,1
174.65000000000546,0.22992091603216477,0.23784722222222218,1
174.70000000000547,0.23047887821640184,0.2690972222222222,1
174.75000000000549,0.25818172050870214,0.25347222222222215,1
174.8000000000055,0.19099426097017752,0.30555555555555564,1
174.8500000000055,0.31546170522544986,0.19097222222222224,1
174.90000000000552,0.29643068848690307,0.22048611111111108,1
174.95000000000553,0.30608858391701926,0.1458333333333333,1
175.00000000000554,0.47972569645518914,0.4288194444444445,1
175.05000000000555,0.45244967963493615,0.3559027777777777,1
175.10000000000556,0.4524098133339185,0.37152777777777785,1
175.15000000000558,0.39106514440812806,0.2517361111111111,1
175.2000000000056,0.3881738953911483,0.4756944444444444,1
175.2500000000056,0.9999999999998239,0.21006944444444445,1
175.3000000000056,0.999999999999847,0.17534722222222224,1
175.35000000000562,0.2443231094964752,0.34722222222222215,1
175.40000000000563,0.27706840236951463,0.2916666666666667,1
175.45000000000564,0.22820935592026792,0.18055555555555555,1
175.50000000000566,0.24583017416020242,0.34375,1
175.55000000000567,0.23164950742087617,0.1579861111111111,1
175.60000000000568,0.2069399619988531,0.3038194444444443,1
175.6500000000057,0.2339291176262774,0.20486111111111108,1
175.7000000000057,0.27811126037164663,0.46875,1
175.7500000000057,0.3145171614766321,0.4270833333333333,1
175.80000000000572,0.39904700212494376,0.19444444444444442,1
175.85000000000574,0.39136305604051597,0.2569444444444445,1
175.90000000000575,0.3815759332325374,0.2274305555555555,1
175.95000000000576,0.37704081759663943,0.2239583333333333,1
176.00000000000577,0.3770594990598685,0.31597222222222215,1
176.05000000000578,0.365174201269141,0.2395833333333333,1
176.1000000000058,0.3309788010030946,0.2708333333333333,1
176.1500000000058,0.30634103580507577,0.2621527777777778,1
176.20000000000582,0.28034660885151974,0.31944444444444436,1
176.25000000000583,0.2775424893529425,0.37152777777777773,1
176.30000000000584,0.2719215381105934,0.40798611111111116,1
176.35000000000585,0.2480052179846176,0.34374999999999983,1
176.40000000000586,0.25383500818390514,0.2638888888888889,1
176.45000000000587,0.2640785587271619,0.29687500000000006,1
176.50000000000588,0.2611307465924236,0.2690972222222222,1
176.5500000000059,0.24695278457922973,0.28472222222222227,1
176.6000000000059,0.24676428504497477,0.3020833333333334,1
176.65000000000592,0.25490537287242687,0.39236111111111116,1
176.70000000000593,0.2483284348756621,0.37847222222222215,1
176.75000000000594,0.2589947011426378,0.3524305555555555,1
176.80000000000595,0.2379018499998401,0.2534722222222222,1
176.85000000000596,0.20391108773117117,0.14930555555555555,1
176.90000000000597,0.19823341958529764,0.14930555555555555,1
176.95000000000599,0.17418121973637948,0.3368055555555554,1
177.000000000006,0.17007701648961593,0.3020833333333333,1
177.050000000006,0.1942003773207102,0.23437499999999992,1
177.10000000000602,0.1983802230826862,0.34722222222222227,1
177.15000000000603,0.19369306582694543,0.2309027777777777,1
177.20000000000604,0.19781475373879298,0.31944444444444436,1
177.25000000000605,0.19200575041927131,0.19444444444444442,1
177.30000000000607,0.21728142255328717,0.2881944444444445,1
177.35000000000608,0.20827107900669461,0.21701388888888887,1
177.4000000000061,0.19315112805866838,0.25,1
177.4500000000061,0.18526711460168854,0.28125000000000006,1
177.5000000000061,0.20275815873954178,0.33159722222222227,1
177.55000000000612,0.24170510660470382,0.23611111111111108,1
177.60000000000613,0.27183660838652446,0.2690972222222222,1
177.65000000000614,0.22860143898330948,0.265625,1
177.70000000000616,0.19969751032799749,0.28645833333333337,1
177.75000000000617,0.21197889666974606,0.26041666666666663,1
177.80000000000618,0.26001395545627054,0.2916666666666667,1
177.8500000000062,0.2826060674552436,0.29687500000000006,1
177.9000000000062,0.2611442399464972,0.2621527777777778,1
177.9500000000062,0.26205081513641665,0.2638888888888889,1
178.00000000000622,0.20947824202516302,0.3315972222222221,1
178.05000000000624,0.22663359789075663,0.41840277777777785,1
178.10000000000625,0.23733262750640077,0.40277777777777785,1
178.15000000000626,0.203060725690871,0.30381944444444453,1
178.20000000000627,0.22078319790940365,0.21006944444444442,1
178.25000000000628,0.2269430121978482,0.28993055555555564,1
178.3000000000063,0.21364129362167567,0.28124999999999994,1
178.3500000000063,0.20785064234982287,0.2621527777777778,1
178.40000000000632,0.20341632527207132,0.28993055555555564,1
178.45000000000633,0.21538240160688674,0.23958333333333334,1
178.50000000000634,0.23469782861268856,0.295138888888889,1
178.55000000000635,0.24156595949332832,0.234375,1
178.60000000000636,0.23462371515763816,0.21180555555555555,1
178.65000000000637,0.21154331658934628,0.23090277777777776,1
178.70000000000638,0.18685209312191872,0.23263888888888887,1
178.7500000000064,0.1796517079700263,0.21180555555555555,1
178.8000000000064,0.1612888912764195,0.3541666666666667,1
178.85000000000642,0.15042100556153332,0.2118055555555555,1
178.90000000000643,0.15281775437049872,0.2569444444444445,1
178.95000000000644,0.16707382222911007,0.21006944444444442,1
179.00000000000645,0.3762332571558964,0.33333333333333326,1
179.05000000000646,0.3745817740679448,0.2760416666666667,1
179.10000000000647,0.37880283882193,0.26041666666666663,1
179.1500000000065,0.3618221945508558,0.28819444444444453,1
179.2000000000065,0.3737552424191115,0.25173611111111105,1
179.2500000000065,0.3742506816794856,0.3836805555555555,1
179.30000000000652,0.38246377409342863,0.2604166666666667,1
179.35000000000653,0.3498238037913012,0.3263888888888888,1
179.40000000000654,0.3427073397044448,0.3263888888888888,1
179.45000000000655,0.34050530792958145,0.34722222222222215,0
179.50000000000657,0.3381135709494849,0.6093750000000002,1
179.55000000000658,0.34153989069037766,0.35937499999999994,1
179.6000000000066,0.340784908729717,0.7552083333333334,1
179.6500000000066,0.3437233975403994,0.7760416666666666,0
179.7000000000066,0.3474756467315473,0.7760416666666666,0
179.75000000000662,0.34518192871687264,0.7760416666666666,1
179.80000000000663,0.34955638591929317,0.7760416666666666,1
179.85000000000664,0.35802338403434525,0.7760416666666666,0
179.90000000000666,0.36058395958717526,0.7760416666666666,0
179.95000000000667,0.3673475440522451,0.7586805555555555,0
180.00000000000668,0.3251101471121057,0.4756944444444445,0
180.0500000000067,0.3042308260289824,0.4149305555555556,0
180.1000000000067,0.2867167691408648,0.26041666666666663,0
180.1500000000067,0.27200681287477513,0.3055555555555556,0
180.20000000000672,0.2674197123569719,0.26909722222222215,0
180.25000000000674,0.26487146605018375,0.32118055555555564,0
180.30000000000675,0.26690962025633896,0.2552083333333333,0
180.35000000000676,0.26266736794236983,0.20486111111111108,0
180.40000000000677,0.2636863055729737,0.3142361111111112,0
180.45000000000678,0.25552442608838455,0.28298611111111116,0
180.5000000000068,0.24568501022915087,0.33680555555555564,0
180.5500000000068,0.218066494686618,0.2864583333333333,0
180.60000000000682,0.19649683968247975,0.2829861111111111,0
180.65000000000683,0.21806159195743485,0.3298611111111112,0
180.70000000000684,0.20779014235600632,0.2309027777777778,0
180.75000000000685,0.2188916152293494,0.28472222222222227,0
180.80000000000686,0.21030193395733324,0.23263888888888892,0
180.85000000000687,0.21174648284147626,0.18576388888888892,0
180.90000000000688,0.19941507053958027,0.44097222222222227,0
180.9500000000069,0.2152255429823084,0.35937499999999994,0
181.0000000000069,0.22451259004879587,0.26562499999999994,0
181.05000000000692,0.1999948604482412,0.2725694444444444,0
181.10000000000693,0.1890331233046705,0.3385416666666666,0
181.15000000000694,0.20976677636378746,0.3159722222222222,0
181.20000000000695,0.21859066169957922,0.2152777777777778,0
181.25000000000696,0.2191325484195791,0.4322916666666667,0
181.30000000000697,0.2302737103920034,0.34201388888888884,0
181.350000000007,0.24521688043128181,0.38541666666666674,0
181.400000000007,0.23981100853565082,0.30902777777777785,0
181.450000000007,0.22340957401900502,0.23784722222222224,0
181.50000000000702,0.2439963034076531,0.3229166666666666,0
181.55000000000703,0.25265937153227697,0.2065972222222222,0
181.60000000000704,0.24026797656631732,0.37673611111111116,0
181.65000000000705,0.21842523035364642,0.22743055555555558,0
181.70000000000707,0.19617464250309516,0.1996527777777778,0
181.75000000000708,0.16506155321355456,0.2447916666666666,0
181.8000000000071,0.16725693771814665,0.26388888888888884,0
181.8500000000071,0.19371282432837547,0.26562499999999994,0
181.9000000000071,0.17464244315858893,0.19444444444444442,0
181.95000000000712,0.19252532752431933,0.2916666666666667,0
182.00000000000713,0.17512555172741653,0.2899305555555555,0
182.05000000000715,0.1865929874011595,0.2690972222222222,0
182.10000000000716,0.2152227390590457,0.37152777777777773,0
182.15000000000717,0.23297690095148016,0.2881944444444445,0
182.20000000000718,0.2385260916388629,0.23437500000000003,0
182.2500000000072,0.2424847797710933,0.2395833333333334,0
182.3000000000072,0.2343934289984286,0.234375,0
182.3500000000072,0.2305061661576147,0.2673611111111111,0
182.40000000000722,0.22486181347414966,0.3020833333333334,0
182.45000000000724,0.1842698658099539,0.22569444444444445,0
182.50000000000725,0.1797422017011921,0.22916666666666666,0
182.55000000000726,0.20193360266017074,0.19618055555555555,0
182.60000000000727,0.21441387799035716,0.1840277777777778,0
182.65000000000728,0.2096927485088541,0.234375,0
182.7000000000073,0.20631706156997787,0.3125000000000001,0
182.7500000000073,0.19512392437168355,0.2309027777777778,0
182.80000000000732,0.18541869392328691,0.21874999999999997,0
182.85000000000733,0.2006957110734613,0.2829861111111111,0
182.90000000000734,0.16148887866332542,0.26388888888888884,0
182.95000000000735,0.17616118896574692,0.27777777777777773,0
183.00000000000736,0.6918792636401393,0.4166666666666666,0
183.05000000000737,0.690526075950579,0.39409722222222227,0
183.10000000000738,0.689286381737361,0.36458333333333326,0
183.1500000000074,0.6810698289767643,0.35416666666666674,0
183.2000000000074,0.6725165856724317,0.4288194444444444,1
183.25000000000742,0.6642037048301647,0.3368055555555555,1
183.30000000000743,0.6568359799607868,0.45659722222222227,1
183.35000000000744,0.6474952621538365,0.40277777777777773,1
183.40000000000745,0.6399794649130656,0.38715277777777773,1
183.45000000000746,0.6345525492980397,0.37499999999999994,1
183.50000000000747,0.6252669374324672,0.41840277777777773,1
183.5500000000075,0.6149806303489224,0.375,1
183.6000000000075,0.6016994187675452,0.3958333333333333,1
183.6500000000075,0.5961280410398215,0.3975694444444445,1
183.70000000000752,0.5938213828693419,0.42013888888888884,1
183.75000000000753,0.5759320437150065,0.3923611111111111,0
183.80000000000754,0.5653798881074116,0.6267361111111113,0
183.85000000000755,0.5481111545378355,0.654513888888889,0
183.90000000000757,0.5286296324239661,0.4427083333333334,0
183.95000000000758,0.5176021089694456,0.5190972222222223,1
184.0000000000076,0.5043588000624367,0.513888888888889,1
184.0500000000076,0.49777381072551696,0.3993055555555556,0
184.1000000000076,0.49078757670836026,0.4739583333333334,1
184.15000000000762,0.48711721750138975,0.49305555555555564,1
184.20000000000763,0.4751601524211447,0.7847222222222223,0
184.25000000000765,0.46042130041107776,0.8003472222222223,0
184.30000000000766,0.4508782308734785,0.8003472222222223,0
184.35000000000767,0.43789074132873046,0.8003472222222223,0
184.40000000000768,0.428617653351565,0.8003472222222223,0
184.4500000000077,0.425508027383178,0.8003472222222223,1
184.5000000000077,0.43009408781407243,0.8003472222222223,1
184.5500000000077,0.4336658774099494,0.7673611111111112,1
184.60000000000773,0.434326371457026,0.23958333333333334,1
184.65000000000774,0.43600378254778666,0.14062499999999997,1
184.70000000000775,0.42151588512203564,0.14062499999999997,1
184.75000000000776,0.4072382746508905,0.14062499999999997,1
184.80000000000777,0.398432315990143,0.14062499999999997,1
184.85000000000778,0.39031387239163684,0.14062499999999997,0
184.9000000000078,0.3771938070475243,0.7343750000000001,0
184.9500000000078,0.367227393620299,0.7743055555555557,0
185.00000000000782,0.5903291201494167,0.3697916666666667,0
185.05000000000783,0.582362065472742,0.4131944444444445,0
185.10000000000784,0.5672457871323796,0.4427083333333335,0
185.15000000000785,0.5595251213923224,0.3854166666666666,0
185.20000000000786,0.5497001067548231,0.4444444444444444,0
185.25000000000787,0.5214299713994918,0.3142361111111112,0
185.30000000000788,0.5094325757041869,0.3333333333333334,1
185.3500000000079,0.5011521666438249,0.4236111111111111,1
185.4000000000079,0.47286427024497224,0.2899305555555555,1
185.45000000000792,0.4523643482629644,0.326388888888889,1
185.50000000000793,0.42938695456978654,0.33854166666666674,1
185.55000000000794,0.4304528489953775,0.41840277777777785,1
185.60000000000795,0.41612069505962496,0.46180555555555564,1
185.65000000000796,0.43201082579531136,0.3836805555555556,1
185.70000000000798,0.41430006054073726,0.34722222222222215,1
185.750000000008,0.3719493616217011,0.2899305555555555,1
185.800000000008,0.3518752611541209,0.4756944444444444,1
185.850000000008,0.3381870583164312,0.34895833333333326,1
185.90000000000802,0.3225257279184683,0.2916666666666668,1
185.95000000000803,0.29778749653815334,0.37326388888888884,1
186.00000000000804,0.27207194421719016,0.2690972222222222,1
186.05000000000805,0.2601483462384576,0.33506944444444436,1
186.10000000000807,0.24892821930862652,0.30381944444444453,1
186.15000000000808,0.24318797774120737,0.23611111111111108,1
186.2000000000081,0.21575530227222786,0.30729166666666674,1
186.2500000000081,0.19316300748984175,0.2291666666666666,1
186.3000000000081,0.17217636857447044,0.2743055555555555,1
186.35000000000812,0.19093251399906574,0.27256944444444453,1
186.40000000000813,0.26069070665867056,0.41840277777777785,1
186.45000000000815,0.2423482098193966,0.27604166666666663,1
186.50000000000816,0.23211532584760883,0.3263888888888888,1
186.55000000000817,0.23628503267448575,0.28125,1
186.60000000000818,0.2624975005352547,0.3246527777777778,1
186.6500000000082,0.2561081280774593,0.23437499999999992,1
186.7000000000082,0.20324083585506225,0.329861111111111,1
186.7500000000082,0.19761693626458493,0.20659722222222224,1
186.80000000000823,0.21357253208073812,0.2482638888888888,1
186.85000000000824,0.1796271933828715,0.3993055555555556,1
186.90000000000825,0.19031200849680838,0.34722222222222215,1
186.95000000000826,0.2066949541408815,0.26388888888888884,1
187.00000000000827,0.22723012538045967,0.3541666666666666,1
187.05000000000828,0.21925331902618497,0.3177083333333334,1
187.1000000000083,0.22806166782168752,0.375,1
187.1500000000083,0.2160160524454844,0.27430555555555564,1
187.20000000000832,0.23267021542609595,0.2274305555555556,1
187.25000000000833,0.2326789894505922,0.2725694444444445,1
187.30000000000834,0.21977294812122627,0.3611111111111111,1
187.35000000000835,0.2049602994218475,0.3663194444444444,1
187.40000000000836,0.1933497368669836,0.32291666666666674,1
187.45000000000837,0.24155255245223578,0.2916666666666667,1
187.50000000000838,0.22012666546361762,0.2986111111111112,1
187.5500000000084,0.22734073132064925,0.30034722222222227,1
187.6000000000084,0.19812897896268047,0.310763888888889,1
187.65000000000842,0.17243624670162017,0.30555555555555564,1
187.70000000000843,0.1972994851399989,0.3159722222222223,1
187.75000000000844,0.20333787820402976,0.3315972222222221,1
187.80000000000845,0.20037592412268113,0.345486111111111,1
187.85000000000846,0.18886344480332476,0.3229166666666666,1
187.90000000000848,0.21589178504395837,0.32465277777777785,1
187.9500000000085,0.2520932908843418,0.38020833333333326,1
188.0000000000085,0.2684925256786375,0.30555555555555564,1
188.0500000000085,0.2529987747502435,0.2465277777777777,1
188.10000000000852,0.22821776514161826,0.2604166666666666,1
188.15000000000853,0.2361419776438401,0.265625,1
188.20000000000854,0.21926529166321385,0.21180555555555555,1
188.25000000000855,0.22007406849650152,0.2847222222222222,1
188.30000000000857,0.2153450722305595,0.3402777777777777,1
188.35000000000858,0.6120345443357891,0.25173611111111105,1
188.4000000000086,0.6031517173807409,0.34374999999999994,1
188.4500000000086,0.5734879457635091,0.32291666666666674,1
188.5000000000086,0.5457393721977593,0.2725694444444445,1
188.55000000000862,0.5057484921463232,0.2604166666666667,1
188.60000000000863,0.4809837933791747,0.25694444444444436,1
188.65000000000865,0.47554982445920496,0.345486111111111,1
188.70000000000866,0.467644466358601,0.2395833333333333,1
188.75000000000867,0.4600678943526228,0.3350694444444445,1
188.80000000000868,0.48320095803914126,0.40625,1
188.8500000000087,0.47801451184542665,0.25347222222222215,1
188.9000000000087,0.48384078143533643,0.3333333333333332,1
188.9500000000087,0.5022003252508959,0.2795138888888889,1
189.00000000000873,0.5182985811225431,0.5434027777777778,1
189.05000000000874,0.5353388558355199,0.42534722222222227,1
189.10000000000875,0.533192636718142,0.46875000000000006,1
189.15000000000876,0.5439485430965013,0.3368055555555554,1
189.20000000000877,0.557685114566371,0.3454861111111111,1
189.25000000000878,0.5150583194978977,0.3645833333333333,1
189.3000000000088,0.50728620895962,0.29861111111111116,1
189.3500000000088,0.4841604516627359,0.32465277777777785,1
189.40000000000882,0.5673881204972864,0.36284722222222215,1
189.45000000000883,0.4726260825957552,0.25347222222222215,1
189.50000000000884,0.4104801064643935,0.25694444444444436,1
189.55000000000885,0.35347060480728837,0.265625,1
189.60000000000886,0.3561008804451661,0.2795138888888888,1
189.65000000000887,0.36953123676325855,0.3524305555555555,1
189.70000000000888,0.38284538839063376,0.3072916666666667,1
189.7500000000089,0.37306540692056794,0.1996527777777778,1
189.8000000000089,0.3591428525636079,0.2760416666666667,1
189.85000000000892,0.3086640380892648,0.25694444444444436,1
189.90000000000893,0.31657645938083123,0.32812499999999994,1
189.95000000000894,0.3166951779248351,0.21701388888888892,1
190.00000000000895,0.2743660867205889,0.31944444444444436,1
190.05000000000896,0.1551077673137745,0.2829861111111111,1
190.10000000000898,0.1762109318316838,0.2569444444444444,1
190.150000000009,0.22438558701539424,0.25694444444444436,1
190.200000000009,0.23079425937653567,0.25694444444444436,1
190.250000000009,0.28275883776211796,0.25173611111111105,1
190.30000000000902,0.23022672895535132,0.23958333333333334,1
190.35000000000903,0.21396012859736707,0.22048611111111108,1
190.40000000000904,0.24567121524860153,0.34201388888888884,1
190.45000000000906,0.22136588971103804,0.36111111111111116,1
190.50000000000907,0.9999998712040609,0.3038194444444445,1
190.55000000000908,0.28015111799250564,0.31597222222222215,1
190.6000000000091,0.2552229767881218,0.2795138888888889,1
190.6500000000091,0.9999998501888248,0.4305555555555555,1
190.7000000000091,0.28631554168709733,0.27777777777777773,1
190.75000000000912,0.36030378898112075,0.15798611111111116,1
190.80000000000913,0.2733345802081571,0.24826388888888887,1
190.85000000000915,0.33016587587221047,0.21701388888888887,1
190.90000000000916,0.2572688550837204,0.3576388888888889,1
190.95000000000917,0.257376082489438,0.27604166666666663,1
191.00000000000918,0.21356501613753373,0.32465277777777785,1
191.0500000000092,0.2541287158515236,0.34201388888888884,1
191.1000000000092,0.2927774511143309,0.3663194444444444,1
191.15000000000921,0.24060228231511113,0.24826388888888892,1
191.20000000000923,0.23052748510663865,0.2881944444444445,1
191.25000000000924,0.21687769850543204,0.20138888888888892,1
191.30000000000925,0.20886840392489706,0.32812499999999994,1
191.35000000000926,0.25653652427105955,0.1996527777777778,1
191.40000000000927,0.1833588241004109,0.32291666666666663,1
191.45000000000928,0.19241352301548173,0.15798611111111108,1
191.5000000000093,0.15953778184585016,0.27083333333333337,1
191.5500000000093,0.17119176348160828,0.21875,1
191.60000000000932,0.20792063637750785,0.18923611111111116,1
191.65000000000933,0.17831000619577553,0.30034722222222227,1
191.70000000000934,0.1972780747736542,0.25347222222222227,1
191.75000000000935,0.2350783918579352,0.32118055555555564,1
191.80000000000936,0.28634567970487756,0.37152777777777773,1
191.85000000000937,0.2872190260039028,0.2586805555555555,1
191.90000000000938,0.326070651868312,0.20138888888888892,1
191.9500000000094,0.32627916352239467,0.29687500000000006,1
192.0000000000094,0.7895833337442402,0.38715277777777773,1
192.05000000000942,0.7919741809854185,0.3854166666666667,1
192.10000000000943,0.7893249494215547,0.390625,1
192.15000000000944,0.7940846221627174,0.4444444444444444,1
192.20000000000945,0.782645315368115,0.3958333333333333,1
192.25000000000946,0.780094488030662,0.30034722222222227,1
192.30000000000948,0.7752745324499052,0.30034722222222227,1
192.3500000000095,0.770092163487227,0.30034722222222227,1
192.4000000000095,0.7708478875657135,0.30034722222222227,1
192.4500000000095,0.7734765755012085,0.30034722222222227,1
192.50000000000952,0.7677354588401223,0.30034722222222227,1
192.55000000000953,0.766215885536466,0.21701388888888892,1
192.60000000000954,0.9999999836208194,0.21701388888888892,0
192.65000000000956,0.9999999831020641,0.1840277777777778,0
192.70000000000957,0.9999999826038644,0.1840277777777778,0
192.75000000000958,0.999999999999968,0.1840277777777778,0
192.8000000000096,0.9999999999999667,0.1840277777777778,0
192.8500000000096,0.9999999999999643,0.1840277777777778,0
192.9000000000096,0.9999999999999639,0.1840277777777778,0
192.95000000000962,0.9999999999999623,0.1840277777777778,0
193.00000000000963,0.6556187264644169,0.2534722222222222,0
193.05000000000965,0.6441392054367837,0.2534722222222222,0
193.10000000000966,0.6339230450007167,0.2534722222222222,0
193.15000000000967,0.6234141887382175,0.2534722222222222,0
193.20000000000968,0.6089131151110972,0.2534722222222222,0
193.2500000000097,0.6003394031435971,0.2534722222222222,0
193.3000000000097,0.5877957073415736,0.2534722222222222,0
193.35000000000971,0.5748667587677116,0.2534722222222222,0
193.40000000000973,0.5613244808070078,0.2534722222222222,0
193.45000000000974,0.5471330642248942,0.2534722222222222,0
193.50000000000975,0.5322543750803707,0.2534722222222222,0
193.55000000000976,0.5111240617693711,0.2534722222222222,0
193.60000000000977,0.4998544244231282,0.2534722222222222,0
193.65000000000978,0.4819758230690948,0.2534722222222222,0
193.7000000000098,0.4632040813387277,0.2534722222222222,0
193.7500000000098,0.44350473900443493,0.2534722222222222,0
193.80000000000982,0.42285171867444243,0.2534722222222222,0
193.85000000000983,0.4012352987144954,0.2534722222222222,0
193.90000000000984,0.36786704566917905,0.2534722222222222,0
193.95000000000985,0.35250701906372844,0.2534722222222222,0
194.00000000000986,0.8068586084504994,0.3541666666666665,0
194.05000000000987,0.805484024975314,0.3541666666666665,0
194.10000000000989,0.8003142950965514,0.3541666666666665,0
194.1500000000099,0.7955943007506646,0.3541666666666665,0
194.2000000000099,0.7912619561170614,0.3541666666666665,1
194.25000000000992,0.8004653946308137,0.3541666666666665,1
194.30000000000993,0.8004581009802513,0.3541666666666665,1
194.35000000000994,0.9999999999999953,0.3541666666666665,1
194.40000000000995,0.9999999999999929,0.3541666666666665,1
194.45000000000996,0.9999999999999928,0.3541666666666665,1
194.50000000000998,0.9999999999999901,0.3541666666666665,1
194.55000000001,0.9999999885459089,0.3541666666666665,1
194.60000000001,0.999999988182613,0.3541666666666665,1
194.65000000001,0.999999999999998,0.3541666666666665,1
194.70000000001002,0.9999999999999944,0.3541666666666665,1
194.75000000001003,0.9999999999999915,0.3541666666666665,1
194.80000000001004,0.9999999999999883,0.3541666666666665,1
194.85000000001006,0.999999999999994,0.3541666666666665,1
194.90000000001007,0.9999999860485521,0.3541666666666665,1
194.95000000001008,0.999999985512336,0.3541666666666665,1
195.0000000000101,0.7818250265737791,0.3923611111111111,1
195.0500000000101,0.7773060926055716,0.3923611111111111,1
195.1000000000101,0.7710456626473855,0.3923611111111111,1
195.15000000001012,0.7639532109435546,0.3923611111111111,1
195.20000000001014,0.7561080321202693,0.3923611111111111,1
195.25000000001015,0.7477181761618675,0.3923611111111111,1
195.30000000001016,0.7381904033541256,0.3923611111111111,1
195.35000000001017,0.7289561906066062,0.3923611111111111,1
195.40000000001018,0.7185724250212101,0.3923611111111111,1
195.4500000000102,0.7077417875297123,0.3923611111111111,1
195.5000000000102,0.696546944818571,0.3923611111111111,1
195.55000000001021,0.6853205689080859,0.3923611111111111,1
195.60000000001023,0.673528979206413,0.3923611111111111,1
195.65000000001024,0.6606434260128177,0.3923611111111111,1
195.70000000001025,0.648620257821275,0.3923611111111111,1
195.75000000001026,0.63438746087766,0.3923611111111111,1
195.80000000001027,0.6191880911562694,0.3923611111111111,1
195.85000000001028,0.6029788216274904,0.3923611111111111,1
195.9000000000103,0.5857499647114964,0.3923611111111111,1
195.9500000000103,0.5678747558513666,0.3923611111111111,1
196.00000000001032,0.6521910807535564,0.3958333333333333,1
196.05000000001033,0.6527329303828644,0.3958333333333333,1
196.10000000001034,0.6481671504709156,0.3958333333333333,1
196.15000000001035,0.6437815826878368,0.3958333333333333,1
196.20000000001036,0.6394456950269073,0.3958333333333333,1
196.25000000001037,0.6350998666151502,0.3958333333333333,1
196.30000000001039,0.6306364265024392,0.3958333333333333,1
196.3500000000104,0.6261280343940889,0.3958333333333333,1
196.4000000000104,0.6212854612662272,0.3958333333333333,1
196.45000000001042,0.6163960200953005,0.3958333333333333,1
196.50000000001043,0.6111217089681532,0.3958333333333333,1
196.55000000001044,0.6065058174689498,0.3958333333333333,1
196.60000000001045,0.6029447103932453,0.3958333333333333,1
196.65000000001046,0.5988178915200805,0.3958333333333333,1
196.70000000001048,0.5930088023309966,0.3958333333333333,1
196.7500000000105,0.5927861300010333,0.3958333333333333,1
196.8000000000105,0.5888377147905108,0.3958333333333333,1
196.8500000000105,0.5852477798332975,0.3958333333333333,1
196.90000000001052,0.5793286501426754,0.3958333333333333,1
196.95000000001053,0.5663530124011688,0.3958333333333333,1
197.00000000001054,0.48483446228738286,0.3576388888888888,1
197.05000000001056,0.47657452497680947,0.3576388888888888,1
197.10000000001057,0.4677140460119062,0.3576388888888888,1
197.15000000001058,0.45819498146088344,0.3576388888888888,1
197.2000000000106,0.44927733360714334,0.3576388888888888,1
197.2500000000106,0.4395873658417596,0.3576388888888888,1
197.3000000000106,0.42927688207875514,0.3576388888888888,1
197.35000000001062,0.4213710914670353,0.3576388888888888,1
197.40000000001064,0.41152615265958653,0.3576388888888888,1
197.45000000001065,0.4111779849105726,0.3576388888888888,1
197.50000000001066,0.4093300653771635,0.3576388888888888,1
197.55000000001067,0.4078404494279349,0.3576388888888888,1
197.60000000001068,0.4062596764356615,0.3576388888888888,1
197.6500000000107,0.4006221712599291,0.3576388888888888,1
197.7000000000107,0.4055245280526308,0.3576388888888888,1
197.75000000001071,0.31494686556139884,0.3576388888888888,1
197.80000000001073,0.2519487322973266,0.3576388888888888,1
197.85000000001074,0.1979317899652267,0.3576388888888888,1
197.90000000001075,0.17602482770484815,0.3576388888888888,1
197.95000000001076,0.23058802248138302,0.3576388888888888,1
198.00000000001077,0.999999985776501,0.2881944444444444,1
198.05000000001078,0.9999999856305957,0.2881944444444444,1
198.1000000000108,0.9999999856305957,0.2881944444444444,1
198.1500000000108,0.9999999848055786,0.2881944444444444,1
198.20000000001082,0.9999999840582192,0.2881944444444444,1
198.25000000001083,0.9999999832365303,0.2881944444444444,1
198.30000000001084,0.9999999823291309,0.2881944444444444,1
198.35000000001085,0.9999999813222367,0.2881944444444444,1
198.40000000001086,0.9999999801989993,0.2881944444444444,0
198.45000000001087,0.9999999792724732,0.296875,0
198.50000000001089,0.9999999774694508,0.7621527777777778,0
198.5500000000109,0.9999999757782987,0.3975694444444444,0
198.6000000000109,0.9999999738089497,0.1579861111111111,0
198.65000000001092,0.6172759033956563,0.20833333333333334,0
198.70000000001093,0.5763434688072534,0.29861111111111116,0
198.75000000001094,0.5633456027367955,0.2065972222222222,0
198.80000000001095,0.5472482030719082,0.2690972222222222,0
198.85000000001097,0.4955098717248041,0.24826388888888887,0
198.90000000001098,0.4711780964303245,0.30902777777777785,0
198.950000000011,0.4335216882308929,0.30729166666666674,0
199.000000000011,0.5851842580081829,0.35069444444444436,0
199.050000000011,0.5777287566802048,0.3524305555555554,0
199.10000000001102,0.5724938943955289,0.3524305555555554,0
199.15000000001103,0.5833444722364142,0.3524305555555554,1
199.20000000001104,0.5566322860201853,0.3524305555555554,1
199.25000000001106,0.5329233569294328,0.3524305555555554,0
199.30000000001107,0.5151004140336118,0.35069444444444436,1
199.35000000001108,0.5188041811525871,0.3715277777777777,1
199.4000000000111,0.999999944678009,0.7256944444444446,0
199.4500000000111,0.9999999434627291,0.48090277777777785,0
199.5000000000111,0.9999999451744559,0.7291666666666669,0
199.55000000001112,0.9999999999998906,0.7673611111111112,0
199.60000000001114,0.9999999999999037,0.7586805555555557,0
199.65000000001115,0.34801934282726826,0.22048611111111113,0
199.70000000001116,0.3256931982970793,0.3368055555555554,0
199.75000000001117,0.9999999325334524,0.2621527777777778,0
199.80000000001118,0.26345577917846486,0.18055555555555555,0
199.8500000000112,0.9999999244000078,0.3072916666666667,0
199.9000000000112,0.9999994930341448,0.25,0
199.95000000001122,0.9999997880090478,0.37847222222222227,0
200.00000000001123,0.25414484538823967,0.24131944444444445,0
200.05000000001124,0.26929071678269634,0.2708333333333333,0
200.10000000001125,0.2672221188653541,0.23958333333333334,0
200.15000000001126,0.2313527412979227,0.2829861111111111,0
200.20000000001127,0.20004286631438623,0.3958333333333333,0
200.25000000001128,0.22670166568511554,0.31944444444444453,0
200.3000000000113,0.2799407984313493,0.22916666666666666,0
200.3500000000113,0.22408514768876592,0.26909722222222227,0
200.40000000001132,0.2560194515010729,0.37847222222222227,0
200.45000000001133,0.34769103917418254,0.24305555555555555,0
200.50000000001134,0.4101061988764386,0.16319444444444445,0
200.55000000001135,0.3855009095309187,0.2829861111111111,0
200.60000000001136,0.3587983136907386,0.3402777777777777,0
200.65000000001137,0.3581666468194251,0.31944444444444436,0
200.70000000001139,0.9999999999999862,0.1909722222222222,0
200.7500000000114,0.3615186722400089,0.2604166666666667,0
200.8000000000114,0.3214506891897214,0.3263888888888888,0
200.85000000001142,0.338479433483223,0.3454861111111111,0
200.90000000001143,0.405942078164521,0.31944444444444453,0
200.95000000001144,0.39319399035065145,0.2517361111111111,0
201.00000000001145,0.39156034748244967,0.37152777777777773,0
201.05000000001147,0.3832027683339735,0.32638888888888895,0
201.10000000001148,0.3648841479069862,0.40624999999999994,0
201.1500000000115,0.33840614036490135,0.23263888888888892,0
201.2000000000115,0.31540042038135657,0.2725694444444445,0
201.2500000000115,0.29743927589685715,0.1684027777777778,0
201.30000000001152,0.2801927681645551,0.30034722222222215,0
201.35000000001153,0.2690229078980878,0.1979166666666667,0
201.40000000001154,0.25529821065918834,0.31249999999999994,0
201.45000000001156,0.23203581019172947,0.2274305555555556,0
201.50000000001157,0.21753071320646022,0.21701388888888892,0
201.55000000001158,0.22853053563020662,0.2586805555555555,0
201.6000000000116,0.2307343682215367,0.28472222222222227,0
201.6500000000116,0.21387747929281203,0.32465277777777773,0
201.7000000000116,0.21930231042702616,0.24652777777777782,0
201.75000000001162,0.21278780872412761,0.2256944444444445,0
201.80000000001164,0.2042237879453746,0.2986111111111112,0
201.85000000001165,0.19537714771484754,0.2638888888888889,0
201.90000000001166,0.2063429502182774,0.2829861111111111,0
201.95000000001167,0.2473067429925857,0.28125000000000006,0
202.00000000001168,0.24886700204236106,0.2829861111111111,0
202.0500000000117,0.24823702032852388,0.20138888888888887,0
202.1000000000117,0.23971746910102054,0.3072916666666667,0
202.15000000001172,0.24328681407620897,0.23090277777777782,0
202.20000000001173,0.2276779152114442,0.33159722222222227,0
202.25000000001174,0.2110861512308376,0.267361111111111,0
202.30000000001175,0.22233372215784575,0.2604166666666666,0
202.35000000001176,0.22615916494574842,0.2552083333333332,0
202.40000000001177,0.20742174217003656,0.2482638888888888,0
202.45000000001178,0.2286294507959484,0.2465277777777777,0
202.5000000000118,0.21156461824494022,0.25694444444444436,0
202.5500000000118,0.18014632198862363,0.17881944444444445,0
202.60000000001182,0.17924015029445334,0.2152777777777778,0
202.65000000001183,0.16049937816541596,0.26909722222222227,0
202.70000000001184,0.14831406991729765,0.15972222222222227,0
202.75000000001185,0.1150084596295025,0.2517361111111111,0
202.80000000001186,0.16484223453888858,0.33854166666666674,0
202.85000000001187,0.18662206686387053,0.3472222222222221,0
202.9000000000119,0.2159838314180182,0.359375,0
202.9500000000119,0.2358615038340622,0.19444444444444445,0
203.0000000000119,0.21255767079278498,0.23784722222222213,0
203.05000000001192,0.18121444583585194,0.31944444444444436,0
203.10000000001193,0.17545175469775323,0.33159722222222215,0
203.15000000001194,0.22867298291742255,0.25520833333333326,0
203.20000000001195,0.22225189271401694,0.30555555555555564,0
203.25000000001197,0.2060795622390544,0.21701388888888887,0
203.30000000001198,0.21134380990167528,0.22048611111111113,0
203.350000000012,0.20704429294156235,0.31076388888888895,0
203.400000000012,0.19552718709108055,0.32986111111111105,0
203.450000000012,0.21899491701776228,0.22916666666666663,0
203.50000000001202,0.23160129752301323,0.28645833333333337,0
203.55000000001203,0.22285739503761126,0.27256944444444436,0
203.60000000001205,0.22639967352272805,0.2829861111111111,0
203.65000000001206,0.2359159417071752,0.3541666666666667,0
203.70000000001207,0.22845286901890996,0.30034722222222227,0
203.75000000001208,0.23776996143099083,0.2152777777777778,0
203.8000000000121,0.23784925344896035,0.20138888888888887,0
203.8500000000121,0.24181970812696066,0.24479166666666663,0
203.9000000000121,0.21218954548707106,0.17361111111111113,0
203.95000000001212,0.198264662208612,0.3020833333333334,0
204.00000000001214,0.4224074467703817,0.3333333333333333,0
204.05000000001215,0.41719044014818113,0.22743055555555558,0
204.10000000001216,0.4280910598707335,0.3125000000000001,0
204.15000000001217,0.4288997529398147,0.36458333333333326,0
204.20000000001218,0.43305677218274274,0.3489583333333333,0
204.2500000000122,0.4333306190536844,0.31944444444444453,0
204.3000000000122,0.4182766364564197,0.26736111111111105,1
204.35000000001222,0.42056035375205425,0.2447916666666666,1
204.40000000001223,0.4170841861500508,0.30555555555555564,1
204.45000000001224,0.39792037823006643,0.24652777777777787,1
204.50000000001225,0.4019387263374938,0.2638888888888889,1
204.55000000001226,0.40602388491140146,0.359375,1
204.60000000001227,0.3936400127230682,0.3802083333333333,1
204.65000000001228,0.3962196240569055,0.32465277777777785,1
204.7000000000123,0.39264333492149855,0.34548611111111116,1
204.7500000000123,0.39116194047469127,0.7343749999999999,1
204.80000000001232,0.388593328767228,0.7343749999999999,0
204.85000000001233,0.3819157128492463,0.7343749999999999,0
204.90000000001234,0.37294660757242093,0.7135416666666665,0
204.95000000001235,0.36751692250416323,0.40277777777777773,0
205.00000000001236,0.35104426983393805,0.4392361111111111,0
205.05000000001237,0.3537662102796247,0.36284722222222215,1
205.1000000000124,0.3477943995038965,0.2986111111111111,1
205.1500000000124,0.3280259655824661,0.2708333333333333,1
205.2000000000124,0.31758210417159605,0.22569444444444445,1
205.25000000001242,0.3258736753011866,0.2951388888888889,1
205.30000000001243,0.3157995936799428,0.22395833333333334,1
205.35000000001244,0.31014491352663404,0.2847222222222222,1
205.40000000001245,0.2959031063726021,0.2743055555555555,1
205.45000000001247,0.2860176487173844,0.3489583333333333,1
205.50000000001248,0.28504483234163225,0.296875,1
205.5500000000125,0.28757461079180313,0.3107638888888889,1
205.6000000000125,0.26885346074580085,0.3368055555555555,1
205.6500000000125,0.2371833139260334,0.2465277777777778,1
205.70000000001252,0.2382796845643561,0.30034722222222227,1
205.75000000001253,0.2401442204676119,0.29861111111111116,1
205.80000000001255,0.2532175628845203,0.32638888888888895,1
205.85000000001256,0.23778474061046606,0.2760416666666667,1
205.90000000001257,0.23737369452170773,0.33159722222222227,1
205.95000000001258,0.2629057582613941,0.3385416666666666,1
206.0000000000126,0.6905203865836237,0.3454861111111111,1
206.0500000000126,0.6869191176041418,0.3333333333333333,1
206.1000000000126,0.6872093585854737,0.3194444444444445,1
206.15000000001262,0.6818057115811362,0.4756944444444445,1
206.20000000001264,0.6762836930377141,0.45312500000000006,1
206.25000000001265,0.6698575711941431,0.4270833333333334,1
206.30000000001266,0.6642910308932206,0.37847222222222215,1
206.35000000001267,0.6575980358578395,0.3385416666666667,1
206.40000000001268,0.6520138709517103,0.3680555555555555,1
206.4500000000127,0.6461685399394854,0.3663194444444444,1
206.5000000000127,0.6356479776020885,0.37152777777777773,1
206.55000000001272,0.628618616843127,0.390625,1
206.60000000001273,0.6144643473507793,0.4618055555555556,1
206.65000000001274,0.6060527315432099,0.4947916666666668,1
206.70000000001275,0.5965841483986017,0.34722222222222215,1
206.75000000001276,0.5934011911899241,0.47048611111111116,1
206.80000000001277,0.5890182059268613,0.4149305555555556,1
206.85000000001278,0.5775493470894864,0.42534722222222227,1
206.9000000000128,0.5690680656812194,0.43923611111111116,1
206.9500000000128,0.5583445260790308,0.3663194444444444,1
207.00000000001282,0.5320998544722497,0.3958333333333333,1
207.05000000001283,0.5123362840890355,0.4618055555555556,1
207.10000000001284,0.5006786268390234,0.4791666666666668,1
207.15000000001285,0.492384401893087,0.40277777777777773,1
207.20000000001286,0.4824111746353169,0.3854166666666667,1
207.25000000001288,0.4700343520032302,0.3680555555555555,1
207.3000000000129,0.4473432379149442,0.3732638888888889,1
207.3500000000129,0.42967019138908924,0.41145833333333326,1
207.4000000000129,0.4209380878950208,0.4010416666666667,1
207.45000000001292,0.39910676108539017,0.3315972222222223,1
207.50000000001293,0.38699704469588403,0.3020833333333333,1
207.55000000001294,0.35952099053913616,0.3541666666666667,1
207.60000000001295,0.3352492814545096,0.32118055555555564,1
207.65000000001297,0.33552071271854855,0.2743055555555556,1
207.70000000001298,0.33545553050952426,0.2690972222222222,1
207.750000000013,0.3238414872029412,0.3541666666666667,1
207.800000000013,0.30408626363141833,0.3263888888888889,1
207.850000000013,0.28421653893276067,0.3454861111111111,1
207.90000000001302,0.24599264957883155,0.2586805555555555,1
207.95000000001303,0.2119322553702636,0.2795138888888889,1
208.00000000001305,0.221868265215379,0.23437500000000003,1
208.05000000001306,0.21285190639405205,0.33159722222222215,1
208.10000000001307,0.19410551451739055,0.3385416666666667,1
208.15000000001308,0.17939352457334556,0.2951388888888889,1
208.2000000000131,0.18807077450963855,0.26388888888888884,1
208.2500000000131,0.18836789751943006,0.26909722222222215,1
208.3000000000131,0.19189443990698424,0.21006944444444442,1
208.35000000001313,0.19960486397016888,0.3194444444444445,1
208.40000000001314,0.21041645454031915,0.32118055555555564,1
208.45000000001315,0.22107496518329203,0.31597222222222227,1
208.50000000001316,0.19781917297214843,0.203125,1
208.55000000001317,0.20328542818460987,0.1996527777777778,1
208.60000000001318,0.21272520953336166,0.2864583333333333,1
208.6500000000132,0.19502284933397818,0.310763888888889,1
208.7000000000132,0.20110347525953756,0.18402777777777776,1
208.75000000001322,0.2110440387812689,0.2916666666666667,1
208.80000000001323,0.18596203471241998,0.3020833333333334,1
208.85000000001324,0.17680963410415168,0.2829861111111111,1
208.90000000001325,0.16325375057442873,0.2586805555555555,1
208.95000000001326,0.16299236313969223,0.29340277777777785,1
209.00000000001327,0.21373950766403219,0.296875,1
209.05000000001328,0.20742380022112597,0.32812500000000006,1
209.1000000000133,0.17011967035432593,0.32465277777777785,1
209.1500000000133,0.22514509716775488,0.24479166666666666,1
209.20000000001332,0.2084719864861483,0.3663194444444444,1
209.25000000001333,0.2347511105047098,0.18055555555555558,1
209.30000000001334,0.22319007571494293,0.18229166666666666,1
209.35000000001335,0.2038903723979112,0.31944444444444453,1
209.40000000001336,0.20066576170550243,0.15277777777777773,1
209.45000000001338,0.21465623086136562,0.3038194444444445,1
209.5000000000134,0.21639655175048855,0.22916666666666663,1
209.5500000000134,0.21672211769614358,0.3402777777777777,1
209.6000000000134,0.22130925281530242,0.34201388888888884,1
209.65000000001342,0.22386850858641258,0.27256944444444436,1
209.70000000001343,0.2026258598363953,0.34374999999999994,1
209.75000000001344,0.23136436046764644,0.2430555555555556,1
209.80000000001345,0.19684427282231057,0.23958333333333337,1
209.85000000001347,0.21822117934391183,0.2847222222222222,1
209.90000000001348,0.17850290619164275,0.23611111111111113,1
209.9500000000135,0.1775688911098827,0.2222222222222222,1
210.0000000000135,0.5706980259781139,0.34895833333333326,1
210.0500000000135,0.5787392682993266,0.30902777777777773,1
210.10000000001352,0.5610128147926559,0.40277777777777773,1
210.15000000001353,0.5538807942203187,0.35937499999999994,1
210.20000000001355,0.5453041062315932,0.27430555555555547,1
210.25000000001356,0.5369804764951989,0.27083333333333326,1
210.30000000001357,0.5291595211059866,0.2916666666666667,0
210.35000000001358,0.5220124608279599,0.4930555555555556,0
210.4000000000136,0.5117556640952146,0.501736111111111,0
210.4500000000136,0.49733661743689556,0.361111111111111,1
210.5000000000136,0.4854696360848515,0.3802083333333332,1
210.55000000001363,0.4708075602986622,0.37847222222222215,1
210.60000000001364,0.4601031236584135,0.3958333333333333,1
210.65000000001365,0.4471466440486443,0.4739583333333333,0
210.70000000001366,0.428586692855064,0.33506944444444436,0
210.75000000001367,0.42328114637501224,0.6354166666666666,1
210.80000000001368,0.40674933966072496,0.6805555555555557,1
210.8500000000137,0.389454078243111,0.6805555555555557,0
210.9000000000137,0.3809063963566271,0.6805555555555557,0
210.95000000001372,0.37330192437281995,0.6597222222222222,0
211.00000000001373,0.3759477913514848,0.3680555555555555,0
211.05000000001374,0.37062891138913484,0.3038194444444445,0
211.10000000001375,0.35112354840681453,0.37152777777777785,0
211.15000000001376,0.333731331744257,0.19270833333333334,0
211.20000000001377,0.33253298823959276,0.2118055555555555,0
211.25000000001378,0.3237906308267938,0.29340277777777773,0
211.3000000000138,0.29540564765723937,0.23437499999999997,0
211.3500000000138,0.2697488054024569,0.22569444444444442,0
211.40000000001382,0.2520495054218022,0.3142361111111111,0
211.45000000001383,0.23873301260189683,0.27430555555555547,0
211.50000000001384,0.2334215399441832,0.34201388888888884,0
211.55000000001385,0.2190752126914817,0.2864583333333333,0
211.60000000001386,0.20697112273817717,0.25868055555555564,0
211.65000000001388,0.23565716740107195,0.29340277777777773,0
211.7000000000139,0.2547841896373413,0.25173611111111116,0
211.7500000000139,0.23652751091907676,0.31597222222222227,0
211.8000000000139,0.2140929456237334,0.2118055555555555,0
211.85000000001392,0.2027609766765827,0.26736111111111105,0
211.90000000001393,0.2159958685883756,0.21527777777777776,0
211.95000000001394,0.19566451707419708,0.25347222222222227,0
212.00000000001396,0.44670422020259554,0.4791666666666667,0
212.05000000001397,0.43390936775487604,0.4149305555555556,0
212.10000000001398,0.4235854718242285,0.3854166666666667,0
212.150000000014,0.4233498461256497,0.27777777777777773,0
212.200000000014,0.4047731696913199,0.26388888888888884,0
212.250000000014,0.37854279578077454,0.2986111111111111,0
212.30000000001402,0.33519594335565955,0.3524305555555554,0
212.35000000001403,0.3173442816466523,0.24479166666666663,0
212.40000000001405,0.3026565839395182,0.3020833333333333,0
212.45000000001406,0.2798649044065209,0.24999999999999997,0
212.50000000001407,0.24858670527960738,0.23958333333333337,0
212.55000000001408,0.2499470958761204,0.31076388888888895,0
212.6000000000141,0.2231507193994616,0.3020833333333333,0
212.6500000000141,0.23057723748217746,0.27083333333333326,0
212.70000000001411,0.22435408184229588,0.23263888888888887,0
212.75000000001413,0.21869497605137334,0.2222222222222222,0
212.80000000001414,0.2006404489062956,0.2274305555555555,0
212.85000000001415,0.1810095392808333,0.2222222222222222,0
212.90000000001416,0.1910929662857167,0.42361111111111116,0
212.95000000001417,0.2027863975519491,0.26736111111111105,0
213.00000000001418,0.2204449241864342,0.3055555555555555,0
213.0500000000142,0.22498546334384562,0.29861111111111105,0
213.1000000000142,0.2254098919113355,0.3333333333333333,0
213.15000000001422,0.24761870439380068,0.27777777777777773,0
213.20000000001423,0.2554145038106433,0.30034722222222227,0
213.25000000001424,0.27373102853315073,0.20659722222222218,0
213.30000000001425,0.25327674685016216,0.18750000000000003,0
213.35000000001426,0.1893555012462933,0.3055555555555556,0
213.40000000001427,0.17586837310693407,0.3177083333333333,0
213.45000000001428,0.5978905233630525,0.3229166666666667,0
213.5000000000143,0.5764999002453427,0.22743055555555555,0
213.5500000000143,0.5552405067260194,0.26562500000000006,0
213.60000000001432,0.5413302405095625,0.28472222222222215,0
213.65000000001433,0.517551243392819,0.3854166666666667,0
213.70000000001434,0.485855358837583,0.3020833333333333,0
213.75000000001435,0.45371204813841176,0.2152777777777778,0
213.80000000001436,0.43667032075163653,0.2864583333333333,0
213.85000000001438,0.4231846146579678,0.3020833333333333,0
213.9000000000144,0.4094218952913354,0.2725694444444445,0
213.9500000000144,0.4145995668640664,0.27256944444444436,0
214.0000000000144,0.47382296457389506,0.3680555555555555,0
214.05000000001442,0.48901049038570804,0.37847222222222227,0
214.10000000001443,0.4887851251156472,0.3194444444444445,0
214.15000000001444,0.4854920082208142,0.3385416666666667,0
214.20000000001446,0.4821348971028899,0.2586805555555555,0
214.25000000001447,0.4910546470190772,0.24826388888888892,0
214.30000000001448,0.5724147134022115,0.30902777777777785,0
214.3500000000145,0.46872256158933273,0.17013888888888887,0
214.4000000000145,0.4408387598764312,0.31597222222222227,0
214.4500000000145,0.4563254687346318,0.23958333333333334,0
214.50000000001452,0.5648463110514147,0.3107638888888889,0
214.55000000001453,0.5013629166946071,0.24131944444444445,0
214.60000000001455,0.4824992029796527,0.2065972222222222,0
214.65000000001456,0.46897914511244804,0.24826388888888892,0
214.70000000001457,0.40506170878651354,0.3055555555555556,0
214.75000000001458,0.3627883786788909,0.22222222222222218,0
214.8000000000146,0.2876125441073781,0.24131944444444445,0
214.8500000000146,0.27725359330406696,0.16840277777777776,0
214.90000000001461,0.24654644112832408,0.2690972222222222,0
214.95000000001463,0.2632748063998673,0.20486111111111108,0
215.00000000001464,0.4227934642045139,0.3246527777777778,0
215.05000000001465,0.4451191651694983,0.32118055555555564,0
215.10000000001466,0.4402744054245726,0.29687500000000006,0
215.15000000001467,0.3939845879359614,0.2673611111111111,0
215.20000000001468,0.4229597799740263,0.3281250000000001,0
215.2500000000147,0.41573798421483465,0.30729166666666674,0
215.3000000000147,0.42142686547869357,0.32118055555555564,0
215.35000000001472,0.4104435601346662,0.3125000000000001,0
215.40000000001473,0.38840348443228684,0.24826388888888892,0
215.45000000001474,0.38360186863994616,0.22743055555555558,0
215.50000000001475,0.37354334231078656,0.2795138888888889,0
215.55000000001476,0.38060999350873664,0.18229166666666666,0
215.60000000001477,0.3257381604587119,0.27777777777777773,0
215.65000000001478,0.3344409531645028,0.3420138888888889,0
215.7000000000148,0.9999998736325475,0.20486111111111113,0
215.7500000000148,0.289682628853578,0.26909722222222215,0
215.80000000001482,0.32863553798152434,0.31944444444444453,0
215.85000000001483,0.3317615010139849,0.2552083333333333,0
215.90000000001484,0.33674835253266955,0.17013888888888892,0
215.95000000001485,0.9999998214816632,0.2847222222222222,0
216.00000000001486,0.7312835092425767,0.2795138888888889,0
216.05000000001488,0.710455425003228,0.30555555555555547,0
216.1000000000149,0.7102434198530808,0.3697916666666666,0
216.1500000000149,0.7134945561250389,0.3802083333333333,0
216.2000000000149,0.7011103346861142,0.3732638888888889,0
216.25000000001492,0.6996079828272084,0.3177083333333333,1
216.30000000001493,0.6946390430387088,0.3645833333333334,1
216.35000000001494,0.6916497348132562,0.35243055555555564,0
216.40000000001496,0.6698324845945787,0.44270833333333326,0
216.45000000001497,0.6896937823267388,0.6545138888888887,0
216.50000000001498,0.6924981906408488,0.7013888888888888,0
216.550000000015,0.6884032362108694,0.42013888888888884,0
216.600000000015,0.685345673254272,0.34375000000000006,0
216.650000000015,0.6610872175950612,0.2517361111111111,0
216.70000000001502,0.6594466860448345,0.345486111111111,0
216.75000000001504,0.6450385774645269,0.2708333333333333,0
216.80000000001505,0.6205134266811374,0.30902777777777785,0
216.85000000001506,0.6051857677404403,0.2534722222222222,0
216.90000000001507,0.5967707535074473,0.32118055555555564,0
216.95000000001508,0.5975790700030115,0.30729166666666674,0
217.0000000000151,0.7397074701968447,0.2604166666666667,0
217.0500000000151,0.7683680556575059,0.2760416666666667,0
217.10000000001511,0.7169772781841849,0.3645833333333333,0
217.15000000001513,0.7026119006097035,0.18923611111111108,0
217.20000000001514,0.6959232171510149,0.2291666666666667,0
217.25000000001515,0.6728802031156579,0.38020833333333326,0
217.30000000001516,0.6827403145132523,0.23263888888888887,0
217.35000000001517,0.6662543554212176,0.22048611111111116,0
217.40000000001518,0.6576061377727298,0.31423611111111105,0
217.4500000000152,0.6315392050115084,0.18229166666666666,0
217.5000000000152,0.6297642266752904,0.2621527777777778,0
217.55000000001522,0.6105282170313494,0.23611111111111108,0
217.60000000001523,0.5993403349697163,0.28125,0
217.65000000001524,0.580317248425531,0.22916666666666663,0
217.70000000001525,0.5689451186595151,0.26909722222222227,0
217.75000000001526,0.5538662157665177,0.1840277777777778,0
217.80000000001527,0.5544311344725877,0.2899305555555555,0
217.85000000001529,0.5513617019612614,0.2638888888888888,0
217.9000000000153,0.543711220716427,0.24826388888888887,0
217.9500000000153,0.5412814141661587,0.3333333333333332,0
218.00000000001532,0.7116893902068134,0.2899305555555555,0
218.05000000001533,0.7045123381568912,0.4201388888888889,0
218.10000000001534,0.6862525963564899,0.3020833333333333,0
218.15000000001535,0.692929321101432,0.2881944444444444,0
218.20000000001536,0.6759718850958107,0.3489583333333334,1
218.25000000001538,0.6660084572406744,0.3663194444444445,1
218.3000000000154,0.6584122425918153,0.30555555555555564,1
218.3500000000154,0.650691059246498,0.3802083333333333,1
218.4000000000154,0.6506621772798141,0.34895833333333326,1
218.45000000001542,0.6545762971740117,0.3541666666666666,1
218.50000000001543,0.6474475549254862,0.26388888888888884,1
218.55000000001544,0.6364509070788644,0.2795138888888889,1
218.60000000001546,0.6287556360008048,0.30729166666666674,1
218.65000000001547,0.623459793967746,0.28645833333333326,1
218.70000000001548,0.6157116080256715,0.34374999999999994,1
218.7500000000155,0.6125387503041084,0.3020833333333334,1
218.8000000000155,0.6057993448437297,0.29513888888888895,1
218.8500000000155,0.5843884415173182,0.24131944444444442,1
218.90000000001552,0.5739793108290383,0.25173611111111116,1
218.95000000001554,0.5590172974295101,0.19965277777777776,1
219.00000000001555,0.7591572864635386,0.3454861111111111,1
219.05000000001556,0.7584388671729596,0.298611111111111,1
219.10000000001557,0.7586496160557729,0.24479166666666663,1
219.15000000001558,0.7520405543057097,0.3385416666666668,1
219.2000000000156,0.7477496944536951,0.3368055555555554,1
219.2500000000156,0.738134177573392,0.27777777777777773,1
219.30000000001561,0.7394028667333667,0.2465277777777777,1
219.35000000001563,0.7360935815395371,0.329861111111111,1
219.40000000001564,0.7251845029359855,0.23263888888888884,1
219.45000000001565,0.721561943055117,0.2951388888888889,1
219.50000000001566,0.705907405763102,0.2986111111111112,1
219.55000000001567,0.6974661543639928,0.2725694444444445,1
219.60000000001568,0.6961424224630628,0.3020833333333334,1
219.6500000000157,0.6883296578404161,0.20833333333333334,1
219.7000000000157,0.6671651958612591,0.23437499999999992,1
219.75000000001572,0.6571725332960697,0.23437499999999997,1
219.80000000001573,0.6402013108965712,0.24305555555555558,1
219.85000000001574,0.6345739114027966,0.31249999999999994,1
219.90000000001575,0.6202168834613159,0.3541666666666667,1
219.95000000001576,0.9999999999999801,0.30555555555555564,1
220.00000000001577,0.9999999999999747,0.37500000000000006,1
220.05000000001579,0.9999999999999721,0.23784722222222224,1
220.1000000000158,0.6797606281821019,0.29513888888888895,1
220.1500000000158,0.9999999999999886,0.2743055555555555,1
220.20000000001582,0.9999999725463948,0.23784722222222218,1
220.25000000001583,0.5319285541629741,0.2135416666666667,1
220.30000000001584,0.5039282358904986,0.2986111111111112,1
220.35000000001585,0.486799848967194,0.22048611111111113,1
220.40000000001586,0.47296776519701905,0.314236111111111,1
220.45000000001588,0.4358753424954584,0.2725694444444444,1
220.5000000000159,0.4150165330964664,0.23958333333333326,1
220.5500000000159,0.4301961559388693,0.25347222222222215,1
220.6000000000159,0.4613723764944596,0.20138888888888892,1
220.65000000001592,0.4403829749508164,0.2621527777777778,1
220.70000000001593,0.4172300448615248,0.3836805555555556,1
220.75000000001594,0.39914408689107117,0.23263888888888887,1
220.80000000001596,0.368805330418097,0.30555555555555547,1
220.85000000001597,0.9999999603140264,0.2152777777777778,1
220.90000000001598,0.3040371715597025,0.21875000000000003,1
220.950000000016,0.29470756193282366,0.3020833333333334,1
221.000000000016,0.687604474396309,0.329861111111111,1
221.050000000016,0.6897405673437792,0.2795138888888889,1
221.10000000001602,0.7101028264153678,0.25173611111111116,1
221.15000000001604,0.6803323612312077,0.3680555555555555,1
221.20000000001605,0.6805326908989076,0.3524305555555555,1
221.25000000001606,0.6683642403229254,0.2673611111111111,1
221.30000000001607,0.7060469949840199,0.26562499999999994,1
221.35000000001608,0.6464010913417247,0.24652777777777776,1
221.4000000000161,0.6378121411523747,0.2708333333333333,1
221.4500000000161,0.6363573834367362,0.23437499999999997,1
221.50000000001612,0.6226616926982921,0.17187500000000003,1
221.55000000001613,0.6219267661441579,0.20486111111111113,1
221.60000000001614,0.5985626984880217,0.2413194444444444,1
221.65000000001615,0.5812894255594987,0.3385416666666665,1
221.70000000001616,0.5821743332383627,0.32812499999999983,1
221.75000000001617,0.5777680407167338,0.24652777777777776,1
221.80000000001618,0.5833546418180844,0.3489583333333333,1
221.8500000000162,0.5431211938685797,0.2135416666666667,1
221.9000000000162,0.537791744723334,0.2586805555555556,1
221.95000000001622,0.5413358860807685,0.16666666666666666,1
222.00000000001623,0.522861142163776,0.2395833333333333,1
222.05000000001624,0.4909840804192977,0.32986111111111116,1
222.10000000001625,0.7121703205588837,0.32986111111111116,1
222.15000000001626,0.9999999605356302,0.32986111111111116,1
222.20000000001627,0.44505567197196677,0.32986111111111116,1
222.25000000001629,0.4045850874771126,0.32986111111111116,1
222.3000000000163,0.37051812173112586,0.32986111111111116,1
222.3500000000163,0.34004418458046753,0.4131944444444445,1
222.40000000001632,0.314195757287722,0.4270833333333334,0
222.45000000001633,0.3104967974654593,0.43750000000000017,0
222.50000000001634,0.9999999248895297,0.6145833333333335,0
222.55000000001635,0.9999999062732096,0.5937500000000001,0
222.60000000001637,0.9999999004708988,0.2413194444444444,0
222.65000000001638,0.2646861807993687,0.18402777777777776,0
222.7000000000164,0.2506283622898698,0.2725694444444445,0
222.7500000000164,0.1374741577152803,0.23263888888888892,0
222.8000000000164,0.9999998254914568,0.26215277777777773,0
222.85000000001642,0.9999999025551003,0.373263888888889,0
222.90000000001643,0.2169697507895759,0.3559027777777779,0
222.95000000001644,0.15398233036855585,0.31423611111111116,0
223.00000000001646,0.5962941827842737,0.28472222222222227,0
223.05000000001647,0.5901578137415108,0.23958333333333337,0
223.10000000001648,0.5881691413297535,0.2916666666666667,0
223.1500000000165,0.5660934360958821,0.2829861111111112,0
223.2000000000165,0.5777391257924827,0.2743055555555556,0
223.2500000000165,0.5804775952668891,0.2135416666666667,0
223.30000000001652,0.5721336512639239,0.2829861111111112,0
223.35000000001654,0.5601158294370169,0.23437500000000008,0
223.40000000001655,0.5336766435756463,0.2586805555555555,0
223.45000000001656,0.5304223110959092,0.22048611111111116,0
223.50000000001657,0.5296493696485493,0.31249999999999994,0
223.55000000001658,0.5384503451757222,0.2065972222222222,0
223.6000000000166,0.5397363170565634,0.30208333333333326,0
223.6500000000166,0.5245515420419237,0.2274305555555556,0
223.70000000001662,0.5226231761453353,0.26041666666666663,0
223.75000000001663,0.5279303316069681,0.21527777777777782,0
223.80000000001664,0.5110123886276796,0.23263888888888884,0
223.85000000001665,0.5057589245552973,0.23263888888888895,0
223.90000000001666,0.5069739728220226,0.2864583333333334,0
223.95000000001667,0.48272349657627284,0.24652777777777776,0
224.00000000001668,0.5877900997628382,0.2274305555555556,0
224.0500000000167,0.5713964188632418,0.2725694444444444,0
224.1000000000167,0.5655215220771941,0.21006944444444445,0
224.15000000001672,0.5411298593546119,0.20833333333333334,0
224.20000000001673,0.6432068989091593,0.20659722222222224,0
224.25000000001674,0.48777418579162796,0.2378472222222223,0
224.30000000001675,0.38749235810678295,0.2725694444444445,0
224.35000000001676,0.3560276785649218,0.20138888888888892,0
224.40000000001677,0.9999999999996165,0.2795138888888889,0
224.4500000000168,0.2942449502402973,0.26215277777777773,0
224.5000000000168,0.30239928816072,0.30381944444444453,0
224.5500000000168,0.3133597176366377,0.23263888888888887,0
224.60000000001682,0.32978513301343937,0.2395833333333333,0
224.65000000001683,0.3126772492887354,0.23437500000000003,0
224.70000000001684,0.2822607047691172,0.3368055555555555,0
224.75000000001685,0.9999999999997802,0.3350694444444444,0
224.80000000001687,0.25175171986115574,0.27604166666666663,0
224.85000000001688,0.27537742698358775,0.3003472222222223,0
224.9000000000169,0.9999998903741426,0.3072916666666668,0
224.9500000000169,0.9999997827157844,0.2881944444444445,0
225.0000000000169,0.9999999999999051,0.32812500000000006,0
225.05000000001692,0.4132965369240579,0.24131944444444445,0
225.10000000001693,0.3536388798919024,0.3055555555555556,0
225.15000000001695,0.999999867274319,0.2673611111111111,0
225.20000000001696,0.9999999486962441,0.29513888888888884,0
225.25000000001697,0.9999999999999678,0.2899305555555555,0
225.30000000001698,0.99999999999997,0.22916666666666666,0
225.350000000017,0.3557840809517571,0.19097222222222224,0
225.400000000017,0.2946348154544933,0.2777777777777778,0
225.450000000017,0.25080583315164096,0.23958333333333337,0
225.50000000001702,0.21208442568880373,0.2916666666666667,0
225.55000000001704,0.9999999446389484,0.2638888888888889,0
225.60000000001705,0.9999999999999195,0.2222222222222223,0
225.65000000001706,0.9999999999994698,0.3072916666666666,0
225.70000000001707,0.9999999999999943,0.2638888888888889,0
225.75000000001708,0.18311635883349553,0.2447916666666667,0
225.8000000000171,0.16079713850628038,0.32465277777777785,0
225.8500000000171,0.2538665717241979,0.31944444444444453,0
225.90000000001712,0.2670698910312835,0.22743055555555558,0
225.95000000001713,0.30985579288942794,0.19444444444444445,0
226.00000000001714,0.39507410466445975,0.3333333333333334,0
226.05000000001715,0.3954682353577474,0.3159722222222223,0
226.10000000001716,0.37800481367053573,0.22743055555555555,0
226.15000000001717,0.37031530492891046,0.22743055555555558,0
226.20000000001718,0.36142847784609744,0.20833333333333337,0
226.2500000000172,0.3478810953800712,0.25520833333333337,0
226.3000000000172,0.3404700125957005,0.19965277777777787,0
226.35000000001722,0.3250007815438063,0.26215277777777773,0
226.40000000001723,0.2904532356080944,0.31250000000000006,0
226.45000000001724,0.2698043724628152,0.19618055555555555,0
226.50000000001725,0.25538657960551747,0.18750000000000003,0
226.55000000001726,0.23757343051939003,0.2864583333333333,0
226.60000000001727,0.22171800301815534,0.3420138888888888,0
226.6500000000173,0.23467679216006757,0.33333333333333326,0
226.7000000000173,0.25428846371593383,0.21006944444444445,0
226.7500000000173,0.25693128094778644,0.18576388888888895,0
226.80000000001732,0.2355490942657831,0.2569444444444445,0
226.85000000001733,0.2337755558935036,0.22048611111111113,0
226.90000000001734,0.21684068030584505,0.3229166666666666,0
226.95000000001735,0.2126686665308255,0.20833333333333337,0
227.00000000001737,0.33146530399680035,0.37326388888888884,0
227.05000000001738,0.33712343091174773,0.39409722222222227,0
227.1000000000174,0.3229056495487546,0.3541666666666666,0
227.1500000000174,0.3068430087359123,0.17881944444444453,0
227.2000000000174,0.2982642572758677,0.20486111111111113,0
227.25000000001742,0.2695997728184997,0.2465277777777778,0
227.30000000001743,0.25668443398157453,0.3020833333333333,0
227.35000000001745,0.2288223234432922,0.2986111111111111,0
227.40000000001746,0.23109975898390916,0.1840277777777778,0
227.45000000001747,0.2255078348036089,0.24131944444444445,0
227.50000000001748,0.18839910301435314,0.26041666666666663,0
227.5500000000175,0.20224059151914936,0.22048611111111113,0
227.6000000000175,0.18564690858533944,0.25520833333333337,0
227.6500000000175,0.18157985336093188,0.3541666666666666,0
227.70000000001752,0.16408248145848428,0.3177083333333334,0
227.75000000001754,0.17660567354110115,0.16145833333333326,0
227.80000000001755,0.15102182180192647,0.23263888888888887,0
227.85000000001756,0.12896771125105663,0.32638888888888895,0
227.90000000001757,0.13951239784879077,0.3454861111111112,0
227.95000000001758,0.12055499117999148,0.20486111111111113,0
228.0000000000176,0.2865278414148801,0.25694444444444453,0
228.0500000000176,0.30306319602777004,0.2690972222222222,0
228.10000000001762,0.30414833387470935,0.23958333333333334,0
228.15000000001763,0.30433025578141903,0.26215277777777773,0
228.20000000001764,0.30165416217944924,0.2552083333333333,0
228.25000000001765,0.2775782130610612,0.23263888888888887,0
228.30000000001766,0.25512105009436076,0.26041666666666663,0
228.35000000001767,0.26682045746656324,0.2743055555555555,0
228.40000000001768,0.2664972260289026,0.2951388888888889,0
228.4500000000177,0.2631495564411877,0.25520833333333337,0
228.5000000000177,0.2699867324990067,0.20833333333333337,0
228.55000000001772,0.26779988337269145,0.38715277777777785,0
228.60000000001773,0.2678144269980435,0.34895833333333326,0
228.65000000001774,0.28041292386689237,0.2708333333333333,0
228.70000000001775,0.28598205285045997,0.28819444444444436,0
228.75000000001776,0.2875805924791913,0.32118055555555564,0
228.80000000001777,0.2733285377106674,0.34374999999999994,0
228.8500000000178,0.25909949769114826,0.2708333333333333,0
228.9000000000178,0.22287179400207846,0.28645833333333337,0
228.9500000000178,0.2185570942526271,0.24305555555555558,0
229.00000000001782,0.3705663427921332,0.4461805555555555,0
229.05000000001783,0.3830096371816879,0.2864583333333333,0
229.10000000001784,0.38119125143697236,0.26215277777777773,0
229.15000000001785,0.3821054179601475,0.2881944444444445,0
229.20000000001787,0.39412785819748025,0.20659722222222218,0
229.25000000001788,0.3889742790510516,0.3298611111111112,0
229.3000000000179,0.37708739120152607,0.2864583333333333,0
229.3500000000179,0.352515607247267,0.23263888888888887,0
229.4000000000179,0.3545929867735591,0.24652777777777776,0
229.45000000001792,0.35291932436755363,0.20486111111111108,0
229.50000000001793,0.3720661535351975,0.3402777777777777,0
229.55000000001795,0.36483917797695475,0.234375,0
229.60000000001796,0.35113795015479315,0.3020833333333334,0
229.65000000001797,0.3365557719447315,0.27256944444444436,0
229.70000000001798,0.3218871173925519,0.32465277777777773,0
229.750000000018,0.31061121705673206,0.2777777777777777,0
229.800000000018,0.2960424939998176,0.2569444444444444,0
229.850000000018,0.2943359743338438,0.31250000000000006,0
229.90000000001803,0.28380658708149964,0.3090277777777777,0
229.95000000001804,0.288711626215627,0.2899305555555555,0
230.00000000001805,0.5551936452545365,0.3802083333333333,0
230.05000000001806,0.5582649868563926,0.3194444444444445,0
230.10000000001807,0.550924889529578,0.3385416666666666,0
230.15000000001808,0.5446030182894569,0.30729166666666674,0
230.2000000000181,0.531639277673063,0.33506944444444436,0
230.2500000000181,0.5197860602734217,0.1215277777777778,0
230.30000000001812,0.5068011593548752,0.17881944444444442,0
230.35000000001813,0.504971416989207,0.28298611111111116,0
230.40000000001814,0.5024306611947981,0.3333333333333334,0
230.45000000001815,0.49707215740221633,0.32638888888888884,0
230.50000000001816,0.48579237536920294,0.34895833333333326,0
230.55000000001817,0.4738908795602355,0.28472222222222227,0
230.60000000001818,0.44470851760096003,0.2951388888888889,0
230.6500000000182,0.4270838201604873,0.20312499999999992,0
230.7000000000182,0.4092493778376436,0.14409722222222224,0
230.75000000001822,0.39739453146580933,0.2916666666666667,0
230.80000000001823,0.38697698179382034,0.23958333333333334,0
230.85000000001824,0.3760888041262267,0.2552083333333333,0
230.90000000001825,0.3664655566460302,0.4444444444444444,0
230.95000000001826,0.36089369629832224,0.3194444444444445,0
231.00000000001828,0.5364889112372427,0.361111111111111,0
231.0500000000183,0.5260117857711932,0.40798611111111116,0
231.1000000000183,0.5198412447808057,0.32118055555555564,0
231.1500000000183,0.5225038740366736,0.1996527777777778,0
231.20000000001832,0.5133919557615789,0.2951388888888889,0
231.25000000001833,0.4939225170512656,0.29687500000000006,0
231.30000000001834,0.47798622400483315,0.3038194444444445,1
231.35000000001835,0.4551923268107263,0.2586805555555555,1
231.40000000001837,0.4441522599518605,0.4114583333333333,1
231.45000000001838,0.45021707203034445,0.29340277777777785,1
231.5000000000184,0.4351312457507871,0.29340277777777785,1
231.5500000000184,0.4180994174143633,0.29340277777777785,1
231.6000000000184,0.40909774766572715,0.3194444444444445,1
231.65000000001842,0.4008025803727796,0.7569444444444445,0
231.70000000001843,0.3844856354067957,0.7829861111111112,1
231.75000000001845,0.3790260049288687,0.7829861111111112,1
231.80000000001846,0.37122899073372195,0.7829861111111112,0
231.85000000001847,0.3634899863822165,0.7829861111111112,0
231.90000000001848,0.35759324677593046,0.7829861111111112,0
231.9500000000185,0.35020363143777383,0.7673611111111112,0
232.0000000000185,0.47839030358665613,0.5503472222222224,1
232.0500000000185,0.480418075432141,0.4479166666666666,1
232.10000000001853,0.4647579885604349,0.41840277777777773,0
232.15000000001854,0.4619729791904612,0.6302083333333334,0
232.20000000001855,0.4636062319834922,0.420138888888889,0
232.25000000001856,0.46702841676878515,0.420138888888889,0
232.30000000001857,0.4563024616829087,0.420138888888889,0
232.35000000001858,0.44625688601178826,0.420138888888889,0
232.4000000000186,0.4391137289046904,0.420138888888889,1
232.4500000000186,0.43860007276730484,0.420138888888889,1
232.50000000001862,0.4381916267657567,0.44097222222222227,1
232.55000000001863,0.43462771147188906,0.7899305555555555,0
232.60000000001864,0.43218760831926756,0.7899305555555555,0
232.65000000001865,0.4328862447310252,0.7899305555555555,0
232.70000000001866,0.4333272885966941,0.765625,0
232.75000000001867,0.43004363173509175,0.3003472222222222,0
232.80000000001868,0.4101505273742042,0.3402777777777777,0
232.8500000000187,0.3918179980176228,0.2708333333333333,0
232.9000000000187,0.39034953588358,0.31423611111111116,0
232.95000000001872,0.4020195726590752,0.2777777777777778,0
233.00000000001873,0.3916564380483213,0.37152777777777785,0
233.05000000001874,0.38704393629728967,0.28298611111111116,0
233.10000000001875,0.36126550828483656,0.375,0
233.15000000001876,0.352965510723252,0.3229166666666668,0
233.20000000001878,0.32622351214814455,0.310763888888889,0
233.2500000000188,0.3184002636055548,0.2881944444444445,0
233.3000000000188,0.3042522162656094,0.2534722222222222,0
233.3500000000188,0.27192130930901204,0.22395833333333337,0
233.40000000001882,0.2729624463678482,0.26909722222222227,0
233.45000000001883,0.29951539174450426,0.36111111111111116,0
233.50000000001884,0.30034605627579486,0.3038194444444445,0
233.55000000001885,0.28350161658760564,0.2638888888888889,0
233.60000000001887,0.26233267903946617,0.2534722222222222,0
233.65000000001888,0.26901968327505693,0.265625,0
233.7000000000189,0.2511810642110086,0.40972222222222227,0
233.7500000000189,0.23624470129221495,0.35763888888888884,0
233.8000000000189,0.22967035529204435,0.3177083333333335,0
233.85000000001892,0.23429197281092362,0.34201388888888884,0
233.90000000001893,0.21331736585271655,0.2604166666666667,0
233.95000000001895,0.19059358603705573,0.35937499999999994,0
234.00000000001896,0.4965180110226312,0.23611111111111113,0
234.05000000001897,0.49478894473061946,0.35763888888888884,0
234.10000000001898,0.5013366973199255,0.2743055555555556,0
234.150000000019,0.48389211154904854,0.234375,0
234.200000000019,0.47495847927624774,0.34722222222222227,1
234.250000000019,0.4663557424459156,0.24131944444444445,1
234.30000000001903,0.4490102482686749,0.34375,1
234.35000000001904,0.43439277110551683,0.2881944444444444,1
234.40000000001905,0.42744574152940595,0.2517361111111112,1
234.45000000001906,0.4274186962024647,0.3524305555555555,1
234.50000000001907,0.41731964457642773,0.37847222222222227,1
234.55000000001908,0.41889153444502364,0.2760416666666667,1
234.6000000000191,0.40922181536053476,0.1371527777777777,1
234.6500000000191,0.40267091626728835,0.17708333333333334,1
234.70000000001912,0.4175147657888387,0.2135416666666667,1
234.75000000001913,0.3969443482531549,0.2777777777777778,1
234.80000000001914,0.3914963957002824,0.25520833333333337,1
234.85000000001915,0.3790403717417893,0.3402777777777777,1
234.90000000001916,0.3856074146811438,0.21701388888888892,1
234.95000000001917,0.3651299048011766,0.24826388888888884,1
235.00000000001918,0.3760217613285089,0.2725694444444445,1
235.0500000000192,0.3778793648973281,0.24826388888888895,1
235.1000000000192,0.37506140294016665,0.35763888888888884,1
235.15000000001922,0.3785698825437417,0.3993055555555556,1
235.20000000001923,0.34285889724365987,0.295138888888889,1
235.25000000001924,0.31482972252539215,0.2065972222222222,1
235.30000000001925,0.3015232350462928,0.24652777777777776,1
235.35000000001926,0.29589366332209305,0.345486111111111,1
235.40000000001928,0.2987989338941036,0.2569444444444445,1
235.4500000000193,0.3029602612475906,0.3072916666666668,1
235.5000000000193,0.28183510381679583,0.2552083333333333,1
235.5500000000193,0.2839406782115563,0.23784722222222218,1
235.60000000001932,0.25502958992490043,0.21701388888888887,1
235.65000000001933,0.21767185771481576,0.17881944444444445,1
235.70000000001934,0.18494041309466341,0.2986111111111112,1
235.75000000001936,0.17544213764345298,0.35590277777777785,1
235.80000000001937,0.17214718474864438,0.2552083333333334,1
235.85000000001938,0.165137924774373,0.3263888888888888,1
235.9000000000194,0.1644855314290425,0.3090277777777779,1
235.9500000000194,0.17641207700782996,0.2743055555555556,1
236.0000000000194,0.31019179949943576,0.2534722222222222,1
236.05000000001942,0.32707311117075816,0.2725694444444445,1
236.10000000001943,0.33479453078679267,0.3333333333333332,1
236.15000000001945,0.32204442524316484,0.359375,1
236.20000000001946,0.3147712682106249,0.359375,1
236.25000000001947,0.2744549439794379,0.345486111111111,1
236.30000000001948,0.2694705963884177,0.24305555555555555,1
236.3500000000195,0.2842412610054259,0.26562499999999994,1
236.4000000000195,0.26624621618143846,0.3125000000000001,1
236.45000000001951,0.268812738124048,0.22222222222222218,1
236.50000000001953,0.2535191597861872,0.18923611111111108,1
236.55000000001954,0.22243211669878396,0.2829861111111111,1
236.60000000001955,0.2124580490337467,0.2673611111111111,1
236.65000000001956,0.19974938806817277,0.24305555555555555,1
236.70000000001957,0.23081376058668884,0.21701388888888887,1
236.75000000001958,0.18856893655239396,0.21701388888888892,1
236.8000000000196,0.17116092220563306,0.34722222222222227,1
236.8500000000196,0.18896320761671953,0.3020833333333334,1
236.90000000001962,0.2003663761903946,0.2986111111111112,1
236.95000000001963,0.19495967713158255,0.26562499999999994,1
237.00000000001964,0.3736461637767377,0.3315972222222221,1
237.05000000001965,0.3702616596976817,0.42361111111111116,1
237.10000000001966,0.3493540576286122,0.43923611111111116,1
237.15000000001967,0.322915422446755,0.3402777777777777,1
237.20000000001968,0.3327280265268167,0.3229166666666666,1
237.2500000000197,0.3326482416482674,0.2604166666666667,1
237.3000000000197,0.31913523603800004,0.2743055555555555,1
237.35000000001972,0.316069982926452,0.2638888888888889,1
237.40000000001973,0.2866157228862772,0.2586805555555555,1
237.45000000001974,0.27231047903192196,0.16319444444444445,1
237.50000000001975,0.2550508022851391,0.19444444444444445,1
237.55000000001976,0.2406123152175573,0.2065972222222222,1
237.60000000001978,0.19558835076845157,0.30902777777777785,1
237.6500000000198,0.1838954511473917,0.26041666666666663,1
237.7000000000198,0.19644538963673375,0.3038194444444445,1
237.7500000000198,0.20315251479148805,0.2986111111111112,1
237.80000000001982,0.23499523106540232,0.20138888888888887,1
237.85000000001983,0.2655532377318146,0.3489583333333333,1
237.90000000001984,0.2591661043721849,0.27777777777777785,1
237.95000000001986,0.2544372653050452,0.3385416666666665,1
238.00000000001987,0.3096479985489299,0.388888888888889,1
238.05000000001988,0.31466743549667037,0.2829861111111111,1
238.1000000000199,0.3157104111119151,0.3368055555555555,1
238.1500000000199,0.3009833318673464,0.3142361111111112,1
238.2000000000199,0.2854733499408411,0.29166666666666663,1
238.25000000001992,0.26826496345826917,0.23958333333333326,1
238.30000000001993,0.2346895743838364,0.2951388888888888,1
238.35000000001995,0.22919290631207412,0.3489583333333333,1
238.40000000001996,0.20670750365303864,0.41840277777777785,1
238.45000000001997,0.1996400610690323,0.23611111111111113,1
238.50000000001998,0.19422386971950653,0.3211805555555554,1
238.55000000002,0.5976998251962549,0.44791666666666674,1
238.60000000002,0.600644711601719,0.3576388888888889,1
238.65000000002001,0.5903868786018777,0.16840277777777776,1
238.70000000002003,0.5699923815434357,0.22048611111111116,1
238.75000000002004,0.5502970717983464,0.2517361111111111,1
238.80000000002005,0.5250904346985767,0.3732638888888889,1
238.85000000002006,0.5046081282495991,0.37847222222222227,1
238.90000000002007,0.4813563291496688,0.2378472222222222,1
238.95000000002008,0.45641939426120204,0.24826388888888876,1
239.0000000000201,0.4336422715604748,0.34895833333333326,1
239.0500000000201,0.4261891137115626,0.3541666666666667,1
239.10000000002012,0.44416086488426443,0.3003472222222222,1
239.15000000002013,0.43296732583407194,0.3368055555555554,1
239.20000000002014,0.40868142181387973,0.2499999999999999,1
239.25000000002015,0.4421943580750675,0.32812499999999994,1
239.30000000002016,0.4046811025907123,0.28645833333333326,1
239.35000000002017,0.40954103311249024,0.3819444444444444,1
239.40000000002019,0.4077778614045802,0.3993055555555556,1
239.4500000000202,0.47507561675464416,0.31770833333333337,1
239.5000000000202,0.4829601159736434,0.2881944444444445,1
239.55000000002022,0.5806923430337579,0.3854166666666667,1
239.60000000002023,0.4569146014449281,0.3611111111111111,1
239.65000000002024,0.45139698439076453,0.2065972222222222,1
239.70000000002025,0.44902071236976426,0.16145833333333337,1
239.75000000002026,0.4301048235472777,0.23090277777777776,1
239.80000000002028,0.4042235284238639,0.2708333333333332,1
239.8500000000203,0.37359027529304034,0.37326388888888884,1
239.9000000000203,0.32718759626284094,0.2986111111111111,1
239.9500000000203,0.2966436861106878,0.31076388888888895,1
240.00000000002032,0.5456541401463952,0.30034722222222227,1
240.05000000002033,0.5468374223443482,0.3420138888888889,1
240.10000000002034,0.5601354228338196,0.24999999999999992,1
240.15000000002036,0.5592361899799041,0.24999999999999992,1
240.20000000002037,0.5730918999827129,0.25694444444444436,1
240.25000000002038,0.5685865083945247,0.18402777777777776,1
240.3000000000204,0.5646289641548152,0.2430555555555555,1
240.3500000000204,0.538641975525717,0.3020833333333334,1
240.4000000000204,0.5196809572717005,0.3107638888888889,1
240.45000000002042,0.534531478448066,0.25347222222222215,1
240.50000000002044,0.5327251904360274,0.29340277777777773,1
240.55000000002045,0.5368522795223907,0.3402777777777777,1
240.60000000002046,0.5258517899030277,0.24131944444444442,1
240.65000000002047,0.5232967155042431,0.1631944444444445,1
240.70000000002048,0.4900176770954064,0.3819444444444445,1
240.7500000000205,0.4855163347601552,0.2743055555555555,1
240.8000000000205,0.49769589014091425,0.3506944444444444,1
240.85000000002051,0.4981558332597427,0.2899305555555555,1
240.90000000002053,0.49793666938090286,0.3125000000000001,1
240.95000000002054,0.5349961943791394,0.27604166666666663,1
241.00000000002055,0.4838017667707675,0.2569444444444444,1
241.05000000002056,0.46161022894975007,0.2986111111111111,1
241.10000000002057,0.44290643504576266,0.47569444444444436,1
241.15000000002058,0.4418678116343783,0.2951388888888889,1
241.2000000000206,0.4196861591165427,0.18402777777777782,1
241.2500000000206,0.3674088955965118,0.29687500000000006,1
241.30000000002062,0.35917571540717086,0.35590277777777785,1
241.35000000002063,0.34986102499415944,0.3020833333333333,1
241.40000000002064,0.3343231241861312,0.3142361111111112,1
241.45000000002065,0.35353440653911133,0.19270833333333337,1
241.50000000002066,0.3147296567708343,0.1684027777777778,1
241.55000000002067,0.27536304596502525,0.25,1
241.60000000002069,0.2862153438555479,0.3350694444444444,1
241.6500000000207,0.28652852701817805,0.45138888888888884,1
241.7000000000207,0.2815716637524932,0.28298611111111116,1
241.75000000002072,0.29347554334279624,0.20138888888888892,1
241.80000000002073,0.2542174975613515,0.23090277777777782,1
241.85000000002074,0.3000284072134499,0.2743055555555555,1
241.90000000002075,0.2762821724098155,0.34027777777777773,1
241.95000000002076,0.23509073690002621,0.2708333333333333,1
242.00000000002078,0.24319570269871243,0.29340277777777785,1
242.0500000000208,0.25767024301671254,0.20833333333333334,1
242.1000000000208,0.23522241186845239,0.2795138888888889,1
242.1500000000208,0.99999990666126,0.2586805555555555,1
242.20000000002082,0.9999999222782782,0.20486111111111113,1
242.25000000002083,0.999999826857584,0.3420138888888889,1
242.30000000002084,0.21809014219440434,0.203125,1
242.35000000002086,0.28211140609037555,0.21354166666666666,1
242.40000000002087,0.30231364827861895,0.2725694444444444,1
242.45000000002088,0.26701923201054195,0.3003472222222223,1
242.5000000000209,0.2225194652197423,0.26215277777777773,1
242.5500000000209,0.2626350715898469,0.2534722222222222,1
242.6000000000209,0.19228008402187424,0.30902777777777785,1
242.65000000002092,0.15027957728205724,0.2708333333333333,1
242.70000000002094,0.15890190354580738,0.19270833333333334,1
242.75000000002095,0.20838962754930448,0.22395833333333337,1
242.80000000002096,0.2294466663933541,0.24652777777777776,1
242.85000000002097,0.2537536504813713,0.29687500000000006,1
242.90000000002098,0.3388699210739885,0.2864583333333334,1
242.950000000021,0.3151971608916258,0.2517361111111111,1
243.000000000021,0.8144591241506934,0.25347222222222215,1
243.05000000002102,0.8120687364812957,0.37152777777777773,1
243.10000000002103,0.8129964965316844,0.35069444444444436,1
243.15000000002104,0.8050126401413219,0.2899305555555556,1
243.20000000002105,0.9999999999999813,0.30034722222222227,1
243.25000000002106,0.7917305397029049,0.32812500000000017,1
243.30000000002107,0.7919189401655523,0.37152777777777785,1
243.35000000002108,0.7883201312146054,0.2517361111111112,1
243.4000000000211,0.7844011446672827,0.3194444444444446,1
243.4500000000211,0.7758559732160857,0.2899305555555556,1
243.50000000002112,0.8120789057315349,0.28124999999999994,1
243.55000000002113,0.7616949157855575,0.38541666666666674,1
243.60000000002114,0.7559770635482657,0.35590277777777773,1
243.65000000002115,0.7496111372712855,0.34201388888888884,1
243.70000000002116,0.7417092147261156,0.3125000000000001,1
243.75000000002117,0.7424949593608862,0.25694444444444453,1
243.80000000002119,0.7338782076220846,0.3680555555555556,1
243.8500000000212,0.719859334460527,0.3020833333333334,1
243.9000000000212,0.7392458169954027,0.28125,1
243.95000000002122,0.9999999842097329,0.28125,1
244.00000000002123,0.9999999999999867,0.28819444444444436,1
244.05000000002124,0.9999999924784474,0.28819444444444436,1
244.10000000002125,0.9999999923899665,0.28819444444444436,1
244.15000000002127,0.9999999999999931,0.3576388888888889,0
244.20000000002128,0.9999999999999931,0.36284722222222227,1
244.2500000000213,0.9999999919758962,0.36284722222222227,0
244.3000000000213,0.9999999917567718,0.37847222222222227,0
244.3500000000213,0.9999999999999925,0.5972222222222223,0
244.40000000002132,0.9999999999999961,0.607638888888889,0
244.45000000002133,0.999999999999996,0.31249999999999994,1
244.50000000002134,0.8321514713468221,0.23263888888888887,1
244.55000000002136,0.8096370983873786,0.27777777777777773,1
244.60000000002137,0.7852363154327473,0.3246527777777776,1
244.65000000002138,0.7755418536156927,0.27777777777777773,1
244.7000000000214,0.7696021542308499,0.27777777777777773,1
244.7500000000214,0.766308825010839,0.27777777777777773,1
244.8000000000214,0.7769840321280463,0.27777777777777773,1
244.85000000002142,0.7689163255979342,0.27777777777777773,1
244.90000000002144,0.7604797710242973,0.27777777777777773,0
244.95000000002145,0.7465658102430162,0.2916666666666667,1
245.00000000002146,0.5804133547727582,0.5590277777777779,1
245.05000000002147,0.5647144782720892,0.5590277777777779,0
245.10000000002148,0.5509515834478745,0.6215277777777779,0
245.1500000000215,0.5350450655683557,0.5972222222222223,0
245.2000000000215,0.5224563910492034,0.31249999999999994,0
245.25000000002152,0.5099968214839852,0.2760416666666667,0
245.30000000002153,0.4928193982015563,0.2795138888888889,0
245.35000000002154,0.528173153055283,0.2760416666666667,0
245.40000000002155,0.5167312335303965,0.24479166666666663,0
245.45000000002156,0.4996298316853986,0.21701388888888887,0
245.50000000002157,0.5140733681486004,0.24479166666666666,0
245.55000000002158,0.4896598789422817,0.18923611111111113,0
245.6000000000216,0.4717914613479363,0.1840277777777778,0
245.6500000000216,0.4445135033111927,0.1840277777777778,0
245.70000000002162,0.36863291800233905,0.19270833333333337,0
245.75000000002163,0.3652618804479875,0.15451388888888892,0
245.80000000002164,0.9999999069086045,0.2986111111111112,0
245.85000000002165,0.9999998649073927,0.2760416666666667,0
245.90000000002166,0.22052262281509508,0.2517361111111111,0
245.95000000002167,0.21736438176446282,0.3090277777777777,0
246.00000000002169,0.6134347546263309,0.3072916666666668,0
246.0500000000217,0.6056095404863792,0.3368055555555554,0
246.1000000000217,0.6173187321733237,0.30902777777777785,0
246.15000000002172,0.6090641868186824,0.3003472222222223,0
246.20000000002173,0.6071333930319284,0.1805555555555556,0
246.25000000002174,0.5924279924543612,0.29340277777777785,0
246.30000000002175,0.5855937441861016,0.30555555555555564,1
246.35000000002177,0.5805245324936782,0.2673611111111111,1
246.40000000002178,0.5879594449778858,0.2552083333333333,1
246.4500000000218,0.5740711929162734,0.25,1
246.5000000000218,0.5751979914858482,0.2534722222222222,1
246.5500000000218,0.5783029046937445,0.26562500000000006,1
246.60000000002182,0.5674972251079713,0.3645833333333333,1
246.65000000002183,0.5657556073014898,0.21180555555555555,1
246.70000000002184,0.5809919066216348,0.3298611111111111,1
246.75000000002186,0.5626868773299734,0.24999999999999992,1
246.80000000002187,0.5428154184988426,0.2256944444444444,1
246.85000000002188,0.525134584613436,0.28124999999999994,1
246.9000000000219,0.520700980105194,0.27777777777777773,1
246.9500000000219,0.5300996101620099,0.30729166666666674,1
247.0000000000219,0.7953016789836784,0.40625000000000006,1
247.05000000002192,0.7896111816020409,0.3524305555555556,1
247.10000000002194,0.7797901734534065,0.3298611111111112,1
247.15000000002195,0.7766376494426986,0.34722222222222227,1
247.20000000002196,0.7678954671851125,0.24826388888888892,1
247.25000000002197,0.7625968350978953,0.3003472222222223,1
247.30000000002198,0.7461732203369411,0.3072916666666667,1
247.350000000022,0.7374513878696077,0.3975694444444444,1
247.400000000022,0.7271193192740008,0.3038194444444445,1
247.45000000002202,0.7173184307751003,0.3298611111111112,1
247.50000000002203,0.697797473416075,0.40277777777777773,1
247.55000000002204,0.685964888426761,0.22743055555555558,1
247.60000000002205,0.6812433036248351,0.25520833333333337,1
247.65000000002206,0.6492765704617915,0.3142361111111112,1
247.70000000002207,0.619790593856123,0.23263888888888884,1
247.75000000002208,0.6072894845988854,0.24826388888888887,1
247.8000000000221,0.5875326945819995,0.2638888888888889,1
247.8500000000221,0.5747613278266042,0.4166666666666667,1
247.90000000002212,0.5349342459624923,0.45138888888888884,1
247.95000000002213,0.5337479776735301,0.2517361111111111,1
248.00000000002214,0.4986075780368471,0.24131944444444445,1
248.05000000002215,0.43722185379751227,0.35763888888888884,1
248.10000000002216,0.4208684602541527,0.45138888888888884,1
248.15000000002217,0.38631546028593094,0.3263888888888889,1
248.2000000000222,0.37758960601547026,0.234375,1
248.2500000000222,0.31397040910647933,0.2899305555555555,1
248.3000000000222,0.2835760282521112,0.25520833333333337,1
248.35000000002222,0.21168456623350998,0.33333333333333326,1
248.40000000002223,0.2134501570606176,0.3680555555555555,1
248.45000000002224,0.20544139926634014,0.34027777777777773,1
248.50000000002225,0.15908774977597637,0.29166666666666663,1
248.55000000002227,0.22017465436141423,0.31250000000000006,1
248.60000000002228,0.2112337702288387,0.21875,1
248.6500000000223,0.27347210368925434,0.2881944444444444,1
248.7000000000223,0.26066262232626386,0.27604166666666663,1
248.7500000000223,0.21990293529214916,0.17361111111111113,1
248.80000000002232,0.21984025983832695,0.22395833333333334,1
248.85000000002233,0.18201655366075115,0.2829861111111111,1
248.90000000002235,0.1550659299022181,0.2881944444444445,1
248.95000000002236,0.16481178189543805,0.24479166666666666,1
249.00000000002237,0.9999999827732327,0.38715277777777773,1
249.05000000002238,0.678780177801561,0.3090277777777778,1
249.1000000000224,0.6589913494289219,0.37847222222222227,1
249.1500000000224,0.6186413115406397,0.3975694444444444,1
249.2000000000224,0.5814558177085829,0.203125,1
249.25000000002242,0.5696492191048821,0.3350694444444446,1
249.30000000002244,0.5223017131397271,0.2690972222222222,1
249.35000000002245,0.5075544933762935,0.3177083333333334,1
249.40000000002246,0.4607187664350838,0.265625,1
249.45000000002247,0.4185443925047773,0.2673611111111111,1
249.50000000002248,0.3979132499837381,0.3454861111111111,1
249.5500000000225,0.3639821942922941,0.37326388888888884,1
249.6000000000225,0.31060879786684853,0.2829861111111111,1
249.65000000002252,0.30814306632327565,0.2951388888888889,1
249.70000000002253,0.3371175897986026,0.2673611111111111,1
249.75000000002254,0.29926594223107805,0.265625,1
249.80000000002255,0.2769606644963342,0.23611111111111108,1
249.85000000002256,0.26228777465819747,0.203125,1
249.90000000002257,0.23777742744638466,0.2881944444444445,1
249.95000000002258,0.23433388915112638,0.23437500000000003,1
250.0000000000226,0.5311109731563199,0.34375,1
250.0500000000226,0.5505359109295349,0.26215277777777773,1
250.10000000002262,0.5351558311954966,0.3663194444444444,1
250.15000000002263,0.5231801208502267,0.2586805555555555,1
250.20000000002264,0.5335332549892191,0.2864583333333333,1
250.25000000002265,0.5156514845611151,0.3246527777777779,1
250.30000000002266,0.5369914885174679,0.25,1
250.35000000002267,0.5148660268430163,0.25347222222222215,1
250.4000000000227,0.4775343187921389,0.3038194444444445,1
250.4500000000227,0.4349082029604502,0.2534722222222222,1
250.5000000000227,0.3783129638254808,0.21875,1
250.55000000002272,0.3266991487533658,0.2725694444444445,1
250.60000000002273,0.30016356337806893,0.24826388888888887,1
250.65000000002274,0.2926521992402133,0.21875000000000003,1
250.70000000002275,0.9999989077186737,0.2673611111111111,1
250.75000000002277,0.9999983376815309,0.21006944444444445,1
250.80000000002278,0.9999999999999241,0.24479166666666666,1
250.8500000000228,0.32737414406100207,0.36284722222222215,1
250.9000000000228,0.999999646973512,0.32118055555555564,1
250.9500000000228,0.9999999999992385,0.30034722222222227,1
251.00000000002282,0.38848354410601627,0.2430555555555556,1
251.05000000002283,0.4200531984795594,0.32118055555555564,1
251.10000000002285,0.41718486798591853,0.25520833333333326,1
251.15000000002286,0.4047320166749001,0.19444444444444445,1
251.20000000002287,0.38022988758019766,0.2725694444444445,1
251.25000000002288,0.36517243129615823,0.3263888888888888,1
251.3000000000229,0.3457565826169215,0.24652777777777776,1
251.3500000000229,0.32476650112378297,0.2743055555555556,1
251.4000000000229,0.3104469053367133,0.22048611111111108,1
251.45000000002292,0.3073144342705796,0.203125,1
251.50000000002294,0.2968408427789333,0.25000000000000006,1
251.55000000002295,0.2679731367961088,0.17708333333333334,1
251.60000000002296,0.27027817708567964,0.21180555555555555,1
251.65000000002297,0.2715146527091087,0.2465277777777778,1
251.70000000002298,0.2691342383273906,0.28125,1
251.750000000023,0.2899389755870179,0.38368055555555564,1
251.800000000023,0.3041281277050664,0.34722222222222227,1
251.85000000002302,0.30203290586955317,0.24479166666666666,1
251.90000000002303,0.30253004409472156,0.29340277777777785,1
251.95000000002304,0.2801722176265374,0.15451388888888892,1
252.00000000002305,0.3139303606343493,0.328125,1
252.05000000002306,0.3058273740706187,0.2864583333333334,1
252.10000000002307,0.2982277045789466,0.30902777777777785,1
252.15000000002308,0.28874349055038157,0.2621527777777778,1
252.2000000000231,0.28216005761059176,0.20138888888888884,1
252.2500000000231,0.26465129524358816,0.18055555555555555,1
252.30000000002312,0.2614419062810883,0.30381944444444436,1
252.35000000002313,0.25117117790936827,0.42361111111111116,1
252.40000000002314,0.2365133001618758,0.3159722222222223,1
252.45000000002315,0.2409156419160734,0.25347222222222227,1
252.50000000002316,0.23712520193744863,0.22916666666666663,1
252.55000000002318,0.25331817142945967,0.18923611111111108,1
252.6000000000232,0.25593515048784216,0.22569444444444442,1
252.6500000000232,0.249710221382214,0.22916666666666663,1
252.7000000000232,0.2629354754753896,0.2708333333333333,1
252.75000000002322,0.2478203751313768,0.35590277777777785,1
252.80000000002323,0.228317342004694,0.21874999999999997,1
252.85000000002324,0.23297995383066994,0.2309027777777777,1
252.90000000002325,0.21629957395728008,0.28472222222222227,1
252.95000000002327,0.2003069370712597,0.21701388888888887,1
253.00000000002328,0.30093765134162004,0.34374999999999994,1
253.0500000000233,0.3074554575556035,0.19444444444444442,1
253.1000000000233,0.2917363656326201,0.2708333333333333,1
253.1500000000233,0.27349013519902343,0.3263888888888888,1
253.20000000002332,0.26162698394098177,0.28125,1
253.25000000002333,0.24391533962702347,0.20312500000000003,1
253.30000000002335,0.23049244197398852,0.2586805555555555,1
253.35000000002336,0.21270023531554705,0.3506944444444444,1
253.40000000002337,0.19507031170790773,0.1909722222222222,1
253.45000000002338,0.2307171411043401,0.2100694444444445,1
253.5000000000234,0.22092550303581104,0.23263888888888892,1
253.5500000000234,0.22239290688680366,0.3263888888888888,1
253.6000000000234,0.22279223439355383,0.3246527777777776,1
253.65000000002343,0.19107056422419424,0.3663194444444445,1
253.70000000002344,0.22179526381405407,0.3680555555555556,1
253.75000000002345,0.21504247627071038,0.30381944444444453,1
253.80000000002346,0.2045137573404847,0.27604166666666674,1
253.85000000002347,0.21702757684159585,0.23611111111111108,1
253.90000000002348,0.20721475695012198,0.2725694444444444,1
253.9500000000235,0.20834308380980268,0.171875,1
254.0000000000235,0.22786184375335844,0.22222222222222218,1
254.05000000002352,0.22493386115750832,0.2968750000000001,1
254.10000000002353,0.21892139021880305,0.2552083333333332,1
254.15000000002354,0.2217320798288309,0.28125000000000006,1
254.20000000002355,0.24046693852390386,0.2881944444444444,1
254.25000000002356,0.24576011845178736,0.43402777777777785,1
254.30000000002357,0.23127270897600055,0.2604166666666667,1
254.35000000002358,0.19993617290483667,0.37500000000000006,1
254.4000000000236,0.20652671625880495,0.26909722222222227,1
254.4500000000236,0.21260199597232757,0.2274305555555555,1
254.50000000002362,0.19686029689887913,0.23263888888888884,1
254.55000000002363,0.1914466010955293,0.32465277777777773,1
254.60000000002364,0.21045893701864105,0.2673611111111111,1
254.65000000002365,0.1924356521235744,0.3246527777777776,1
254.70000000002366,0.19492219306612796,0.28993055555555564,1
254.75000000002368,0.21611045042993185,0.24305555555555547,1
254.8000000000237,0.22899027114068587,0.31423611111111116,1
254.8500000000237,0.2251603569928293,0.24826388888888884,1
254.9000000000237,0.2287184744640874,0.26215277777777773,1
254.95000000002372,0.248176837472932,0.3055555555555557,1
255.00000000002373,0.417572867006418,0.3125000000000001,1
255.05000000002374,0.41855904249702924,0.3524305555555556,1
255.10000000002375,0.408687869257432,0.3888888888888889,1
255.15000000002377,0.3978057318530143,0.3611111111111111,1
255.20000000002378,0.39591346728464877,0.18055555555555555,1
255.2500000000238,0.41569464788348454,0.3194444444444445,1
255.3000000000238,0.39733406931430776,0.2604166666666667,1
255.3500000000238,0.39642799175021665,0.26562500000000006,1
255.40000000002382,0.40095113830567536,0.24999999999999997,1
255.45000000002383,0.39710146154611503,0.3836805555555556,1
255.50000000002385,0.40407835073896275,0.3836805555555556,1
255.55000000002386,0.39832656423904766,0.3836805555555556,0
255.60000000002387,0.3935479728118892,0.2604166666666667,1
255.65000000002388,0.3820637178409681,0.7135416666666665,0
255.7000000000239,0.3708996865892698,0.7135416666666665,1
255.7500000000239,0.3572596376048325,0.7135416666666665,1
255.8000000000239,0.3464673746821829,0.7135416666666665,0
255.85000000002393,0.3399057962898362,0.7135416666666665,0
255.90000000002394,0.33450643064149244,0.6874999999999997,0
255.95000000002395,0.3297332626851265,0.25000000000000006,0
256.00000000002393,0.46921836426451735,0.2986111111111112,0
256.05000000002394,0.47051012498553246,0.30381944444444453,0
256.10000000002395,0.45393436109032087,0.30555555555555564,0
256.15000000002397,0.44270467648309175,0.2586805555555556,0
256.200000000024,0.42527000468548215,0.3020833333333334,0
256.250000000024,0.42087773333054684,0.32291666666666663,0
256.300000000024,0.42624094237191773,0.2743055555555555,1
256.350000000024,0.4230781659426109,0.26909722222222227,1
256.400000000024,0.41005432429614763,0.24826388888888887,1
256.45000000002403,0.4118602907000547,0.18229166666666666,1
256.50000000002404,0.40817869032728826,0.3663194444444445,1
256.55000000002406,0.40070312045501405,0.3177083333333334,1
256.60000000002407,0.40042232482878987,0.36284722222222215,1
256.6500000000241,0.4067395735731684,0.2586805555555556,1
256.7000000000241,0.38296761552089253,0.329861111111111,1
256.7500000000241,0.3702081071448843,0.25520833333333337,1
256.8000000000241,0.3608980981935242,0.24479166666666663,1
256.8500000000241,0.36895439513569184,0.2378472222222222,1
256.90000000002414,0.3762865878641736,0.2378472222222222,1
256.95000000002415,0.36179752733370574,0.2378472222222222,1
257.00000000002416,0.541277083392108,0.3281250000000001,1
257.05000000002417,0.5381557813537171,0.659722222222222,1
257.1000000000242,0.532299550964438,0.7013888888888888,1
257.1500000000242,0.5279086558090524,0.7013888888888888,0
257.2000000000242,0.5207209323098407,0.7013888888888888,0
257.2500000000242,0.5123325880616296,0.7013888888888888,0
257.3000000000242,0.5044639331052408,0.7013888888888888,1
257.35000000002424,0.4975835417492558,0.7013888888888888,1
257.40000000002425,0.4899457029736868,0.7013888888888888,1
257.45000000002426,0.4821515586128819,0.7013888888888888,1
257.5000000000243,0.4742271646572411,0.7013888888888888,1
257.5500000000243,0.46628802958380383,0.7013888888888888,1
257.6000000000243,0.4589403746011334,0.7013888888888888,0
257.6500000000243,0.4520903086218751,0.7013888888888888,0
257.7000000000243,0.4462231513086085,0.7152777777777776,1
257.75000000002433,0.438352072297951,0.7152777777777776,1
257.80000000002434,0.43149058890531,0.7152777777777776,0
257.85000000002435,0.4248266948876719,0.7152777777777776,0
257.90000000002436,0.41966408343992306,0.704861111111111,1
257.9500000000244,0.41387269919264597,0.5902777777777777,1
258.0000000000244,0.40150836713212035,0.5868055555555555,0
258.0500000000244,0.39657825460164814,0.659722222222222,1
258.1000000000244,0.39043618085746423,0.6874999999999999,0
258.1500000000244,0.38148440249780385,0.7013888888888888,0
258.20000000002443,0.3747997643572264,0.7152777777777776,0
258.25000000002444,0.3774217086816522,0.692708333333333,0
258.30000000002445,0.37474251118216695,0.3333333333333333,0
258.35000000002447,0.3646112311205505,0.32291666666666674,0
258.4000000000245,0.3608595728868826,0.388888888888889,0
258.4500000000245,0.3543025441903753,0.23611111111111108,0
258.5000000000245,0.3365051570550994,0.16666666666666666,0
258.5500000000245,0.31499939304014807,0.23090277777777776,0
258.6000000000245,0.31759777491107793,0.1527777777777778,0
258.65000000002453,0.2980983502233222,0.2395833333333333,0
258.70000000002454,0.2958266341019769,0.23263888888888887,0
258.75000000002456,0.2878042329155543,0.23263888888888892,0
258.80000000002457,0.2792727805404627,0.17881944444444442,0
258.8500000000246,0.2909697054020939,0.2517361111111111,0
258.9000000000246,0.2751670836228356,0.23263888888888887,0
258.9500000000246,0.26005093306204785,0.24826388888888884,0
259.0000000000246,0.26214814044716667,0.3506944444444444,0
259.0500000000246,0.2506644741915101,0.36111111111111116,0
259.10000000002464,0.23322991561895706,0.3993055555555555,0
259.15000000002465,0.24112018700064208,0.30902777777777785,0
259.20000000002466,0.24342139239976263,0.3038194444444445,0
259.25000000002467,0.2347311635653556,0.25000000000000006,0
259.3000000000247,0.2041172632756622,0.22569444444444442,0
259.3500000000247,0.18032627259005046,0.3368055555555555,0
259.4000000000247,0.20963060774141098,0.24131944444444445,0
259.4500000000247,0.25009963743056024,0.1423611111111111,0
259.5000000000247,0.251370241695887,0.22916666666666666,0
259.55000000002474,0.25334402745484763,0.2725694444444445,0
259.60000000002475,0.20723604789974057,0.29861111111111116,0
259.65000000002476,0.1859633577168349,0.2829861111111111,0
259.7000000000248,0.21742702873135714,0.2222222222222222,0
259.7500000000248,0.22982073124728114,0.2378472222222223,0
259.8000000000248,0.24744557361711536,0.2586805555555556,0
259.8500000000248,0.20965218981442194,0.23090277777777776,0
259.9000000000248,0.239666059369067,0.29166666666666674,0
259.95000000002483,0.21627468430105137,0.21354166666666663,0
260.00000000002484,0.612113813707192,0.3680555555555555,0
260.05000000002485,0.6133304230927965,0.3697916666666666,0
260.10000000002486,0.6075251383170635,0.3663194444444444,0
260.1500000000249,0.6014187981451913,0.35416666666666674,0
260.2000000000249,0.591353218417655,0.38541666666666674,1
260.2500000000249,0.5859424157495509,0.31944444444444436,1
260.3000000000249,0.5759220888696528,0.3489583333333334,1
260.3500000000249,0.5649303537930064,0.35763888888888884,1
260.40000000002493,0.5534485820527627,0.28472222222222215,1
260.45000000002494,0.533815399907651,0.29340277777777773,1
260.50000000002495,0.5206609729593256,0.2725694444444445,1
260.55000000002497,0.5053861069781004,0.40104166666666674,0
260.600000000025,0.4928506539538412,0.39062500000000006,1
260.650000000025,0.47732992655355394,0.5468750000000001,1
260.700000000025,0.45930653562959767,0.3506944444444444,0
260.750000000025,0.44553775270425744,0.3697916666666666,1
260.800000000025,0.42602387728297125,0.6388888888888892,1
260.85000000002503,0.4241195437648084,0.6388888888888892,0
260.90000000002505,0.41651929123744263,0.6388888888888892,0
260.95000000002506,0.41511468308646554,0.6388888888888892,0
261.00000000002507,0.5427004376120002,0.6111111111111112,0
261.0500000000251,0.5375175833498484,0.6111111111111112,0
261.1000000000251,0.5264931713981212,0.6111111111111112,1
261.1500000000251,0.520342787313061,0.6111111111111112,1
261.2000000000251,0.5167290688257522,0.6111111111111112,1
261.2500000000251,0.5055235552994263,0.6111111111111112,0
261.30000000002514,0.49455000021678225,0.611111111111111,0
261.35000000002515,0.48198750394028933,0.6111111111111112,0
261.40000000002516,0.46564665419117657,0.607638888888889,0
261.45000000002517,0.45642690183280976,0.607638888888889,0
261.5000000000252,0.45068206978700237,0.5885416666666666,0
261.5500000000252,0.4524129149266396,0.41840277777777773,0
261.6000000000252,0.4456584262110366,0.3229166666666666,0
261.6500000000252,0.4363129650054745,0.3159722222222222,0
261.7000000000252,0.42190540892171413,0.4045138888888889,0
261.75000000002524,0.40231661736068963,0.3732638888888889,0
261.80000000002525,0.377803829851274,0.30208333333333337,0
261.85000000002526,0.366126134382944,0.37500000000000006,0
261.9000000000253,0.36036686889118513,0.24479166666666674,0
261.9500000000253,0.3470756376289045,0.3125000000000001,0
262.0000000000253,0.3231033217519206,0.34722222222222215,0
262.0500000000253,0.28413400169105135,0.3177083333333332,0
262.1000000000253,0.27014644403649946,0.3177083333333332,0
262.15000000002533,0.24273235500189255,0.3177083333333332,1
262.20000000002534,0.22537984090040059,0.3177083333333332,1
262.25000000002535,0.2236670308969149,0.3177083333333332,0
262.30000000002536,0.2247973993584375,0.3385416666666667,1
262.3500000000254,0.23146377565079967,0.3541666666666667,1
262.4000000000254,0.2303692057750797,0.515625,0
262.4500000000254,0.2447238101028142,0.59375,0
262.5000000000254,0.26380354946026646,0.59375,0
262.5500000000254,0.27734201033718586,0.5729166666666666,0
262.60000000002543,0.2792622882865506,0.2552083333333333,0
262.65000000002544,0.2513456016193053,0.25,0
262.70000000002545,0.2563147967609261,0.2916666666666667,0
262.75000000002547,0.2643377022558186,0.31597222222222215,0
262.8000000000255,0.261970910187956,0.3368055555555555,0
262.8500000000255,0.26177282950594194,0.2899305555555556,0
262.9000000000255,0.23656701989153026,0.314236111111111,0
262.9500000000255,0.2172057247525157,0.31770833333333326,0
263.0000000000255,0.20124605803945184,0.37673611111111116,0
263.05000000002553,0.2134453210695074,0.34722222222222215,0
263.10000000002555,0.21183971159370013,0.3454861111111111,0
263.15000000002556,0.1908185626535262,0.32465277777777773,0
263.20000000002557,0.15712350500354522,0.2881944444444445,0
263.2500000000256,0.16633747425731263,0.36284722222222215,0
263.3000000000256,0.17367242212482228,0.28125,0
263.3500000000256,0.21394878912694143,0.28125,0
263.4000000000256,0.2010989993764182,0.31597222222222215,0
263.4500000000256,0.1861442245866721,0.30381944444444453,0
263.50000000002564,0.18234703342405154,0.3524305555555556,0
263.55000000002565,0.17610486033168427,0.3142361111111112,0
263.60000000002566,0.20848202531195145,0.36284722222222227,0
263.65000000002567,0.5556572195333477,0.31249999999999994,0
263.7000000000257,0.5492634770672553,0.2552083333333333,0
263.7500000000257,0.5206991033970242,0.2986111111111111,0
263.8000000000257,0.49474581570844905,0.30902777777777785,0
263.8500000000257,0.4623701297238068,0.3107638888888889,0
263.9000000000257,0.42767660317671113,0.31423611111111116,0
263.95000000002574,0.4106483976006642,0.3368055555555556,0
264.00000000002575,0.5169192436347637,0.420138888888889,0
264.05000000002576,0.493338586387379,0.3159722222222223,0
264.1000000000258,0.47349475601509267,0.36111111111111116,0
264.1500000000258,0.439460616151506,0.25173611111111105,0
264.2000000000258,0.4635781796534221,0.2638888888888889,0
264.2500000000258,0.4630167245081071,0.390625,0
264.3000000000258,0.4683945052162409,0.2638888888888889,0
264.35000000002583,0.473141838050831,0.3350694444444445,0
264.40000000002584,0.46281606290378613,0.26041666666666663,0
264.45000000002585,0.47622814281254494,0.26215277777777773,0
264.50000000002586,0.4214340025886909,0.37152777777777773,0
264.5500000000259,0.44742911587790146,0.3524305555555555,0
264.6000000000259,0.4795674833463737,0.2881944444444445,0
264.6500000000259,0.5649817817616968,0.30729166666666663,0
264.7000000000259,0.42111571516007185,0.26388888888888884,0
264.7500000000259,0.4384263045940585,0.37847222222222227,0
264.80000000002593,0.435257015001011,0.31249999999999994,0
264.85000000002594,0.34569487333275767,0.2586805555555555,0
264.90000000002595,0.37839894668323615,0.2552083333333333,0
264.95000000002597,0.3876952688607888,0.26041666666666663,0
265.000000000026,0.6024109259832164,0.3663194444444444,0
265.050000000026,0.6074352192981297,0.3767361111111111,0
265.100000000026,0.5952851461395935,0.23263888888888892,0
265.150000000026,0.5783487412116743,0.29861111111111105,0
265.200000000026,0.5469234389132784,0.21006944444444442,0
265.25000000002603,0.531808420142716,0.34027777777777785,0
265.30000000002605,0.5014152923125232,0.23784722222222224,0
265.35000000002606,0.4962756848270641,0.25868055555555564,0
265.40000000002607,0.48937324369639207,0.2552083333333334,0
265.4500000000261,0.5031793991321061,0.2795138888888889,0
265.5000000000261,0.4888297448770432,0.29340277777777773,0
265.5500000000261,0.48679820662079054,0.34027777777777785,0
265.6000000000261,0.4851068752353956,0.30034722222222215,0
265.6500000000261,0.4549148706304115,0.35937499999999994,0
265.70000000002614,0.43142127902473093,0.23611111111111116,0
265.75000000002615,0.39343387812125086,0.33854166666666674,0
265.80000000002616,0.3761674408697147,0.22743055555555555,0
265.85000000002617,0.9999999501883323,0.29166666666666663,0
265.9000000000262,0.3327789321983819,0.2899305555555555,0
265.9500000000262,0.36082897086022186,0.3003472222222222,0
266.0000000000262,0.7944128167323549,0.4322916666666667,0
266.0500000000262,0.7953099065275424,0.41666666666666674,0
266.1000000000262,0.7869770117900915,0.43923611111111116,0
266.15000000002624,0.7868612628955609,0.26736111111111105,0
266.20000000002625,0.8102562286619667,0.2517361111111111,0
266.25000000002626,0.9999999887209373,0.3368055555555555,0
266.3000000000263,0.7580635306980266,0.3090277777777778,0
266.3500000000263,0.7577789329397804,0.3368055555555555,0
266.4000000000263,0.7537881331781157,0.2690972222222222,0
266.4500000000263,0.7401978217112659,0.2534722222222222,0
266.5000000000263,0.7284087182983581,0.20486111111111108,0
266.55000000002633,0.733432822732641,0.31944444444444453,0
266.60000000002634,0.7498309150814341,0.31597222222222227,0
266.65000000002635,0.7199155862021226,0.31250000000000006,0
266.70000000002636,0.7102519526392552,0.26562499999999994,0
266.7500000000264,0.701046094841013,0.3333333333333334,0
266.8000000000264,0.6918397239512365,0.23958333333333337,0
266.8500000000264,0.6832838102914044,0.23958333333333334,0
266.9000000000264,0.6785397592998964,0.3541666666666666,0
266.9500000000264,0.6589280733456915,0.265625,0
267.00000000002643,0.7206599919621162,0.4583333333333333,0
267.05000000002644,0.7254804677892157,0.4149305555555554,0
267.10000000002645,0.7292958199176356,0.37499999999999994,0
267.15000000002647,0.7026193889925804,0.25000000000000006,0
267.2000000000265,0.7128163059371369,0.2760416666666667,0
267.2500000000265,0.6823930906447575,0.33854166666666674,0
267.3000000000265,0.6779867307921463,0.2604166666666667,0
267.3500000000265,0.6583563530882098,0.3159722222222222,0
267.4000000000265,0.6667254396623301,0.37326388888888884,0
267.45000000002653,0.6475740736663875,0.32812500000000006,0
267.50000000002655,0.6264257034649878,0.24479166666666663,0
267.55000000002656,0.6147028421548404,0.28645833333333326,0
267.60000000002657,0.5961592311813253,0.2291666666666667,0
267.6500000000266,0.5724328733815901,0.2586805555555556,0
267.7000000000266,0.5698391276494986,0.2569444444444445,0
267.7500000000266,0.5596460763185196,0.3263888888888889,0
267.8000000000266,0.5483532420886827,0.37847222222222215,0
267.8500000000266,0.5540039782184839,0.31597222222222215,0
267.90000000002664,0.9999999736614634,0.28819444444444436,0
267.95000000002665,0.5301337830215547,0.3246527777777778,0
268.00000000002666,0.7447472719646979,0.3680555555555556,0
268.05000000002667,0.7547562683919962,0.3385416666666667,0
268.1000000000267,0.9999999999999792,0.3732638888888889,0
268.1500000000267,0.9999999999999784,0.3836805555555555,0
268.2000000000267,0.9999999999999775,0.32812500000000006,0
268.2500000000267,0.7333170815827874,0.3420138888888889,0
268.3000000000267,0.7115285500085399,0.3559027777777779,1
268.35000000002674,0.7130003224916911,0.30034722222222227,1
268.40000000002675,0.6891072702357581,0.31249999999999994,1
268.45000000002676,0.6809281011965902,0.35937499999999994,1
268.5000000000268,0.6830240388128175,0.35937499999999994,1
268.5500000000268,0.6738778854314837,0.35937499999999994,1
268.6000000000268,0.6657796659170532,0.35937499999999994,1
268.6500000000268,0.6581913701929977,0.35937499999999994,1
268.7000000000268,0.6523670329496732,0.35937499999999994,1
268.75000000002683,0.6508555213409413,0.375,0
268.80000000002684,0.64501601479155,0.3020833333333333,0
268.85000000002685,0.6442025918497384,0.32118055555555547,0
268.90000000002686,0.6152754600152427,0.5399305555555555,0
268.9500000000269,0.6046178717106826,0.6006944444444443,0
269.0000000000269,0.5915760148301159,0.3923611111111111,0
269.0500000000269,0.5723985201793306,0.30381944444444453,0
269.1000000000269,0.5535856204475877,0.3524305555555556,0
269.1500000000269,0.5256714672501052,0.3489583333333334,0
269.20000000002693,0.5058897810824479,0.29166666666666663,0
269.25000000002694,0.49004065283583326,0.24305555555555555,0
269.30000000002696,0.4907039566981376,0.32812500000000006,0
269.35000000002697,0.4764677628151494,0.3263888888888889,0
269.400000000027,0.4799432743253014,0.23263888888888887,0
269.450000000027,0.4653969624172501,0.234375,0
269.500000000027,0.4571053464165395,0.26736111111111116,0
269.550000000027,0.4388275187064174,0.36284722222222227,0
269.600000000027,0.42432392577563166,0.234375,0
269.65000000002703,0.41819601486197977,0.2604166666666667,0
269.70000000002705,0.3918289032668715,0.27951388888888884,0
269.75000000002706,0.3637715015997009,0.26736111111111116,0
269.80000000002707,0.9999999999999579,0.32118055555555564,0
269.8500000000271,0.3665091048717683,0.18923611111111102,0
269.9000000000271,0.3531240512915891,0.3159722222222222,0
269.9500000000271,0.33879653021007167,0.21180555555555555,0
270.0000000000271,0.6257647123496415,0.3142361111111111,0
270.0500000000271,0.6226332028333482,0.3680555555555555,0
270.10000000002714,0.6012851241208116,0.35416666666666674,0
270.15000000002715,0.6054727287252734,0.33159722222222227,0
270.20000000002716,0.6035236192407303,0.31249999999999994,1
270.25000000002717,0.6089306819523785,0.30902777777777773,1
270.3000000000272,0.5994948459058549,0.3802083333333333,1
270.3500000000272,0.5777777229911554,0.3368055555555556,1
270.4000000000272,0.6008956241700697,0.27777777777777785,1
270.4500000000272,0.5985999337737029,0.2743055555555555,1
270.5000000000272,0.5902961888267207,0.357638888888889,1
270.55000000002724,0.5860408589555196,0.32465277777777773,1
270.60000000002725,0.5844310262792133,0.33159722222222227,1
270.65000000002726,0.5803139319531926,0.34375000000000017,1
270.7000000000273,0.5662447052264946,0.265625,1
270.7500000000273,0.5352153577321254,0.3229166666666667,1
270.8000000000273,0.5250990269056838,0.28819444444444453,1
270.8500000000273,0.5178561576864825,0.36979166666666674,1
270.9000000000273,0.5382813372855042,0.29687499999999994,1
270.95000000002733,0.530290865211067,0.342013888888889,1
271.00000000002734,0.7331989835565496,0.2708333333333333,1
271.05000000002735,0.7293822616186707,0.3368055555555555,1
271.10000000002736,0.7212920275887644,0.359375,1
271.1500000000274,0.7162836037284331,0.36284722222222227,1
271.2000000000274,0.7012317150531924,0.3854166666666666,1
271.2500000000274,0.6950319153989778,0.33854166666666674,1
271.3000000000274,0.6814151372256134,0.3124999999999999,1
271.3500000000274,0.6688017814498993,0.359375,1
271.40000000002743,0.6573390746961114,0.40277777777777773,1
271.45000000002744,0.6553884384098317,0.31249999999999994,1
271.50000000002746,0.6523026304005526,0.38020833333333326,1
271.55000000002747,0.6372327355659388,0.30902777777777773,1
271.6000000000275,0.6229608046943876,0.24826388888888892,1
271.6500000000275,0.6255331722662041,0.24826388888888892,1
271.7000000000275,0.5975769943747606,0.24826388888888892,1
271.7500000000275,0.5786970408474732,0.24826388888888892,0
271.8000000000275,0.5575603122198627,0.2621527777777778,1
271.85000000002753,0.5638698910422936,0.6232638888888887,1
271.90000000002755,0.5810658102239716,0.6232638888888887,0
271.95000000002756,0.9999999908488807,0.6232638888888887,0
272.00000000002757,0.8584274688392878,0.71875,0
272.0500000000276,0.856822129056226,0.529513888888889,0
272.1000000000276,0.8515712598524181,0.4513888888888888,0
272.1500000000276,0.8461877402842606,0.3489583333333334,0
272.2000000000276,0.8396287993651453,0.4079861111111112,1
272.2500000000276,0.8321248222993294,0.3333333333333333,1
272.30000000002764,0.8258055862099094,0.40625000000000006,1
272.35000000002765,0.8232322994203618,0.40277777777777785,1
272.40000000002766,0.8121940292065631,0.3802083333333333,1
272.45000000002767,0.8084210693795479,0.3038194444444444,1
272.5000000000277,0.7990977760503877,0.4253472222222223,1
272.5500000000277,0.7912146739101485,0.39409722222222227,1
272.6000000000277,0.7804587115198198,0.6857638888888888,1
272.6500000000277,0.7655631691029121,0.7239583333333334,0
272.7000000000277,0.7566773901048208,0.7621527777777777,0
272.75000000002774,0.7384956379365563,0.7586805555555555,1
272.80000000002775,0.7169796229925952,0.3211805555555555,1
272.85000000002776,0.6972081723422946,0.27777777777777773,1
272.9000000000278,0.6877681082910772,0.2743055555555555,1
272.9500000000278,0.6433694271281796,0.36979166666666674,1
273.0000000000278,0.7531009420581207,0.30034722222222227,1
273.0500000000278,0.745719740662496,0.30902777777777785,1
273.1000000000278,0.7285678622260889,0.3680555555555554,1
273.15000000002783,0.7144972327275922,0.265625,1
273.20000000002784,0.6977194195592284,0.31423611111111116,1
273.25000000002785,0.6597734006534329,0.30555555555555547,1
273.30000000002786,0.649023946990469,0.2690972222222222,1
273.3500000000279,0.6241449670908696,0.32986111111111105,1
273.4000000000279,0.637053363260563,0.37326388888888884,1
273.4500000000279,0.584582170479252,0.359375,1
273.5000000000279,0.5509670348873076,0.33506944444444436,1
273.5500000000279,0.5341282689760373,0.27951388888888895,1
273.60000000002793,0.515540810274919,0.3541666666666666,1
273.65000000002794,0.9999999344624974,0.32812499999999994,1
273.70000000002796,0.49641571505081167,0.2586805555555556,1
273.75000000002797,0.4952372463085791,0.2916666666666667,1
273.800000000028,0.45582376129436536,0.40972222222222227,1
273.850000000028,0.42532240058502313,0.3663194444444445,1
273.900000000028,0.38482740623001416,0.1996527777777778,1
273.950000000028,0.34067054984905915,0.24826388888888892,1
274.000000000028,0.9999996156341798,0.3645833333333333,1
274.05000000002804,0.27152517203296395,0.3993055555555556,1
274.10000000002805,0.9999998612360292,0.32638888888888884,1
274.15000000002806,0.9999999064129272,0.2517361111111111,1
274.20000000002807,0.9999998154171935,0.31076388888888895,1
274.2500000000281,0.2590874377476806,0.31250000000000006,1
274.3000000000281,0.2493208147682896,0.30555555555555564,1
274.3500000000281,0.1928022275683258,0.26562499999999994,1
274.4000000000281,0.24302784083637005,0.1649305555555556,1
274.4500000000281,0.3495705931185406,0.23611111111111108,1
274.50000000002814,0.3009647866987612,0.2899305555555556,1
274.55000000002815,0.9999999638545992,0.3680555555555556,1
274.60000000002816,0.9999999999999488,0.22743055555555555,1
274.6500000000282,0.9999999999999534,0.2829861111111111,1
274.7000000000282,0.2921911923691802,0.2795138888888889,1
274.7500000000282,0.2749712206667698,0.2552083333333333,1
274.8000000000282,0.29409559509564787,0.28125,1
274.8500000000282,0.23288820207977617,0.21180555555555555,1
274.90000000002823,0.9999999999999167,0.18229166666666666,1
274.95000000002824,0.9999999999999031,0.2309027777777778,1
275.00000000002825,0.5637004190824921,0.3368055555555555,1
275.05000000002826,0.5752776531967435,0.388888888888889,1
275.1000000000283,0.5894330731386,0.26562500000000006,1
275.1500000000283,0.6003482148582711,0.2517361111111111,1
275.2000000000283,0.5944802519733802,0.33333333333333326,1
275.2500000000283,0.607680179225227,0.23784722222222218,1
275.3000000000283,0.6071624559338629,0.24479166666666663,1
275.35000000002833,0.5882465914719655,0.2465277777777777,1
275.40000000002834,0.6133546139882301,0.2986111111111111,1
275.45000000002835,0.5365778782562477,0.3506944444444445,1
275.50000000002836,0.5292286074569762,0.30902777777777785,1
275.5500000000284,0.483538397838031,0.18229166666666663,1
275.6000000000284,0.5117993280408494,0.22395833333333334,1
275.6500000000284,0.3771396562592676,0.28645833333333337,1
275.7000000000284,0.3507696369912148,0.2795138888888889,1
275.7500000000284,0.28573741838236827,0.3975694444444445,1
275.80000000002843,0.9999999999999031,0.30208333333333337,1
275.85000000002844,0.999999999999893,0.18576388888888887,1
275.90000000002846,0.3058275204117498,0.21701388888888884,1
275.95000000002847,0.22355642662738398,0.30034722222222227,1
276.0000000000285,0.28125160084760586,0.3263888888888888,1
276.0500000000285,0.2675664733405766,0.24826388888888884,1
276.1000000000285,0.26995587320453807,0.20312499999999997,1
276.1500000000285,0.2512922290528152,0.2378472222222222,1
276.2000000000285,0.4017016981304878,0.2881944444444445,1
276.25000000002854,0.3924365234487865,0.23611111111111108,1
276.30000000002855,0.37945061011337994,0.32118055555555547,1
276.35000000002856,0.3652384845704973,0.35590277777777773,1
276.40000000002857,0.3453038133746543,0.13020833333333334,1
276.4500000000286,0.3354576540546723,0.24826388888888892,1
276.5000000000286,0.3216014454897064,0.234375,1
276.5500000000286,0.29714861500382506,0.31423611111111105,1
276.6000000000286,0.28234043245656854,0.4305555555555555,1
276.6500000000286,0.26812202262068824,0.24999999999999997,1
276.70000000002864,0.26840062311223184,0.3368055555555555,1
276.75000000002865,0.23540722342226064,0.24652777777777776,1
276.80000000002866,0.2373757564917518,0.32465277777777785,1
276.8500000000287,0.25533245721207654,0.2152777777777778,1
276.9000000000287,0.26382246545862564,0.3680555555555555,1
276.9500000000287,0.25273294952497516,0.17881944444444442,1
277.0000000000287,0.23088248781513604,0.2881944444444445,1
277.0500000000287,0.23012456401827777,0.3368055555555554,1
277.10000000002873,0.2210362149786757,0.234375,1
277.15000000002874,0.21815215811697075,0.17013888888888887,1
277.20000000002875,0.21952295709542077,0.32986111111111105,1
277.25000000002876,0.21043684489410852,0.22569444444444445,1
277.3000000000288,0.2089983148601383,0.21180555555555558,1
277.3500000000288,0.19133105429616204,0.18576388888888892,1
277.4000000000288,0.1865175529368822,0.3611111111111111,1
277.4500000000288,0.22644949210766752,0.3645833333333333,1
277.5000000000288,0.2265813835377638,0.23958333333333337,1
277.55000000002883,0.2163015980336957,0.2395833333333333,1
277.60000000002884,0.21163012329616598,0.31076388888888895,1
277.65000000002885,0.1762386225321319,0.30555555555555564,1
277.70000000002887,0.17667133706525937,0.3142361111111112,1
277.7500000000289,0.19358817409866333,0.25,1
277.8000000000289,0.18167135266218706,0.3020833333333334,1
277.8500000000289,0.19674765170351383,0.23090277777777776,1
277.9000000000289,0.21110133100965386,0.29687500000000006,1
277.9500000000289,0.2343980640743172,0.23437500000000003,1
278.00000000002893,0.220203989561241,0.2708333333333333,1
278.05000000002894,0.22892044275912798,0.21701388888888895,1
278.10000000002896,0.20912193497443157,0.3802083333333333,1
278.15000000002897,0.19311887816135007,0.27604166666666663,1
278.200000000029,0.17907933135647178,0.2604166666666667,1
278.250000000029,0.2028797039134226,0.2465277777777778,1
278.300000000029,0.2357330976120951,0.25000000000000006,1
278.350000000029,0.231856689320134,0.30555555555555564,1
278.400000000029,0.21581806305902165,0.2847222222222223,1
278.45000000002904,0.21248453776998394,0.20138888888888887,1
278.50000000002905,0.19655976355346394,0.22916666666666663,1
278.55000000002906,0.18993022691458905,0.21354166666666666,1
278.60000000002907,0.19536076635282773,0.22048611111111113,1
278.6500000000291,0.21534510534175041,0.26215277777777785,1
278.7000000000291,0.24190185397568315,0.2604166666666667,1
278.7500000000291,0.22633476979133513,0.31770833333333326,1
278.8000000000291,0.2411669322219542,0.23263888888888887,1
278.8500000000291,0.26166885566849224,0.2829861111111111,1
278.90000000002914,0.26224739376688605,0.24652777777777782,1
278.95000000002915,0.24679963475626793,0.203125,1
279.00000000002916,0.47226844002573004,0.37847222222222227,1
279.0500000000292,0.48785858001799776,0.3055555555555555,1
279.1000000000292,0.4807819805298929,0.3611111111111111,1
279.1500000000292,0.46467934890410095,0.28124999999999994,1
279.2000000000292,0.44791321276250395,0.3975694444444445,1
279.2500000000292,0.45207236717361865,0.3368055555555555,1
279.30000000002923,0.4563775772113273,0.3836805555555556,1
279.35000000002924,0.45745376871535676,0.4843750000000002,1
279.40000000002925,0.4603293482761172,0.5468750000000001,0
279.45000000002926,0.4579326184465338,0.5468750000000001,0
279.5000000000293,0.45652808777307535,0.5468750000000001,1
279.5500000000293,0.459249172270854,0.5312500000000001,1
279.6000000000293,0.45912841942263105,0.34375,1
279.6500000000293,0.4565881533060248,0.3420138888888889,1
279.7000000000293,0.45342455646990315,0.30729166666666674,0
279.75000000002933,0.4398791528713529,0.3472222222222223,0
279.80000000002934,0.4180253713703141,0.5902777777777779,0
279.85000000002935,0.4039596310973048,0.34027777777777773,0
279.90000000002937,0.3766054234461536,0.2708333333333333,0
279.9500000000294,0.3453914482273459,0.30902777777777773,0
280.0000000000294,0.5380859988884525,0.3107638888888889,0
280.0500000000294,0.5265387090389909,0.34027777777777785,0
280.1000000000294,0.5198212250746745,0.3472222222222223,0
280.1500000000294,0.5045389462004481,0.43750000000000006,0
280.20000000002943,0.4895332433997824,0.3107638888888889,0
280.25000000002944,0.47868185058746504,0.31770833333333337,0
280.30000000002946,0.47238924678992644,0.34722222222222227,1
280.35000000002947,0.47063591567572993,0.39062500000000006,1
280.4000000000295,0.4570144604257235,0.40972222222222215,1
280.4500000000295,0.4464452947839151,0.38715277777777785,1
280.5000000000295,0.427655311974201,0.27083333333333326,1
280.5500000000295,0.42209706297194294,0.26909722222222215,1
280.6000000000295,0.42677105349222344,0.20138888888888887,1
280.65000000002954,0.40634988902694813,0.2795138888888889,1
280.70000000002955,0.39766339252747485,0.31597222222222227,1
280.75000000002956,0.3963703239801935,0.3576388888888889,1
280.80000000002957,0.36640157605312823,0.3211805555555556,1
280.8500000000296,0.3646708581167313,0.3211805555555556,1
280.9000000000296,0.3689429726636516,0.3211805555555556,1
280.9500000000296,0.36709033398932334,0.3420138888888889,1
281.0000000000296,0.35311360512483275,0.6319444444444443,1
281.0500000000296,0.3470480010839285,0.6319444444444443,1
281.10000000002964,0.3434895344124809,0.6319444444444443,1
281.15000000002965,0.34622595802125233,0.6319444444444443,0
281.20000000002966,0.34843623654501504,0.6319444444444443,0
281.2500000000297,0.3398427013203301,0.6319444444444443,0
281.3000000000297,0.33322168651074474,0.6111111111111109,0
281.3500000000297,0.3289873235831904,0.28645833333333337,0
281.4000000000297,0.3322017128453002,0.36111111111111116,0
281.4500000000297,0.34259143381556356,0.2881944444444445,0
281.50000000002973,0.3286961574264186,0.34375000000000006,0
281.55000000002974,0.31388095976007896,0.24305555555555558,0
281.60000000002975,0.30316555297640385,0.28298611111111116,0
281.65000000002976,0.28268683922234916,0.29687499999999994,0
281.7000000000298,0.24601065315175044,0.2638888888888889,0
281.7500000000298,0.22905159361365232,0.36458333333333326,0
281.8000000000298,0.2520538946574578,0.31076388888888884,0
281.8500000000298,0.28079609632510527,0.28298611111111116,0
281.9000000000298,0.25331310447150507,0.30381944444444436,0
281.95000000002983,0.2235579324493485,0.3107638888888888,0
282.00000000002984,0.2355060334113591,0.28125000000000006,0
282.05000000002985,0.21753683002513743,0.3020833333333333,0
282.10000000002987,0.21057359112917148,0.30381944444444436,0
282.1500000000299,0.21703998238289482,0.4166666666666667,0
282.2000000000299,0.1877353292500331,0.376736111111111,0
282.2500000000299,0.18400073753145935,0.2569444444444445,0
282.3000000000299,0.18818254340299495,0.3055555555555555,0
282.3500000000299,0.19470430462450697,0.28645833333333337,0
282.40000000002993,0.19068727365279234,0.35590277777777785,0
282.45000000002995,0.2240796559786833,0.3090277777777777,0
282.50000000002996,0.2197075494894828,0.3298611111111111,0
282.55000000002997,0.2067746860489031,0.22916666666666666,0
282.60000000003,0.1879288979691871,0.36631944444444436,0
282.65000000003,0.21236245454505204,0.27777777777777785,0
282.70000000003,0.2260680086577266,0.2881944444444445,0
282.75000000003,0.20729636074573424,0.40277777777777785,0
282.80000000003,0.18592303041759917,0.28298611111111116,0
282.85000000003004,0.19990803047164807,0.3489583333333334,0
282.90000000003005,0.21400582112606245,0.2586805555555555,0
282.95000000003006,0.20627298916140416,0.3090277777777777,0
283.00000000003007,0.6188478002416906,0.4079861111111111,0
283.0500000000301,0.6180972756397526,0.3854166666666667,0
283.1000000000301,0.6093975141085746,0.4079861111111111,0
283.1500000000301,0.5970638795343512,0.41319444444444436,0
283.2000000000301,0.5888051610627478,0.39756944444444436,0
283.2500000000301,0.5830982800892609,0.38541666666666674,0
283.30000000003014,0.5848831140077025,0.43402777777777773,1
283.35000000003015,0.5867824745659673,0.45659722222222215,1
283.40000000003016,0.5825950221743216,0.39062500000000006,1
283.4500000000302,0.5759527823508284,0.37847222222222227,1
283.5000000000302,0.5678996597011857,0.3541666666666667,1
283.5500000000302,0.5582139393211186,0.3854166666666667,1
283.6000000000302,0.5491816053317212,0.42534722222222227,1
283.6500000000302,0.5321879198997922,0.3368055555555555,1
283.70000000003023,0.5212516544816885,0.37847222222222227,1
283.75000000003024,0.5047403441930153,0.3142361111111112,1
283.80000000003025,0.49546868092700147,0.3784722222222223,0
283.85000000003026,0.4767264670895924,0.4774305555555555,0
283.9000000000303,0.4658985935725178,0.5920138888888888,0
283.9500000000303,0.45233580968938786,0.6024305555555555,1
284.0000000000303,0.7273982628243298,0.5711805555555557,1
284.0500000000303,0.7196281809953606,0.5520833333333333,1
284.1000000000303,0.7099158004212248,0.5590277777777779,1
284.15000000003033,0.7008217238938483,0.4270833333333333,1
284.20000000003034,0.6939301809742813,0.4583333333333333,1
284.25000000003035,0.6898657543000554,0.3767361111111111,1
284.30000000003037,0.6795637814588538,0.34548611111111116,1
284.3500000000304,0.6699427663389794,0.2968749999999999,1
284.4000000000304,0.656025095492875,0.27083333333333326,1
284.4500000000304,0.6522795526598753,0.24826388888888884,1
284.5000000000304,0.6342704718148328,0.3107638888888889,1
284.5500000000304,0.6150637515389449,0.38194444444444436,1
284.60000000003043,0.6065455299657225,0.47916666666666674,1
284.65000000003045,0.5903290971022891,0.3680555555555554,1
284.70000000003046,0.5684619557788387,0.23611111111111108,1
284.75000000003047,0.5543813396936512,0.29340277777777773,1
284.8000000000305,0.535615455172637,0.4548611111111112,1
284.8500000000305,0.5197374885665574,0.3506944444444445,1
284.9000000000305,0.504194282544057,0.3506944444444445,1
284.9500000000305,0.4858512388194791,0.27777777777777773,1
285.0000000000305,0.45517859528067073,0.27083333333333326,1
285.05000000003054,0.41176144559459205,0.2430555555555555,1
285.10000000003055,0.3977467409353388,0.23958333333333334,1
285.15000000003056,0.37659531021774995,0.2777777777777777,1
285.20000000003057,0.3714355579913144,0.390625,1
285.2500000000306,0.3700778371967882,0.3298611111111112,1
285.3000000000306,0.3408616439543322,0.3645833333333333,1
285.3500000000306,0.3198959062534095,0.33159722222222215,1
285.4000000000306,0.280544787647688,0.2899305555555555,1
285.4500000000306,0.2764353676984991,0.24999999999999997,1
285.50000000003064,0.27582226651047304,0.35243055555555564,1
285.55000000003065,0.2909873571654128,0.3003472222222222,1
285.60000000003066,0.31125760204924036,0.29687499999999994,1
285.6500000000307,0.29205310392537576,0.19270833333333337,1
285.7000000000307,0.2718310498360002,0.30902777777777773,1
285.7500000000307,0.27564695103757764,0.3489583333333334,1
285.8000000000307,0.26706975427190244,0.3697916666666666,1
285.8500000000307,0.22550689168019186,0.2899305555555554,1
285.90000000003073,0.22197938723704969,0.26736111111111105,1
285.95000000003074,0.23039319245707104,0.3975694444444444,1
286.00000000003075,0.5307591050682038,0.5156249999999999,1
286.05000000003076,0.5250347766941347,0.48784722222222227,1
286.1000000000308,0.517520530719962,0.3333333333333334,1
286.1500000000308,0.5051752952123233,0.23437499999999997,1
286.2000000000308,0.47783141761935827,0.3368055555555555,1
286.2500000000308,0.45692953704081496,0.24479166666666666,1
286.3000000000308,0.4475475630414194,0.2152777777777778,1
286.35000000003083,0.42071355293129364,0.25347222222222227,1
286.40000000003084,0.37460386865230133,0.3888888888888889,1
286.45000000003085,0.3649848670867721,0.2534722222222222,1
286.50000000003087,0.35039135528072707,0.22916666666666666,1
286.5500000000309,0.35129047489706905,0.2552083333333333,1
286.6000000000309,0.35114990857819767,0.2586805555555555,1
286.6500000000309,0.34396808197966716,0.17013888888888884,1
286.7000000000309,0.3330874809124508,0.22916666666666666,1
286.7500000000309,0.31044453925268656,0.34722222222222215,1
286.80000000003093,0.29534922717387657,0.3385416666666666,1
286.85000000003095,0.2871166241634776,0.29166666666666663,1
286.90000000003096,0.2800717725872181,0.30729166666666674,1
286.95000000003097,0.2636044752784263,0.2708333333333333,1
287.000000000031,0.27693117559969094,0.3055555555555555,1
287.050000000031,0.270045462918758,0.2708333333333333,1
287.100000000031,0.2274571461920056,0.35937500000000006,1
287.150000000031,0.21196541258964816,0.25347222222222215,1
287.200000000031,0.1852773658738714,0.4305555555555556,1
287.25000000003104,0.19014712222187874,0.28125,1
287.30000000003105,0.17999859889553455,0.24305555555555555,1
287.35000000003106,0.18848628754477437,0.37847222222222227,1
287.40000000003107,0.20605812799795084,0.23611111111111105,1
287.4500000000311,0.2071095088422007,0.2881944444444445,1
287.5000000000311,0.20942436050034316,0.24999999999999997,1
287.5500000000311,0.21903872559967566,0.4270833333333333,1
287.6000000000311,0.21221518914859988,0.30555555555555564,1
287.6500000000311,0.22234649207678006,0.22916666666666666,1
287.70000000003114,0.23229774194917002,0.21701388888888887,1
287.75000000003115,0.2154627869163095,0.22048611111111108,1
287.80000000003116,0.21374843375282,0.20138888888888892,1
287.8500000000312,0.2169357722736322,0.33159722222222215,1
287.9000000000312,0.21538046768923222,0.359375,1
287.9500000000312,0.22680447098882792,0.20486111111111113,1
288.0000000000312,0.24976726787807726,0.32465277777777785,1
288.0500000000312,0.28064373326116765,0.4114583333333333,1
288.10000000003123,0.2510119497254618,0.43229166666666674,1
288.15000000003124,0.2519711661095073,0.24999999999999992,1
288.20000000003125,0.2528503209123974,0.14409722222222224,1
288.25000000003126,0.21560456807322967,0.2743055555555555,1
288.3000000000313,0.1989764205327087,0.21180555555555555,1
288.3500000000313,0.20752122290401923,0.2621527777777778,1
288.4000000000313,0.206115331631376,0.17708333333333334,1
288.4500000000313,0.21395783884158387,0.3229166666666666,1
288.5000000000313,0.18767528987246312,0.18923611111111113,1
288.55000000003133,0.19553048688547334,0.17881944444444445,1
288.60000000003134,0.20803643350687825,0.140625,1
288.65000000003135,0.17768067891271966,0.21527777777777776,1
288.70000000003137,0.18604093294811677,0.329861111111111,1
288.7500000000314,0.5881979027975247,0.14756944444444448,1
288.8000000000314,0.5800382249417927,0.23611111111111108,1
288.8500000000314,0.5692779498263596,0.3072916666666666,1
288.9000000000314,0.5601301173666356,0.12152777777777778,1
288.9500000000314,0.5450042617100701,0.2673611111111111,1
289.00000000003143,0.5429217083755916,0.37152777777777773,1
289.05000000003145,0.5285351508540563,0.3680555555555556,1
289.10000000003146,0.5077336191574519,0.3680555555555556,1
289.15000000003147,0.4672756049851799,0.3680555555555556,1
289.2000000000315,0.42577427742921253,0.3680555555555556,1
289.2500000000315,0.4162145426557775,0.3680555555555556,0
289.3000000000315,0.420044084147275,0.34722222222222215,1
289.3500000000315,0.44588391976182257,0.36284722222222215,1
289.4000000000315,0.4792977652378972,0.592013888888889,0
289.45000000003154,0.5233370490186803,0.6076388888888891,0
289.50000000003155,0.5711709960477536,0.6232638888888891,0
289.55000000003156,0.6112092829396821,0.6232638888888891,0
289.60000000003157,0.5656108722001771,0.6232638888888891,0
289.6500000000316,0.5347218158970584,0.6232638888888891,0
289.7000000000316,0.5261438322494484,0.6232638888888891,1
289.7500000000316,0.5336390066757827,0.6232638888888891,1
289.8000000000316,0.6154685954205268,0.6232638888888891,1
289.8500000000316,0.5630428568371143,0.6232638888888891,0
289.90000000003164,0.5440798883208466,0.6232638888888891,0
289.95000000003165,0.5250874306331488,0.6232638888888891,0
290.00000000003166,0.5129102224817687,0.6232638888888891,0
290.0500000000317,0.4754816826191115,0.6232638888888891,0
290.1000000000317,0.4691155003657795,0.6232638888888891,0
290.1500000000317,0.48514912370517216,0.6232638888888891,1
290.2000000000317,0.5051969650117233,0.6232638888888891,1
290.2500000000317,0.5126176419168558,0.6232638888888891,0
290.30000000003173,0.5293582699635351,0.6232638888888891,0
290.35000000003174,0.5491783492535265,0.6232638888888891,0
290.40000000003175,0.5673894865249295,0.6232638888888891,0
290.45000000003176,0.5831259603703605,0.6232638888888891,0
290.5000000000318,0.6088436181138766,0.6232638888888891,0
290.5500000000318,0.6108688600552232,0.6232638888888891,0
290.6000000000318,0.6217023504544983,0.6232638888888891,0
290.6500000000318,0.6283673007534499,0.6232638888888891,1
290.7000000000318,0.6345122340038054,0.6232638888888891,1
290.75000000003183,0.6386401918051606,0.6232638888888891,1
290.80000000003184,0.6430105572001795,0.6232638888888891,0
290.85000000003186,0.6512684049714104,0.6232638888888891,0
290.90000000003187,0.6512684049714103,0.6232638888888891,0
290.9500000000319,0.6512684049714103,0.6232638888888891,0
291.0000000000319,0.6523905192672033,0.5989583333333333,0
291.0500000000319,0.6523905192672033,0.5989583333333333,0
291.1000000000319,0.6523905192672034,0.5989583333333333,1
291.1500000000319,0.6523905192672034,0.5989583333333333,1
291.20000000003193,0.6523905192672034,0.5989583333333333,1
291.25000000003195,0.6523905192672034,0.5989583333333333,0
291.30000000003196,0.6523905192672033,0.5989583333333333,0
291.35000000003197,0.6523905192672033,0.5989583333333333,0
291.400000000032,0.6523905192672034,0.5989583333333333,0
291.450000000032,0.6523905192672034,0.5989583333333333,0
291.500000000032,0.6523905192672034,0.5989583333333333,0
291.550000000032,0.6523905192672034,0.5989583333333333,1
291.600000000032,0.6523905192672034,0.5989583333333333,1
291.65000000003204,0.6523905192672034,0.5989583333333333,0
291.70000000003205,0.6523905192672034,0.5989583333333333,1
291.75000000003206,0.6523905192672034,0.5989583333333333,0
291.80000000003207,0.6523905192672034,0.5989583333333333,0
291.8500000000321,0.6523905192672034,0.5989583333333333,0
291.9000000000321,0.6523905192672034,0.5989583333333333,0
291.9500000000321,0.6523905192672034,0.5989583333333333,0
292.0000000000321,0.7184880297155459,0.5815972222222222,0
292.0500000000321,0.7197802026083366,0.5815972222222222,1
292.10000000003214,0.7173754937124116,0.5815972222222222,1
292.15000000003215,0.7149435698621425,0.5815972222222222,1
292.20000000003216,0.7110897263994181,0.5815972222222222,0
292.2500000000322,0.7098952658420494,0.5902777777777778,0
292.3000000000322,0.7077963473241994,0.5902777777777778,0
292.3500000000322,0.7071388082341675,0.5902777777777778,0
292.4000000000322,0.7066590417201757,0.5902777777777778,0
292.4500000000322,0.7047380582756632,0.5902777777777778,0
292.50000000003223,0.7027283797067342,0.5902777777777778,1
292.55000000003224,0.6999741358250364,0.5902777777777778,1
292.60000000003225,0.7001904474998024,0.5902777777777778,1
292.65000000003226,0.700034226526941,0.5902777777777778,0
292.7000000000323,0.6995534069913303,0.5902777777777778,0
292.7500000000323,0.6987668438058094,0.5902777777777778,0
292.8000000000323,0.6976582587920335,0.5902777777777778,0
292.8500000000323,0.6961849140119531,0.5902777777777778,0
292.9000000000323,0.6925797527312912,0.5902777777777778,0
292.95000000003233,0.6904298004644555,0.5902777777777778,1
293.00000000003234,0.8403120858955868,0.6666666666666669,1
293.05000000003236,0.8399614458076371,0.6666666666666669,0
293.10000000003237,0.8371795018453531,0.6666666666666669,1
293.1500000000324,0.8343298346934056,0.6875000000000001,0
293.2000000000324,0.8314114880758375,0.6875000000000001,0
293.2500000000324,0.8274738501433208,0.6875000000000001,0
293.3000000000324,0.8249867950641575,0.6875000000000001,1
293.3500000000324,0.8215065407368668,0.6875000000000001,1
293.40000000003243,0.817940719697762,0.6875000000000001,1
293.45000000003245,0.8142908405960154,0.6875000000000001,1
293.50000000003246,0.8105594540627359,0.6875000000000001,1
293.55000000003247,0.8067504018705592,0.6875000000000001,1
293.6000000000325,0.8018907545272101,0.6875000000000001,0
293.6500000000325,0.7984116642310967,0.6875000000000001,0
293.7000000000325,0.7939592618325624,0.6875000000000001,0
293.7500000000325,0.7877919932906094,0.6666666666666669,0
293.8000000000325,0.7822784132981346,0.329861111111111,0
293.85000000003254,0.7780622914957933,0.30034722222222215,0
293.90000000003255,0.7634253861914828,0.376736111111111,0
293.95000000003256,0.7637508536084466,0.37152777777777773,0
294.00000000003257,0.8968631320819418,0.501736111111111,0
294.0500000000326,0.9052715224125636,0.3958333333333333,0
294.1000000000326,0.9012808934168518,0.39062499999999994,0
294.1500000000326,0.9202194912269578,0.40624999999999994,0
294.2000000000326,0.8810666769671331,0.4913194444444445,1
294.2500000000326,0.9139831764519442,0.4583333333333333,1
294.30000000003264,0.8752287344456763,0.4131944444444444,1
294.35000000003265,0.8713480154898097,0.3454861111111111,1
294.40000000003266,0.8661879020221183,0.3697916666666667,1
294.4500000000327,0.8634608076861104,0.4305555555555556,1
294.5000000000327,0.8581051180784148,0.3368055555555555,1
294.5500000000327,0.857613108198763,0.375,1
294.6000000000327,0.8581093214028194,0.375,1
294.6500000000327,0.8487467575384912,0.375,1
294.70000000003273,0.8427232932694032,0.375,1
294.75000000003274,0.8366223238596324,0.3975694444444445,1
294.80000000003275,0.8352439545225115,0.765625,1
294.85000000003276,0.8283613689680634,0.8333333333333334,0
294.9000000000328,0.8112302890501916,0.8333333333333334,0
294.9500000000328,0.8032240782474773,0.8333333333333334,0
295.0000000000328,0.7926326655565253,0.8333333333333334,0
295.0500000000328,0.7932938538580403,0.8333333333333334,0
295.1000000000328,0.999999999999994,0.8333333333333334,1
295.15000000003283,0.9999999999999906,0.8333333333333334,1
295.20000000003284,0.9999999999999933,0.8020833333333334,0
295.25000000003286,0.9999999999999964,0.7395833333333334,0
295.30000000003287,0.9999999915238754,0.8333333333333334,0
295.3500000000329,0.9999999908813499,0.8333333333333334,0
295.4000000000329,0.9999999999999958,0.8333333333333334,0
295.4500000000329,0.9999999933085523,0.8333333333333334,0
295.5000000000329,0.9999999999999936,0.4375,0
295.5500000000329,0.9999999875241166,0.4375,0
295.60000000003294,0.9999999857653329,0.4375,1
295.65000000003295,0.9999999999999856,0.4375,1
295.70000000003296,0.9999999999999827,0.4375,1
295.75000000003297,0.9999999999999798,0.7708333333333334,1
295.800000000033,0.9999999999999837,0.8125,1
295.850000000033,0.9999999999999587,0.8333333333333334,0
295.900000000033,0.9999999692041328,0.8333333333333334,0
295.950000000033,0.9999999999999232,0.8333333333333334,0
296.000000000033,0.9999999999999867,0.875,0
296.05000000003304,0.9999999999999861,0.875,0
296.10000000003305,0.9999999913948333,0.875,1
296.15000000003306,0.9999999999999837,0.875,1
296.20000000003307,0.9999999999999828,0.875,1
296.2500000000331,0.9999999924245204,0.875,1
296.3000000000331,0.9999999921161963,0.875,0
296.3500000000331,0.9999999918515692,0.875,0
296.4000000000331,0.999999994524276,0.875,0
296.4500000000331,0.9999999941818306,0.875,0
296.50000000003314,0.9999999938806341,0.875,1
296.55000000003315,0.9999999999999886,0.875,1
296.60000000003316,0.9999999999999879,0.875,0
296.6500000000332,0.9999999927679114,0.875,1
296.7000000000332,0.9999999923072438,0.875,1
296.7500000000332,0.9999999919630305,0.875,0
296.8000000000332,0.9999999999999843,0.875,0
296.8500000000332,0.9999999902308521,0.875,0
296.90000000003323,0.9999999909010567,0.875,0
296.95000000003324,0.9999999900306349,0.875,1
297.00000000003325,0.9999999979323119,0.9583333333333331,1
297.05000000003326,0.999999997884423,0.9583333333333331,0
297.1000000000333,0.9999999978569053,0.9583333333333331,1
297.1500000000333,0.9999999977182559,0.9583333333333331,1
297.2000000000333,0.9999999975881495,0.9583333333333331,1
297.2500000000333,0.9999999974430496,0.9583333333333331,1
297.3000000000333,0.9999999972803902,0.9583333333333331,0
297.35000000003333,0.9999999970971739,0.9583333333333331,0
297.40000000003334,0.9999999969082101,0.9548611111111108,0
297.45000000003336,0.9999999967526616,0.9305555555555555,1
297.50000000003337,0.9999999964378679,0.8975694444444445,1
297.5500000000334,0.824196554391529,0.861111111111111,1
297.6000000000334,0.7988439904040795,0.8298611111111108,0
297.6500000000334,0.7867962111297625,0.7586805555555554,0
297.7000000000334,0.773281354463602,0.75,1
297.7500000000334,0.7582838800579155,0.9496527777777777,1
297.80000000003344,0.7477548200616938,0.9496527777777777,1
297.85000000003345,0.7490803640434485,0.9583333333333331,1
297.90000000003346,0.7417047331016677,0.9583333333333331,0
297.95000000003347,0.7296891468244875,0.9583333333333331,0
298.0000000000335,0.7205247259247904,0.9583333333333331,0
298.0500000000335,0.7141584124201801,0.9322916666666665,0
298.1000000000335,0.7109858890513777,0.3333333333333332,0
298.1500000000335,0.7111712717324141,0.2569444444444445,0
298.2000000000335,0.6985030698288162,0.40972222222222215,0
298.25000000003354,0.7247628827423244,0.3993055555555556,0
298.30000000003355,0.6417869359920253,0.30034722222222227,0
298.35000000003356,0.6355865864715483,0.3281249999999999,0
298.4000000000336,0.5984835129565645,0.3003472222222223,0
298.4500000000336,0.5448280179984671,0.2621527777777778,0
298.5000000000336,0.5236025663340124,0.41840277777777785,0
298.5500000000336,0.47459759526900486,0.24131944444444442,0
298.6000000000336,0.41083212198888547,0.43750000000000006,0
298.65000000003363,0.33504339821200524,0.23090277777777776,0
298.70000000003364,0.2748255663102886,0.3402777777777777,0
298.75000000003365,0.2916970255300037,0.2552083333333333,0
298.80000000003366,0.25061067819606087,0.36284722222222215,0
298.8500000000337,0.24664598218397749,0.3177083333333332,0
298.9000000000337,0.22114552481004493,0.3194444444444445,0
298.9500000000337,0.2043099121700046,0.29340277777777785,0
299.0000000000337,0.17829771381672396,0.3055555555555554,0
299.0500000000337,0.15108312142765165,0.19270833333333334,0
299.10000000003373,0.18164125325780892,0.3541666666666667,0
299.15000000003374,0.20172788966311095,0.1319444444444445,0
299.20000000003375,0.22891616264854162,0.2847222222222223,0
299.25000000003376,0.20052761403697636,0.2222222222222222,0
299.3000000000338,0.20019766513441958,0.23263888888888884,0
299.3500000000338,0.2799995407243762,0.3680555555555555,0
299.4000000000338,0.2935141479589631,0.30902777777777785,0
299.4500000000338,0.34453547439355536,0.3958333333333333,0
299.5000000000338,0.2926613154995148,0.20659722222222224,0
299.55000000003383,0.3178462712452518,0.3263888888888889,0
299.60000000003384,0.27130013446867757,0.30381944444444453,0
299.65000000003386,0.2395257607301298,0.3177083333333333,0
299.70000000003387,0.26411426922674297,0.23263888888888887,0
299.7500000000339,0.2696487928242949,0.3333333333333332,0
299.8000000000339,0.287545640340861,0.3281249999999999,0
299.8500000000339,0.3023103998249657,0.295138888888889,0
299.9000000000339,0.9999999999997844,0.35937500000000006,0
299.9500000000339,0.2802118478993248,0.279513888888889,0
300.00000000003394,0.2838366870422319,0.2552083333333333,0
300.05000000003395,0.2929028171085498,0.3177083333333332,0
300.10000000003396,0.25278716980653726,0.2256944444444444,0
300.15000000003397,0.18758676505811908,0.1996527777777778,0
300.200000000034,0.25593377499856035,0.22743055555555558,0
300.250000000034,0.26893412970869013,0.21875,0
300.300000000034,0.2613337953569128,0.34548611111111116,0
300.350000000034,0.28296390724631076,0.22916666666666666,0
300.400000000034,0.22571474881140452,0.37326388888888884,0
300.45000000003404,0.9999999999999287,0.2291666666666666,0
300.50000000003405,0.9999999428091978,0.3958333333333333,0
300.55000000003406,0.9999999186078656,0.2256944444444444,0
300.6000000000341,0.9999997153906878,0.17881944444444442,0
300.6500000000341,0.2701519526608887,0.3402777777777777,0
300.7000000000341,0.24435133981427598,0.3489583333333333,0
300.7500000000341,0.3532256622258456,0.24131944444444442,0
300.8000000000341,0.24851607323176123,0.2638888888888889,0
300.85000000003413,0.2365808126866988,0.37500000000000006,0
300.90000000003414,0.2657916850350742,0.3003472222222224,0
300.95000000003415,0.29977344099085496,0.39062499999999994,0
