timestamp,shape_error,presence_error,leader_off
0.05,1.904925254684207e-15,0.0,1
0.1,0.04336961581090384,0.0,1
0.15000000000000002,0.06630983672324314,0.0,1
0.2,0.06579999855776895,0.0,1
0.25,0.059009884379278066,0.0,1
0.3,0.053997683432242025,0.0,1
0.35,0.07818945192273676,0.0,1
0.39999999999999997,1.9339939798738092e-15,0.0,1
0.44999999999999996,2.055504138240706e-15,0.0,1
0.49999999999999994,1.8857362384799625e-15,0.0,1
0.5499999999999999,1.967132970171822e-15,0.0,1
0.6,1.978280514574613e-15,0.0,1
0.65,1.9658002772310024e-15,0.0,1
0.7000000000000001,2.009767410156592e-15,0.0,1
0.7500000000000001,2.009767410156592e-15,0.0,1
0.8000000000000002,2.069972972521554e-15,0.0,1
0.8500000000000002,1.9876571222377426e-15,0.0,1
0.9000000000000002,2.0565003289603205e-15,0.0,1
0.9500000000000003,1.9550076770765424e-15,0.0,1
1.0000000000000002,0.05459370641400268,0.0546875,1
1.0500000000000003,0.0545937064140031,0.0546875,1
1.1000000000000003,0.0545937064140031,0.0546875,1
1.1500000000000004,0.054593706414002956,0.0546875,1
1.2000000000000004,0.054593706414003136,0.0546875,1
1.2500000000000004,0.05459370641400281,0.0546875,1
1.3000000000000005,0.054593706414003185,0.0546875,1
1.3500000000000005,0.05459370641400276,0.0546875,1
1.4000000000000006,0.054593706414003136,0.0546875,1
1.4500000000000006,0.054593706414003136,0.0546875,1
1.5000000000000007,0.05459370641400288,0.0546875,1
1.5500000000000007,0.05459370641400314,0.0546875,1
1.6000000000000008,0.0545937064140031,0.0546875,1
1.6500000000000008,0.05459370641400281,0.0546875,1
1.7000000000000008,0.05459370641400315,0.0546875,1
1.7500000000000009,0.05459370641400324,0.0546875,1
1.800000000000001,0.05459370641400324,0.0546875,1
1.850000000000001,0.0545937064140027,0.0546875,1
1.900000000000001,0.054593706414003296,0.0546875,1
1.950000000000001,0.0545937064140027,0.0546875,1
2.000000000000001,0.07909857121274863,0.0859375,1
2.0500000000000007,0.07909857121274864,0.0859375,1
2.1000000000000005,0.07909857121274824,0.0859375,1
2.1500000000000004,0.07909857121274824,0.0859375,1
2.2,0.07909857121274842,0.0859375,1
2.25,0.07909857121274831,0.0859375,1
2.3,0.07909857121274862,0.0859375,1
2.3499999999999996,0.07909857121274877,0.0859375,1
2.3999999999999995,0.07909857121274848,0.0859375,1
2.4499999999999993,0.07909857121274834,0.0859375,1
2.499999999999999,0.07909857121274834,0.0859375,1
2.549999999999999,0.07909857121274849,0.0859375,1
2.5999999999999988,0.07909857121274835,0.0859375,1
2.6499999999999986,0.07909857121274823,0.0859375,1
2.6999999999999984,0.07909857121274835,0.0859375,1
2.7499999999999982,0.0790985712127489,0.0859375,1
2.799999999999998,0.07909857121274849,0.0859375,1
2.849999999999998,0.07909857121274849,0.0859375,1
2.8999999999999977,0.07909857121274862,0.0859375,1
2.9499999999999975,0.07909857121274828,0.0859375,1
2.9999999999999973,0.07909857121274856,0.0859375,1
3.049999999999997,0.10995125716490066,0.1328125,1
3.099999999999997,0.10995125716490053,0.1328125,1
3.149999999999997,0.10995125716490063,0.1328125,1
3.1999999999999966,0.10995125716490063,0.1328125,1
3.2499999999999964,0.10995125716490065,0.1328125,1
3.2999999999999963,0.10995125716490058,0.1328125,1
3.349999999999996,0.1099512571649006,0.1328125,1
3.399999999999996,0.1099512571649006,0.1328125,1
3.4499999999999957,0.10995125716490063,0.1328125,1
3.4999999999999956,0.1099512571649006,0.1328125,1
3.5499999999999954,0.1099512571649006,0.1328125,1
3.599999999999995,0.10995125716490065,0.1328125,1
3.649999999999995,0.1099512571649011,0.1328125,1
3.699999999999995,0.10995125716490085,0.1328125,1
3.7499999999999947,0.10995125716490049,0.1328125,1
3.7999999999999945,0.1099512571649005,0.1328125,1
3.8499999999999943,0.10995125716490058,0.1328125,1
3.899999999999994,0.10995125716490058,0.1328125,1
3.949999999999994,0.10995125716490069,0.1328125,1
3.999999999999994,0.10995125716490053,0.1328125,1
4.049999999999994,0.13613896640373113,0.1796875,1
4.099999999999993,0.13613896640373135,0.1796875,1
4.149999999999993,0.13613896640373113,0.1796875,1
4.199999999999993,0.1361389664037309,0.1796875,1
4.249999999999993,0.1361389664037309,0.1796875,1
4.299999999999993,0.136138966403731,0.1796875,1
4.3499999999999925,0.1361389664037311,0.1796875,1
4.399999999999992,0.13613896640373124,0.1796875,1
4.449999999999992,0.1361389664037308,0.1796875,1
4.499999999999992,0.13613896640373127,0.1796875,1
4.549999999999992,0.13613896640373085,0.1796875,1
4.599999999999992,0.13613896640373085,0.1796875,1
4.6499999999999915,0.13613896640373122,0.1796875,1
4.699999999999991,0.1361389664037311,0.1796875,1
4.749999999999991,0.136138966403731,0.1796875,1
4.799999999999991,0.13613896640373116,0.1796875,1
4.849999999999991,0.13613896640373127,0.1796875,1
4.899999999999991,0.13613896640373077,0.1796875,1
4.94999999999999,0.13613896640373077,0.1796875,1
4.99999999999999,0.13613896640373124,0.1796875,1
5.04999999999999,0.15475176947216202,0.2265625,1
5.09999999999999,0.15475176947216238,0.2265625,1
5.14999999999999,0.15475176947216254,0.2265625,1
5.1999999999999895,0.15475176947216246,0.2265625,1
5.249999999999989,0.15475176947216218,0.2265625,1
5.299999999999989,0.15475176947216218,0.2265625,1
5.349999999999989,0.15475176947216207,0.2265625,1
5.399999999999989,0.15475176947216218,0.2265625,1
5.449999999999989,0.15475176947216202,0.2265625,1
5.4999999999999885,0.15475176947216202,0.2265625,1
5.549999999999988,0.15475176947216238,0.2265625,1
5.599999999999988,0.15475176947216235,0.2265625,1
5.649999999999988,0.15475176947216235,0.2265625,1
5.699999999999988,0.15475176947216235,0.2265625,1
5.749999999999988,0.15475176947216218,0.2265625,1
5.799999999999987,0.15475176947216235,0.2265625,1
5.849999999999987,0.15475176947216232,0.2265625,1
5.899999999999987,0.15475176947216218,0.2265625,1
5.949999999999987,0.15475176947216218,0.2265625,1
5.999999999999987,0.15475176947216218,0.2265625,1
6.0499999999999865,0.8279620705473332,0.2265625,1
6.099999999999986,0.8245907274614752,0.2265625,1
6.149999999999986,0.8211081847106805,0.2265625,1
6.199999999999986,0.8175087821647523,0.2265625,1
6.249999999999986,0.8137875052855905,0.2265625,1
6.299999999999986,0.8099402375042177,0.2265625,1
6.349999999999985,0.8056303029231391,0.2265625,1
6.399999999999985,0.8014365472815819,0.2265625,1
6.449999999999985,0.7967437202224906,0.2265625,1
6.499999999999985,0.7918619790032219,0.2265625,1
6.549999999999985,0.7867811786331442,0.2265625,1
6.5999999999999845,0.7814922188464264,0.2265625,1
6.649999999999984,0.7759834245922954,0.2265625,1
6.699999999999984,0.769974884297894,0.2265625,1
6.749999999999984,0.7636926613858697,0.2265625,1
6.799999999999984,0.7568311674345722,0.2265625,1
6.849999999999984,0.7496313192546903,0.2265625,1
6.8999999999999835,0.7420726043725611,0.2265625,1
6.949999999999983,0.7341344403780363,0.2265625,1
6.999999999999983,0.7257937311164623,0.2265625,1
7.049999999999983,0.8311155682790877,0.2109375,1
7.099999999999983,0.8258742974734632,0.2109375,1
7.149999999999983,0.8203272736866686,0.2109375,1
7.199999999999982,0.8144750786665937,0.2109375,1
7.249999999999982,0.8082965753709509,0.2109375,1
7.299999999999982,0.8017692969047817,0.2109375,1
7.349999999999982,0.7948694422415071,0.2109375,1
7.399999999999982,0.7875908613682591,0.2109375,1
7.4499999999999815,0.7794081559298445,0.2109375,1
7.499999999999981,0.7707307094939497,0.2109375,1
7.549999999999981,0.7614910704167543,0.2109375,1
7.599999999999981,0.7517050446197743,0.2109375,1
7.649999999999981,0.7414306743614041,0.2109375,1
7.699999999999981,0.7311397468245296,0.2109375,1
7.7499999999999805,0.7201517702294906,0.2109375,1
7.79999999999998,0.7071496816598987,0.2109375,1
7.84999999999998,0.6932115733588523,0.2109375,1
7.89999999999998,0.6780888126845919,0.2109375,1
7.94999999999998,0.6616652753185114,0.2109375,1
7.99999999999998,0.643878446200503,0.2109375,1
8.04999999999998,0.8397958182434543,0.21875,1
8.09999999999998,0.8363470174738243,0.21875,1
8.14999999999998,0.8286057482794035,0.21875,1
8.199999999999982,0.8207275547356947,0.21875,1
8.249999999999982,0.812327285821454,0.21875,1
8.299999999999983,0.8034417641429762,0.21875,1
8.349999999999984,0.7940138095574565,0.21875,1
8.399999999999984,0.7840841937020862,0.21875,1
8.449999999999985,0.7748512712829798,0.21875,1
8.499999999999986,0.7644287558504105,0.21875,1
8.549999999999986,0.7542059196812956,0.21875,1
8.599999999999987,0.7441714548244008,0.21875,1
8.649999999999988,0.7333694196746087,0.21875,1
8.699999999999989,0.7217114415494597,0.21875,1
8.74999999999999,0.70911002714627,0.21875,1
8.79999999999999,0.6974541199713923,0.21875,1
8.84999999999999,0.6797261958332258,0.21875,1
8.899999999999991,0.6624391841264343,0.21875,1
8.949999999999992,0.6435017974291214,0.21875,1
8.999999999999993,0.6227387461960064,0.21875,1
9.049999999999994,0.82701458566744,0.21875,1
9.099999999999994,0.8193666367930807,0.21875,1
9.149999999999995,0.8129356064753696,0.21875,1
9.199999999999996,0.8023055550896964,0.21875,1
9.249999999999996,0.792483926342107,0.21875,1
9.299999999999997,0.7817713108835933,0.21875,1
9.349999999999998,0.7700015162593329,0.21875,1
9.399999999999999,0.7572679050337535,0.21875,1
9.45,0.7434358861358737,0.21875,1
9.5,0.7325429613867083,0.21875,1
9.55,0.7134746613368014,0.21875,1
9.600000000000001,0.6964488390687628,0.21875,1
9.650000000000002,0.678348021007621,0.21875,1
9.700000000000003,0.6590683017232203,0.21875,1
9.750000000000004,0.6376484214411229,0.21875,1
9.800000000000004,0.613833163095258,0.21875,1
9.850000000000005,0.5940833909271322,0.21875,1
9.900000000000006,0.5599533849918635,0.21875,1
9.950000000000006,0.5307122910216892,0.21875,1
10.000000000000007,0.7334698700678233,0.2109375,1
10.050000000000008,0.7244269792186301,0.2109375,1
10.100000000000009,0.7077875438038996,0.2109375,1
10.15000000000001,0.6890257725309642,0.2109375,1
10.20000000000001,0.6739370708465459,0.2109375,1
10.25000000000001,0.642605435576735,0.2109375,1
10.300000000000011,0.6133173053916947,0.2109375,1
10.350000000000012,0.5795265176526754,0.2109375,1
10.400000000000013,0.5428601749439511,0.2109375,1
10.450000000000014,0.501246851596135,0.2109375,1
10.500000000000014,0.45757065110354567,0.2109375,1
10.550000000000015,0.42242197118872366,0.2109375,1
10.600000000000016,0.3823964995355922,0.2109375,1
10.650000000000016,0.356211863843483,0.2109375,1
10.700000000000017,0.32725251192812815,0.2109375,1
10.750000000000018,0.2967110958204595,0.2109375,1
10.800000000000018,0.2722177918608817,0.2109375,1
10.85000000000002,0.24953824727726254,0.2109375,1
10.90000000000002,0.23083978423689247,0.2109375,1
10.95000000000002,0.2018029220544883,0.2109375,1
11.000000000000021,0.6891204175817828,0.1875,1
11.050000000000022,0.6823757656118218,0.1875,1
11.100000000000023,0.6637545765996341,0.1875,1
11.150000000000023,0.6446884217810745,0.1875,1
11.200000000000024,0.623533374134951,0.1875,1
11.250000000000025,0.6067438625388072,0.1875,1
11.300000000000026,0.5752156134688153,0.1875,1
11.350000000000026,0.5486835838492278,0.1875,1
11.400000000000027,0.5197703360883418,0.1875,1
11.450000000000028,0.48809386822628975,0.1875,1
11.500000000000028,0.4542311241494288,0.1875,1
11.55000000000003,0.41801847224210414,0.1875,1
11.60000000000003,0.3890675728129263,0.1875,1
11.65000000000003,0.3305993591526995,0.1875,1
11.700000000000031,0.28467018429368757,0.1875,1
11.750000000000032,0.24054096768986907,0.1875,1
11.800000000000033,0.20229239564141577,0.1875,1
11.850000000000033,0.16928579632919977,0.1875,1
11.900000000000034,0.14008132929195402,0.1875,1
11.950000000000035,0.14037969437527945,0.1875,1
12.000000000000036,0.2744302169859428,0.203125,1
12.050000000000036,0.2765984905585889,0.203125,1
12.100000000000037,0.2620507811705592,0.203125,1
12.150000000000038,0.24707754686794572,0.203125,1
12.200000000000038,0.23168687346059721,0.203125,1
12.250000000000039,0.21593395046096467,0.203125,1
12.30000000000004,0.1961352657131424,0.203125,1
12.35000000000004,0.18496844211625504,0.203125,1
12.400000000000041,0.1707246860838811,0.203125,1
12.450000000000042,0.16194041464486045,0.203125,1
12.500000000000043,0.15376159938232553,0.203125,1
12.550000000000043,0.1486323078574305,0.203125,1
12.600000000000044,0.1474795646235431,0.203125,1
12.650000000000045,0.6275076790703236,0.203125,1
12.700000000000045,0.6209808061167935,0.203125,1
12.750000000000046,0.6149788615086627,0.203125,1
12.800000000000047,0.6005282585324807,0.203125,1
12.850000000000048,0.5826753762290998,0.203125,1
12.900000000000048,0.5679494478658524,0.203125,1
12.950000000000049,0.552559622220119,0.203125,1
13.00000000000005,0.6655900564850312,0.2109375,1
13.05000000000005,0.6599057244838571,0.2109375,1
13.100000000000051,0.6372073116548824,0.2109375,1
13.150000000000052,0.6277905787384518,0.2109375,1
13.200000000000053,0.6309814105990164,0.2109375,1
13.250000000000053,0.6229713448658174,0.2109375,1
13.300000000000054,0.5774065855041988,0.2109375,1
13.350000000000055,0.5641430966042167,0.2109375,1
13.400000000000055,0.5523745633697394,0.2109375,1
13.450000000000056,0.5388471499350477,0.2109375,1
13.500000000000057,0.5242350853553291,0.2109375,0
13.550000000000058,0.5072648776639166,0.21539306640625,0
13.600000000000058,0.49062751244430225,0.21539306640625,0
13.650000000000059,0.46969118272785404,0.21539306640625,0
13.70000000000006,0.4622877566321199,0.66094970703125,0
13.75000000000006,0.43816065912693186,0.66094970703125,0
13.800000000000061,0.4192212272339448,0.66094970703125,0
13.850000000000062,0.40378914167904606,0.65521240234375,0
13.900000000000063,0.38711104086371506,0.6552734375,0
13.950000000000063,0.3742504500099134,0.65521240234375,0
14.000000000000064,0.8110577435044736,0.1475830078125,0
14.050000000000065,0.8193980135387822,0.13800048828125,0
14.100000000000065,0.81825210298425,0.1435546875,0
14.150000000000066,0.8104548750736162,0.1439208984375,0
14.200000000000067,0.7999412498225734,0.13775634765625,0
14.250000000000068,0.7898541565776891,0.1558837890625,0
14.300000000000068,0.9999994594144694,0.16033935546875,0
14.350000000000069,0.9999992948318758,0.07635498046875,0
14.40000000000007,0.7470966203194795,0.0576171875,0
14.45000000000007,0.7436277022175721,0.09423828125,0
14.500000000000071,0.7440134805174998,0.05224609375,0
14.550000000000072,0.7320748311623301,0.06976318359375,0
14.600000000000072,0.7029818866505482,0.0572509765625,0
14.650000000000073,0.99999934958812,0.07574462890625,0
14.700000000000074,0.9999992297296497,0.06353759765625,0
14.750000000000075,0.6444802649898076,0.0633544921875,0
14.800000000000075,0.640105633481308,0.063720703125,0
14.850000000000076,0.632069328757067,0.07586669921875,0
14.900000000000077,0.6148928109263447,0.07513427734375,0
14.950000000000077,0.5807899611391742,0.0933837890625,0
15.000000000000078,0.9999998638839035,0.1427001953125,0
15.050000000000079,0.9999998602232802,0.1455078125,0
15.10000000000008,0.851874201455567,0.13909912109375,0
15.15000000000008,0.8473454971228055,0.1513671875,0
15.200000000000081,0.8440805185565617,0.12725830078125,0
15.250000000000082,0.8380480167289278,0.12725830078125,0
15.300000000000082,0.8322432341690326,0.12725830078125,0
15.350000000000083,0.8260036470177816,0.12725830078125,1
15.400000000000084,0.8144346879803347,0.12725830078125,1
15.450000000000085,0.8121711228408997,0.12725830078125,1
15.500000000000085,0.8098959423553144,0.12725830078125,1
15.550000000000086,0.8075761683835485,0.12725830078125,1
15.600000000000087,0.8044759017794775,0.12725830078125,1
15.650000000000087,0.7961693377518569,0.12725830078125,1
15.700000000000088,0.7872642642672407,0.12725830078125,1
15.750000000000089,0.7715609482065414,0.12725830078125,1
15.80000000000009,0.7679510815857348,0.12725830078125,1
15.85000000000009,0.7584618503810003,0.12725830078125,1
15.900000000000091,0.7490720769127237,0.12725830078125,1
15.950000000000092,0.7402432323381761,0.12725830078125,1
16.000000000000092,0.8869858515148978,0.19757080078125,1
16.050000000000093,0.8866950546830662,0.19757080078125,1
16.100000000000094,0.8846482287346025,0.19757080078125,1
16.150000000000095,0.8831380257953273,0.19757080078125,1
16.200000000000095,0.8797460063685146,0.19757080078125,1
16.250000000000096,0.8761956232098591,0.19757080078125,1
16.300000000000097,0.8724757924399971,0.19757080078125,1
16.350000000000097,0.8685742138027817,0.19757080078125,1
16.400000000000098,0.8644772000146164,0.19757080078125,1
16.4500000000001,0.8575148597067349,0.19757080078125,1
16.5000000000001,0.8551299986038364,0.19757080078125,1
16.5500000000001,0.8498835465319037,0.19757080078125,1
16.6000000000001,0.8443353046042248,0.19757080078125,1
16.6500000000001,0.8388777637987821,0.19757080078125,1
16.700000000000102,0.8334261134355159,0.19757080078125,1
16.750000000000103,0.8276275390846742,0.19757080078125,1
16.800000000000104,0.8179278128638848,0.19757080078125,1
16.850000000000104,0.8143230602300854,0.19757080078125,1
16.900000000000105,0.8067851238793864,0.19757080078125,1
16.950000000000106,0.7987850276465019,0.19757080078125,1
17.000000000000107,0.9111587385319071,0.22882080078125,0
17.050000000000107,0.9102250873256662,0.22882080078125,0
17.100000000000108,0.9076907989610944,0.22882080078125,0
17.15000000000011,0.9040586883404819,0.2119140625,0
17.20000000000011,0.9022669236488077,0.21649169921875,0
17.25000000000011,0.9009544128851423,0.21649169921875,0
17.30000000000011,0.8980539881523925,0.21649169921875,0
17.35000000000011,0.8950513862661932,0.65997314453125,0
17.400000000000112,0.8919591541178062,0.67828369140625,0
17.450000000000113,0.8887094373241194,0.67828369140625,0
17.500000000000114,0.8840808236169856,0.67266845703125,0
17.550000000000114,0.8812579808188499,0.67230224609375,0
17.600000000000115,0.8758800490308304,0.672607421875,0
17.650000000000116,0.8700010507132889,0.08648681640625,0
17.700000000000117,0.999999829220246,0.08746337890625,0
17.750000000000117,0.854542893748371,0.09259033203125,0
17.800000000000118,0.9999998044592274,0.0625,0
17.85000000000012,0.9999997891765683,0.08074951171875,0
17.90000000000012,0.8317287695316825,0.104248046875,0
17.95000000000012,0.8237855607503234,0.068359375,0
18.00000000000012,0.945684654921592,0.14117431640625,0
18.05000000000012,0.9999999999998919,0.1302490234375,0
18.100000000000122,0.9999999999998881,0.13568115234375,0
18.150000000000123,0.942268686260238,0.14154052734375,0
18.200000000000124,0.9403722444875765,0.1107177734375,1
18.250000000000124,0.9387860357403575,0.11749267578125,1
18.300000000000125,0.9369294140028264,0.1536865234375,1
18.350000000000126,0.9352157064755379,0.15313720703125,1
18.400000000000126,0.933491827854579,0.1651611328125,1
18.450000000000127,0.9999999189492121,0.1353759765625,1
18.500000000000128,0.9284623321132253,0.135498046875,1
18.55000000000013,0.9257053000846212,0.1407470703125,1
18.60000000000013,0.9231863456383265,0.11309814453125,1
18.65000000000013,0.9205358476978602,0.15155029296875,1
18.70000000000013,0.9177956144386147,0.134033203125,1
18.75000000000013,0.9999999999999549,0.1392822265625,1
18.800000000000132,0.9103907756037439,0.15203857421875,1
18.850000000000133,0.99999999999995,0.15130615234375,1
18.900000000000134,0.9999999999999472,0.15850830078125,1
18.950000000000134,0.9110854164474106,0.06585693359375,1
19.000000000000135,0.9481938670266874,0.1336669921875,1
19.050000000000136,0.946462514049916,0.14544677734375,1
19.100000000000136,0.9428075630867104,0.15191650390625,1
19.150000000000137,0.9406148810174283,0.17999267578125,1
19.200000000000138,0.9377220767819561,0.15704345703125,1
19.25000000000014,0.9350126911909878,0.15106201171875,1
19.30000000000014,0.9325150701208378,0.1632080078125,1
19.35000000000014,0.9299074368443992,0.11956787109375,1
19.40000000000014,0.9271643339724084,0.1256103515625,1
19.45000000000014,0.9999999999999591,0.143798828125,1
19.500000000000142,0.9212825956400493,0.13232421875,1
19.550000000000143,0.9176656207850649,0.11932373046875,1
19.600000000000144,0.9136747950202635,0.11383056640625,1
19.650000000000144,0.9092898933709669,0.114990234375,1
19.700000000000145,0.9046203303130056,0.09490966796875,1
19.750000000000146,0.8994581423395581,0.12060546875,1
19.800000000000146,0.8935615248404587,0.1270751953125,1
19.850000000000147,0.9999999999998658,0.12054443359375,1
19.900000000000148,0.9999999999998505,0.08782958984375,1
19.95000000000015,0.9999999999998368,0.08807373046875,1
20.00000000000015,0.9999999290818311,0.1668701171875,1
20.05000000000015,0.9422457498901207,0.16705322265625,1
20.10000000000015,0.9393313808096582,0.1671142578125,1
20.15000000000015,0.9999999210653974,0.1795654296875,1
20.200000000000152,0.9348795548870844,0.1424560546875,1
20.250000000000153,0.9999999159015648,0.1663818359375,1
20.300000000000153,0.9999999125022047,0.17816162109375,1
20.350000000000154,0.9999999999998357,0.112548828125,1
20.400000000000155,0.9244559925460362,0.1351318359375,1
20.450000000000156,0.9180012759648774,0.1116943359375,1
20.500000000000156,0.9148750621786212,0.09368896484375,1
20.550000000000157,0.9110639003232993,0.12396240234375,1
20.600000000000158,0.9999998808223431,0.1246337890625,1
20.65000000000016,0.9999998745273028,0.13232421875,1
20.70000000000016,0.8949259227433082,0.13232421875,1
20.75000000000016,0.8875529123902212,0.0997314453125,1
20.80000000000016,0.8805657103549153,0.1131591796875,1
20.85000000000016,0.871600038701355,0.1185302734375,1
20.900000000000162,0.861935574789086,0.06201171875,1
20.950000000000163,0.9999999999996338,0.0867919921875,1
21.000000000000163,0.9999999999998481,0.1722412109375,1
21.050000000000164,0.9268975695427467,0.1658935546875,1
21.100000000000165,0.9203147313841034,0.15313720703125,1
21.150000000000166,0.914815186985342,0.15313720703125,1
21.200000000000166,0.9095466424869134,0.12945556640625,1
21.250000000000167,0.9037391988049704,0.1590576171875,1
21.300000000000168,0.8995424024953412,0.14007568359375,1
21.35000000000017,0.8940513724012796,0.1160888671875,1
21.40000000000017,0.8853409418399412,0.121337890625,1
21.45000000000017,0.8752452786643442,0.0985107421875,1
21.50000000000017,0.8625752425145825,0.08721923828125,1
21.55000000000017,0.9999997867646121,0.11328125,1
21.600000000000172,0.8418715738246791,0.0941162109375,1
21.650000000000173,0.8292673302424534,0.09326171875,1
21.700000000000173,0.8193988387998304,0.1060791015625,1
21.750000000000174,0.8063566636589419,0.10650634765625,1
21.800000000000175,0.7937751853778173,0.06781005859375,1
21.850000000000176,0.7767274351403556,0.08660888671875,1
21.900000000000176,0.9999995527129664,0.09259033203125,1
21.950000000000177,0.9999996335743976,0.07366943359375,1
22.000000000000178,0.99999986012957,0.1417236328125,1
22.05000000000018,0.9999998522096628,0.14776611328125,1
22.10000000000018,0.7874025618438596,0.1236572265625,1
22.15000000000018,0.7639874456411967,0.16436767578125,1
22.20000000000018,0.7386683629771972,0.146728515625,1
22.25000000000018,0.7088747586856242,0.1512451171875,1
22.300000000000182,0.692064420552695,0.1331787109375,1
22.350000000000183,0.9999996384164423,0.07379150390625,1
22.400000000000183,0.9999996075798899,0.07806396484375,1
22.450000000000184,0.5940585373555924,0.078125,1
22.500000000000185,0.5486658511552981,0.072265625,1
22.550000000000185,0.48283081018275825,0.10174560546875,1
22.600000000000186,0.43272561026069056,0.08349609375,1
22.650000000000187,0.9999990549843035,0.083740234375,1
22.700000000000188,0.43527963251988894,0.09521484375,1
22.75000000000019,0.4199240335878219,0.0892333984375,1
22.80000000000019,0.3939040302786627,0.07177734375,1
22.85000000000019,0.3402876566784918,0.08367919921875,1
22.90000000000019,0.28316659577561704,0.06610107421875,1
22.95000000000019,0.9999967081659175,0.0899658203125,1
23.000000000000192,0.17320749053228243,0.0941162109375,1
23.050000000000193,0.2224109087761402,0.1177978515625,1
23.100000000000193,0.1927217225635119,0.1114501953125,1
23.150000000000194,0.18292223378437458,0.08819580078125,1
23.200000000000195,0.16766269731153166,0.11138916015625,1
23.250000000000195,0.11612553861924282,0.08795166015625,1
23.300000000000196,0.14926365220367815,0.11102294921875,1
23.350000000000197,0.11025948529498442,0.0880126953125,1
23.400000000000198,0.13878706129404797,0.0814208984375,1
23.4500000000002,0.13878706129404797,0.093017578125,1
23.5000000000002,0.1365813665201422,0.06964111328125,1
23.5500000000002,0.13809698093602948,0.07574462890625,1
23.6000000000002,0.06875143390137295,0.07562255859375,1
23.6500000000002,0.13122572633704474,0.08135986328125,1
23.700000000000202,0.13166001098357147,0.07635498046875,1
23.750000000000203,0.9999975945812626,0.06964111328125,1
23.800000000000203,0.9999975945812626,0.069580078125,1
23.850000000000204,0.14409893312384353,0.1214599609375,1
23.900000000000205,0.13122143099165204,0.08160400390625,1
23.950000000000205,0.10033541982379095,0.075927734375,1
24.000000000000206,0.9999999999987113,0.144775390625,1
24.050000000000207,0.7109185324446642,0.16583251953125,1
24.100000000000207,0.6942838175177245,0.142333984375,1
24.150000000000208,0.6736586723873906,0.15350341796875,1
24.20000000000021,0.6241061402877113,0.147705078125,1
24.25000000000021,0.5721619172739117,0.13787841796875,1
24.30000000000021,0.505929049667039,0.13092041015625,1
24.35000000000021,0.5188347937867637,0.103271484375,1
24.40000000000021,0.9999950480158075,0.1187744140625,1
24.450000000000212,0.3934650776589281,0.0902099609375,1
24.500000000000213,0.356577411007938,0.095947265625,1
24.550000000000214,0.31466261820772684,0.095947265625,1
24.600000000000215,0.26551830550119726,0.0909423828125,1
24.650000000000215,0.18715309595189683,0.06817626953125,1
24.700000000000216,0.09690903979602596,0.09063720703125,1
24.750000000000217,0.05889182161142683,0.12347412109375,1
24.800000000000217,0.08736727125348653,0.080078125,1
24.850000000000218,0.08736727125348653,0.1068115234375,1
24.90000000000022,0.08370887445647947,0.07470703125,1
24.95000000000022,0.08198980615791862,0.12432861328125,1
25.00000000000022,0.612988781268102,0.1768798828125,1
25.05000000000022,0.6129708885216593,0.17230224609375,1
25.10000000000022,0.9999980729149173,0.16668701171875,1
25.150000000000222,0.5035678619675414,0.137451171875,1
25.200000000000223,0.4640036603124746,0.16046142578125,1
25.250000000000224,0.4520593539675151,0.1549072265625,1
25.300000000000225,0.4502112540955545,0.14227294921875,1
25.350000000000225,0.45226798104374605,0.08551025390625,1
25.400000000000226,0.4683580669454676,0.08953857421875,1
25.450000000000227,0.45396177878985244,0.0950927734375,1
25.500000000000227,0.4357787765283091,0.10009765625,1
25.550000000000228,0.41550174930680384,0.09503173828125,1
25.60000000000023,0.3921215943080283,0.08868408203125,1
25.65000000000023,0.36484078153007987,0.08880615234375,1
25.70000000000023,0.3402015989136839,0.0888671875,1
25.75000000000023,0.30919461912432306,0.10687255859375,1
25.80000000000023,0.2821592513666808,0.09393310546875,1
25.850000000000232,0.2509707530608378,0.1177978515625,1
25.900000000000233,0.23509800580467485,0.09503173828125,1
25.950000000000234,0.2248509840649676,0.077392578125,1
26.000000000000234,0.4677368486970286,0.162109375,1
26.050000000000235,0.4741768937576504,0.1539306640625,1
26.100000000000236,0.47067091340382305,0.1358642578125,1
26.150000000000237,0.451425340174497,0.1298828125,1
26.200000000000237,0.44483526099078813,0.1583251953125,1
26.250000000000238,0.44390197621791466,0.12353515625,1
26.30000000000024,0.4383436364633908,0.129150390625,1
26.35000000000024,0.4355060992409989,0.0872802734375,1
26.40000000000024,0.40341753333138647,0.1041259765625,1
26.45000000000024,0.3866259215596371,0.11077880859375,1
26.50000000000024,0.37577757389237837,0.08599853515625,1
26.550000000000242,0.36056288725969854,0.09246826171875,1
26.600000000000243,0.34478800607669663,0.0982666015625,1
26.650000000000244,0.3302966033766722,0.10528564453125,1
26.700000000000244,0.3081997799234452,0.1033935546875,1
26.750000000000245,0.2672187554716237,0.1104736328125,1
26.800000000000246,0.23608964133192986,0.0982666015625,1
26.850000000000247,0.22402235752902241,0.068603515625,1
26.900000000000247,0.20375515664787514,0.09234619140625,1
26.950000000000248,0.19726301406351204,0.10382080078125,1
27.00000000000025,0.7521540265245318,0.18212890625,1
27.05000000000025,0.7572131854691444,0.1708984375,1
27.10000000000025,0.7519006410058254,0.189453125,1
27.15000000000025,0.7411357760060615,0.18841552734375,1
27.20000000000025,0.7348471192831537,0.16351318359375,1
27.250000000000252,0.7247082473906329,0.1759033203125,1
27.300000000000253,0.7234471209864826,0.17572021484375,1
27.350000000000254,0.7203024355547576,0.10260009765625,1
27.400000000000254,0.7155864758720213,0.09942626953125,1
27.450000000000255,0.7009422907967615,0.06976318359375,1
27.500000000000256,0.6861815894892587,0.08160400390625,1
27.550000000000257,0.6742371369485023,0.07568359375,1
27.600000000000257,0.6590229592395013,0.10626220703125,1
27.650000000000258,0.6547492264947733,0.08734130859375,1
27.70000000000026,0.6498125349331427,0.10491943359375,1
27.75000000000026,0.6483446607313955,0.08782958984375,1
27.80000000000026,0.6405688966241229,0.09393310546875,1
27.85000000000026,0.6207359565242794,0.07537841796875,1
27.90000000000026,0.6026782579556883,0.08123779296875,1
27.950000000000262,0.5820593831261319,0.08123779296875,1
28.000000000000263,0.6667786172892122,0.12274169921875,1
28.050000000000264,0.669231738969536,0.1004638671875,1
28.100000000000264,0.663365805726781,0.11090087890625,1
28.150000000000265,0.6572469210040446,0.12799072265625,1
28.200000000000266,0.6400247825321156,0.1219482421875,1
28.250000000000266,0.62212744638407,0.1162109375,1
28.300000000000267,0.6002408474128961,0.11041259765625,1
28.350000000000268,0.593006432247613,0.09844970703125,1
28.40000000000027,0.5851778529753527,0.11041259765625,1
28.45000000000027,0.5757019061372757,0.08575439453125,1
28.50000000000027,0.5643327535860089,0.09808349609375,1
28.55000000000027,0.5384573936274802,0.0860595703125,1
28.60000000000027,0.5157545718599562,0.1343994140625,1
28.650000000000272,0.4865491273737845,0.1343994140625,1
28.700000000000273,0.4775502618886575,0.1343994140625,1
28.750000000000274,0.47049530450045146,0.7130126953125,1
28.800000000000274,0.4568258002495099,0.7130126953125,1
28.850000000000275,0.4489890812615394,0.7130126953125,0
28.900000000000276,0.43903468412256574,0.7130126953125,0
28.950000000000276,0.42210635856522943,0.7130126953125,0
29.000000000000277,0.8201843610860114,0.7459716796875,0
29.050000000000278,0.8226000245608341,0.7459716796875,0
29.10000000000028,0.819393075417206,0.7459716796875,1
29.15000000000028,0.8118435554698074,0.7459716796875,1
29.20000000000028,0.8065053901682656,0.7459716796875,1
29.25000000000028,0.801361292722102,0.7459716796875,1
29.30000000000028,0.7965602947857685,0.7459716796875,1
29.350000000000282,0.7901758934406741,0.7459716796875,1
29.400000000000283,0.7875637404424658,0.7459716796875,1
29.450000000000284,0.7849813191634296,0.7459716796875,1
29.500000000000284,0.7796413264384979,0.7459716796875,1
29.550000000000285,0.775971080155958,0.7459716796875,1
29.600000000000286,0.7724787335022858,0.7835693359375,1
29.650000000000286,0.7687937847445723,0.7835693359375,1
29.700000000000287,0.7627745834276229,0.7835693359375,0
29.750000000000288,0.7591836898707567,0.7835693359375,0
29.80000000000029,0.7555075881014215,0.7835693359375,0
29.85000000000029,0.7512180050772024,0.7835693359375,0
29.90000000000029,0.7457831248105532,0.7835693359375,0
29.95000000000029,0.74140632699422,0.7835693359375,0
30.00000000000029,0.8131204376046755,0.749267578125,0
30.050000000000292,0.8103975392287428,0.749267578125,0
30.100000000000293,0.8073905653471605,0.749267578125,0
30.150000000000293,0.8025546427976384,0.749267578125,0
30.200000000000294,0.7970736291793775,0.749267578125,1
30.250000000000295,0.7924921455161906,0.749267578125,1
30.300000000000296,0.7879091165471214,0.749267578125,1
30.350000000000296,0.7833459923913967,0.749267578125,1
30.400000000000297,0.7771533617966354,0.749267578125,1
30.450000000000298,0.7740581848612683,0.749267578125,1
30.5000000000003,0.7712505534191366,0.749267578125,1
30.5500000000003,0.7686362134126078,0.749267578125,1
30.6000000000003,0.7638601178520712,0.749267578125,1
30.6500000000003,0.7590572071893245,0.749267578125,0
30.7000000000003,0.7540352284879495,0.749267578125,0
30.750000000000302,0.7454887205291904,0.749267578125,0
30.800000000000303,0.7430155528523914,0.7584228515625,0
30.850000000000303,0.7373762364060655,0.7584228515625,0
30.900000000000304,0.7289516140405805,0.7584228515625,0
30.950000000000305,0.7240000309733063,0.7584228515625,0
31.000000000000306,0.8261999393580016,0.73651123046875,0
31.050000000000306,0.8238628404699291,0.736083984375,0
31.100000000000307,0.8212728070386438,0.73626708984375,0
31.150000000000308,0.8177850248926994,0.27227783203125,0
31.20000000000031,0.8079238914703323,0.22723388671875,1
31.25000000000031,0.795321604231595,0.25531005859375,1
31.30000000000031,0.7854556951001951,0.2906494140625,1
31.35000000000031,0.7765340412713803,0.1915283203125,1
31.40000000000031,0.7665730629802969,0.20867919921875,1
31.450000000000312,0.7566664110640929,0.2198486328125,1
31.500000000000313,0.7454432530790204,0.19146728515625,1
31.550000000000313,0.7321202309946713,0.19171142578125,1
31.600000000000314,0.7181457890429943,0.214111328125,1
31.650000000000315,0.7039092623068665,0.2197265625,1
31.700000000000315,0.6939116522146301,0.1827392578125,1
31.750000000000316,0.6789343291303658,0.19537353515625,1
31.800000000000317,0.6687739960437259,0.17694091796875,1
31.850000000000318,0.6575914015195671,0.20037841796875,1
31.90000000000032,0.6482219164220884,0.21258544921875,1
31.95000000000032,0.6403815021741396,0.1829833984375,1
32.00000000000032,0.816652643744339,0.25042724609375,1
32.05000000000032,0.816329964801703,0.25042724609375,1
32.100000000000314,0.8106856731501109,0.25042724609375,1
32.15000000000031,0.8058117423872018,0.697509765625,1
32.20000000000031,0.8006919894994591,0.697509765625,1
32.250000000000306,0.7948705044190685,0.697509765625,1
32.3000000000003,0.7890935600516125,0.697509765625,1
32.3500000000003,0.7832976406154817,0.697509765625,1
32.4000000000003,0.7770422801008546,0.697509765625,1
32.450000000000294,0.7704212350099109,0.75421142578125,0
32.50000000000029,0.7632514444713757,0.75421142578125,0
32.55000000000029,0.7558710049968648,0.75421142578125,0
32.600000000000286,0.7479801231391788,0.74224853515625,0
32.65000000000028,0.7397427635619499,0.74224853515625,0
32.70000000000028,0.7318051906950138,0.74224853515625,0
32.75000000000028,0.72357612510688,0.74224853515625,0
32.800000000000274,0.7152484144424966,0.74224853515625,0
32.85000000000027,0.7071686125037109,0.74224853515625,0
32.90000000000027,0.6967047557930547,0.74224853515625,1
32.950000000000266,0.6863007117443342,0.74224853515625,1
33.00000000000026,0.7616050251610851,0.73626708984375,1
33.05000000000026,0.7548808854387322,0.73626708984375,1
33.10000000000026,0.7457896595522884,0.73626708984375,1
33.150000000000254,0.7361821199540419,0.73626708984375,1
33.20000000000025,0.7270490461222928,0.73626708984375,1
33.25000000000025,0.714574024872374,0.73626708984375,0
33.300000000000246,0.7023706741574848,0.73626708984375,1
33.35000000000024,0.6907289014119444,0.73626708984375,1
33.40000000000024,0.6801591490942023,0.74224853515625,1
33.45000000000024,0.6700347269649917,0.74224853515625,1
33.500000000000234,0.6599192678019951,0.74224853515625,1
33.55000000000023,0.6511651661421355,0.74224853515625,0
33.60000000000023,0.6401962151253013,0.74224853515625,0
33.650000000000226,0.6334134553406908,0.74224853515625,0
33.70000000000022,0.6232913536679315,0.74224853515625,1
33.75000000000022,0.6142432466828595,0.74224853515625,1
33.80000000000022,0.6057172409412975,0.74224853515625,1
33.850000000000215,0.5970564354648854,0.74224853515625,1
33.90000000000021,0.5897704682087982,0.74224853515625,1
33.95000000000021,0.579483377140621,0.74224853515625,1
34.000000000000206,0.7618625270278832,0.74468994140625,1
34.0500000000002,0.7589341831699696,0.74468994140625,1
34.1000000000002,0.7536155661229538,0.74468994140625,1
34.1500000000002,0.7498441165809236,0.74468994140625,1
34.200000000000195,0.7477754958936073,0.74468994140625,1
34.25000000000019,0.7481717790165202,0.74468994140625,1
34.30000000000019,0.746270807645146,0.74468994140625,0
34.350000000000186,0.7457238831020837,0.74468994140625,0
34.40000000000018,0.7470283815871575,0.74468994140625,0
34.45000000000018,0.7479710149683046,0.74468994140625,0
34.50000000000018,0.7490848145443554,0.74468994140625,0
34.550000000000175,0.7502452573566162,0.74468994140625,0
34.60000000000017,0.7521789512932368,0.74468994140625,0
34.65000000000017,0.7523614534418352,0.74468994140625,1
34.700000000000166,0.7527531729887313,0.74468994140625,1
34.75000000000016,0.754309000593082,0.74468994140625,1
34.80000000000016,0.7560545444936017,0.74468994140625,1
34.85000000000016,0.7566256624185903,0.74468994140625,1
34.900000000000155,0.7572147252126774,0.74468994140625,1
34.95000000000015,0.7585411219601349,0.74468994140625,1
35.00000000000015,0.8713347957627431,0.79339599609375,1
35.050000000000146,0.8693725438593207,0.79339599609375,1
35.10000000000014,0.8651265808685988,0.79339599609375,1
35.15000000000014,0.8607344182999183,0.79339599609375,1
35.20000000000014,0.8572486591721094,0.79339599609375,1
35.250000000000135,0.853729361805375,0.79339599609375,1
35.30000000000013,0.8513945158204679,0.79339599609375,1
35.35000000000013,0.8466279715601656,0.79339599609375,1
35.40000000000013,0.8431791289098258,0.79339599609375,1
35.450000000000124,0.8399778063763171,0.79339599609375,0
35.50000000000012,0.837109990420033,0.79339599609375,0
35.55000000000012,0.8346438182914364,0.79339599609375,0
35.600000000000115,0.832604360472577,0.79339599609375,0
35.65000000000011,0.8313019087548361,0.79339599609375,0
35.70000000000011,0.8303796010764531,0.79339599609375,0
35.75000000000011,0.8304905196802876,0.79339599609375,0
35.800000000000104,0.8306424105545832,0.79339599609375,0
35.8500000000001,0.8308038171193873,0.79339599609375,0
35.9000000000001,0.8309737857910109,0.79339599609375,0
35.950000000000095,0.8311521835063254,0.79339599609375,0
36.00000000000009,0.8574547855531135,0.82525634765625,0
36.05000000000009,0.8563920370979246,0.82525634765625,1
36.10000000000009,0.8547544968694692,0.82525634765625,1
36.150000000000084,0.8533102764085896,0.82525634765625,1
36.20000000000008,0.8521472584542845,0.82525634765625,1
36.25000000000008,0.8513391572682499,0.82525634765625,1
36.300000000000075,0.8509302073435415,0.82525634765625,1
36.35000000000007,0.8510722577742963,0.82525634765625,1
36.40000000000007,0.8510349374752645,0.82525634765625,0
36.45000000000007,0.8509363329418472,0.82525634765625,0
36.500000000000064,0.8507582711141767,0.82525634765625,0
36.55000000000006,0.8504810268094394,0.82525634765625,0
36.60000000000006,0.8504815229098975,0.82525634765625,0
36.650000000000055,0.8505485799719812,0.82525634765625,0
36.70000000000005,0.8506792799195977,0.82525634765625,0
36.75000000000005,0.8508136830797335,0.82525634765625,0
36.80000000000005,0.8512755260505575,0.82525634765625,0
36.850000000000044,0.8514235376179112,0.82525634765625,0
36.90000000000004,0.8520735718025414,0.82525634765625,1
36.95000000000004,0.8528373008255004,0.82525634765625,1
37.000000000000036,0.866267627172502,0.83892822265625,1
37.05000000000003,0.8664903140464271,0.83892822265625,1
37.10000000000003,0.8655007891804006,0.859375,1
37.15000000000003,0.8649233904736535,0.859375,1
37.200000000000024,0.8645001711734691,0.859375,1
37.25000000000002,0.8641983438119957,0.859375,1
37.30000000000002,0.864131957122699,0.859375,1
37.350000000000016,0.8642746861673604,0.859375,1
37.40000000000001,0.8641250223187343,0.859375,1
37.45000000000001,0.8640891041316378,0.859375,0
37.50000000000001,0.8644487946835153,0.859375,0
37.550000000000004,0.8645597535192564,0.859375,1
37.6,0.8649539469982687,0.859375,1
37.65,0.8656429997227297,0.859375,0
37.699999999999996,0.8659721551174329,0.859375,0
37.74999999999999,0.9588055207446283,0.859375,0
37.79999999999999,0.9588527027712211,0.859375,0
37.84999999999999,0.9589422003176188,0.859375,0
37.899999999999984,0.9590304404913099,0.859375,0
37.94999999999998,0.9590073711639454,0.859375,0
37.99999999999998,0.9590343931441198,0.859375,0
38.049999999999976,0.9564244491459597,0.82080078125,0
38.09999999999997,0.9565893018902103,0.82080078125,0
38.14999999999997,0.9566814421918999,0.82080078125,0
38.19999999999997,0.9567202614273874,0.8148193359375,0
38.249999999999964,0.9566066977129496,0.8145751953125,0
38.29999999999996,0.9565343293714181,0.81512451171875,0
38.34999999999996,0.9564450378991567,0.19842529296875,0
38.399999999999956,0.9562678472801395,0.16180419921875,0
38.44999999999995,0.9521214805257079,0.1617431640625,0
38.49999999999995,0.9491458449226444,0.174560546875,0
38.54999999999995,0.9396576436677281,0.1732177734375,0
38.599999999999945,0.9306887202265206,0.224853515625,0
38.64999999999994,0.920021703924824,0.2056884765625,0
38.69999999999994,0.9061402004837608,0.1678466796875,0
38.749999999999936,0.8890717407760472,0.19915771484375,0
38.79999999999993,0.8806669098601905,0.19952392578125,0
38.84999999999993,0.8723216907566935,0.237060546875,0
38.89999999999993,0.8625806015467161,0.17388916015625,0
38.949999999999925,0.8414711687626396,0.1800537109375,0
38.99999999999992,0.8189270327639036,0.18023681640625,0
39.04999999999992,0.8231529230311305,0.20458984375,0
39.099999999999916,0.8051149853124394,0.23675537109375,0
39.14999999999991,0.8020131177083208,0.24969482421875,0
39.19999999999991,0.7992005191109739,0.2176513671875,0
39.24999999999991,0.7993152568199275,0.2037353515625,0
39.299999999999905,0.7816914356426092,0.19873046875,0
39.3499999999999,0.7720690137841936,0.15643310546875,0
39.3999999999999,0.7555076964683005,0.1412353515625,0
39.449999999999896,0.7288854922353863,0.12811279296875,0
39.49999999999989,0.7197590054201632,0.140380859375,0
39.54999999999989,0.7103365246010491,0.13409423828125,0
39.59999999999989,0.7056118367458787,0.1529541015625,0
39.649999999999885,0.6836027487432863,0.1279296875,0
39.69999999999988,0.6426225144129069,0.172607421875,0
39.74999999999988,0.632587752647071,0.1473388671875,0
39.799999999999876,0.6109812938188576,0.18994140625,0
39.84999999999987,0.6014851899518245,0.14691162109375,0
39.89999999999987,0.5902457836566395,0.165771484375,0
39.94999999999987,0.5755248481629156,0.14154052734375,0
39.999999999999865,0.5592332057387936,0.1591796875,0
40.04999999999986,0.81080355200534,0.18267822265625,0
40.09999999999986,0.8067006211814995,0.20269775390625,0
40.14999999999986,0.8026168492350624,0.18292236328125,0
40.199999999999854,0.8028489919626404,0.20672607421875,0
40.24999999999985,0.800317793700085,0.16949462890625,0
40.29999999999985,0.7987194516075864,0.17010498046875,0
40.349999999999845,0.9999996682434872,0.1566162109375,0
40.39999999999984,0.7827124900038085,0.1492919921875,0
40.44999999999984,0.7726119898569589,0.13720703125,0
40.49999999999984,0.7583137044094247,0.1180419921875,0
40.549999999999834,0.7538805620357594,0.14306640625,0
40.59999999999983,0.7514453394894333,0.12451171875,0
40.64999999999983,0.7477071128116685,0.1502685546875,0
40.699999999999825,0.7360380109614776,0.14385986328125,0
40.74999999999982,0.999999481386675,0.13726806640625,0
40.79999999999982,0.9999993788055029,0.149658203125,0
40.84999999999982,0.9999992906334357,0.14837646484375,0
40.899999999999814,0.6982175055477892,0.137451171875,0
40.94999999999981,0.6829530194066543,0.11395263671875,0
40.99999999999981,0.6801010969988632,0.10601806640625,0
41.049999999999805,0.9999997928692383,0.20166015625,0
41.0999999999998,0.8243587425881375,0.1766357421875,0
41.1499999999998,0.9999997924420384,0.18212890625,0
41.1999999999998,0.9999997825462517,0.16326904296875,0
41.249999999999794,0.9999997788369244,0.19268798828125,0
41.29999999999979,0.8069399954727021,0.19525146484375,0
41.34999999999979,0.7996975015863657,0.15130615234375,0
41.399999999999785,0.9999997420784162,0.1077880859375,0
41.44999999999978,0.9999996745053426,0.12060546875,0
41.49999999999978,0.9999996363487669,0.10870361328125,0
41.54999999999978,0.9999996034475611,0.15106201171875,0
41.599999999999774,0.7497959374793126,0.1329345703125,0
41.64999999999977,0.7437276626088734,0.1151123046875,0
41.69999999999977,0.7342321100017358,0.1390380859375,0
41.749999999999766,0.9999997690126615,0.133056640625,0
41.79999999999976,0.9999995325684575,0.13177490234375,0
41.84999999999976,0.9999994497775525,0.120361328125,0
41.89999999999976,0.9999993880853808,0.13800048828125,0
41.949999999999754,0.9999993231471423,0.11370849609375,0
41.99999999999975,0.6534774100645309,0.11395263671875,0
42.04999999999975,0.9030330919658166,0.17010498046875,0
42.099999999999746,0.9003169022898907,0.18804931640625,0
42.14999999999974,0.8986103952133923,0.16510009765625,0
42.19999999999974,0.9999998732168578,0.1756591796875,1
42.24999999999974,0.9999998684320875,0.176025390625,1
42.299999999999734,0.8891378136456953,0.1873779296875,1
42.34999999999973,0.8859877109771548,0.16412353515625,1
42.39999999999973,0.8836475309924502,0.17510986328125,1
42.449999999999726,0.8806556399302942,0.12261962890625,1
42.49999999999972,0.9999999999997137,0.12298583984375,1
42.54999999999972,0.9999999999997139,0.1651611328125,1
42.59999999999972,0.9999999999997008,0.11798095703125,1
42.649999999999714,0.8623324182976786,0.12884521484375,1
42.69999999999971,0.8581431388185256,0.15283203125,1
42.74999999999971,0.8541987083314468,0.140869140625,1
42.799999999999706,0.9999998002274566,0.12750244140625,1
42.8499999999997,0.8424861020992623,0.1094970703125,1
42.8999999999997,0.8338996588052072,0.1094970703125,1
42.9499999999997,0.8249406279502898,0.110595703125,1
42.999999999999694,0.8193681387873809,0.10406494140625,1
43.04999999999969,0.9448674554355468,0.20306396484375,1
43.09999999999969,0.943749546348825,0.18499755859375,1
43.149999999999686,0.9422522252702167,0.1920166015625,1
43.19999999999968,0.9999999999998778,0.19024658203125,1
43.24999999999968,0.9381723728485702,0.18621826171875,1
43.29999999999968,0.936132679059191,0.1795654296875,1
43.349999999999675,0.9342490755571824,0.174560546875,1
43.39999999999967,0.9326029094420649,0.1732177734375,1
43.44999999999967,0.930223661300099,0.16082763671875,1
43.499999999999666,0.9999999164787641,0.17303466796875,0
43.54999999999966,0.9999999134011116,0.16162109375,1
43.59999999999966,0.9999999090334549,0.120849609375,1
43.64999999999966,0.9999999047915541,0.12744140625,1
43.699999999999655,0.9999999013987371,0.624267578125,1
43.74999999999965,0.9999998980774903,0.65142822265625,1
43.79999999999965,0.9152352307679259,0.71136474609375,1
43.849999999999646,0.911189655405709,0.71136474609375,1
43.89999999999964,0.9057438464151121,0.71136474609375,1
43.94999999999964,0.9016703968041654,0.71136474609375,1
43.99999999999964,0.8964954270173398,0.71136474609375,1
44.049999999999635,0.9432836835957015,0.70159912109375,1
44.09999999999963,0.9999999999999886,0.70159912109375,1
44.14999999999963,0.9999999999999881,0.70159912109375,1
44.199999999999626,0.9999999999999876,0.70159912109375,1
44.24999999999962,0.9999999999999654,0.70159912109375,1
44.29999999999962,0.9999999999999456,0.70159912109375,0
44.34999999999962,0.9999999999999429,0.70159912109375,0
44.399999999999615,0.9999999106095381,0.70159912109375,0
44.44999999999961,0.9999999999999587,0.70159912109375,0
44.49999999999961,0.999999999999914,0.70159912109375,0
44.549999999999606,0.9999999664270285,0.70159912109375,0
44.5999999999996,0.9999999735885434,0.7120361328125,0
44.6499999999996,0.9999999999999754,0.7120361328125,0
44.6999999999996,0.999999999999979,0.7120361328125,0
44.749999999999595,0.999999999999978,0.7120361328125,0
44.79999999999959,0.9999999999999766,0.7120361328125,1
44.84999999999959,0.9999999999999503,0.7120361328125,1
44.89999999999959,0.9999999701862529,0.7120361328125,1
44.949999999999584,0.9999999999999435,0.7120361328125,1
44.99999999999958,0.9999999999999396,0.7120361328125,1
45.04999999999958,0.9999999999999639,0.7193603515625,1
45.099999999999575,0.9999999787042602,0.7193603515625,0
45.14999999999957,0.9999999999999604,0.7193603515625,0
45.19999999999957,0.9999999999999586,0.7193603515625,1
45.24999999999957,0.9999999838575693,0.72283935546875,1
45.299999999999564,0.9999999832015759,0.72283935546875,1
45.34999999999956,0.9999999825070798,0.73577880859375,1
45.39999999999956,0.9999999817539886,0.73577880859375,1
45.449999999999555,0.9999999809208486,0.73577880859375,1
45.49999999999955,0.9999999760886017,0.73577880859375,0
45.54999999999955,0.999999974985996,0.73577880859375,1
45.59999999999955,0.9999999737683797,0.73577880859375,1
45.649999999999544,0.999999972343539,0.73577880859375,1
45.69999999999954,0.9999999999999482,0.73577880859375,1
45.74999999999954,0.999999999999945,0.73577880859375,1
45.799999999999535,0.9999999673093062,0.73577880859375,0
45.84999999999953,0.8973095837209611,0.73577880859375,1
45.89999999999953,0.9999999999999457,0.73577880859375,1
45.94999999999953,0.9999999676463072,0.73577880859375,1
45.999999999999524,0.9999999658022053,0.73577880859375,0
46.04999999999952,0.9999999863530902,0.75347900390625,0
46.09999999999952,0.9999999881092309,0.75347900390625,0
46.149999999999515,0.9999999875453602,0.75347900390625,0
46.19999999999951,0.9999999869240432,0.75347900390625,1
46.24999999999951,0.9999999842124283,0.75347900390625,1
46.29999999999951,0.9999999835939358,0.75347900390625,1
46.349999999999504,0.9999999827693681,0.74761962890625,1
46.3999999999995,0.9999999818548556,0.76611328125,1
46.4499999999995,0.9999999810167799,0.76641845703125,1
46.499999999999496,0.9999999797812832,0.17529296875,1
46.54999999999949,0.9999998651767613,0.162841796875,1
46.59999999999949,0.9999998593266349,0.21087646484375,1
46.64999999999949,0.8462750256913009,0.1690673828125,1
46.699999999999484,0.9999998567810254,0.1875,1
46.74999999999948,0.8065840144495051,0.14459228515625,1
46.79999999999948,0.7856263169836444,0.1622314453125,1
46.849999999999476,0.7640787707833284,0.16912841796875,1
46.89999999999947,0.7407729629839015,0.17974853515625,1
46.94999999999947,0.7111590559864418,0.179931640625,1
46.99999999999947,0.6740743327794712,0.1370849609375,1
47.049999999999464,0.9999998687740224,0.20074462890625,1
47.09999999999946,0.8811619453071347,0.1878662109375,1
47.14999999999946,0.8749122621324442,0.18206787109375,1
47.199999999999456,0.8641761798863921,0.1776123046875,1
47.24999999999945,0.8513133082589541,0.18841552734375,1
47.29999999999945,0.8384964455218646,0.17572021484375,1
47.34999999999945,0.8189590971256724,0.14508056640625,1
47.399999999999444,0.8056344657171068,0.137939453125,1
47.44999999999944,0.9999997206548608,0.168701171875,1
47.49999999999944,0.9999997042520576,0.16168212890625,1
47.549999999999436,0.9999996686112222,0.15643310546875,1
47.59999999999943,0.751390362904911,0.1307373046875,1
47.64999999999943,0.7232395715511404,0.1685791015625,1
47.69999999999943,0.6969113429245453,0.1497802734375,1
47.749999999999424,0.9999992809294681,0.1395263671875,1
47.79999999999942,0.999999453939192,0.15618896484375,1
47.84999999999942,0.9999993949459248,0.1744384765625,1
47.899999999999416,0.5885988307926807,0.15045166015625,1
47.94999999999941,0.5215211188889339,0.14947509765625,1
47.99999999999941,0.44993964564960537,0.1436767578125,1
48.04999999999941,0.9999998480775896,0.20947265625,1
48.099999999999405,0.8620269321429985,0.18365478515625,1
48.1499999999994,0.9999998502161245,0.183837890625,1
48.1999999999994,0.999999842479265,0.18463134765625,1
48.249999999999396,0.8337024673352466,0.1971435546875,1
48.29999999999939,0.8180299142440501,0.17083740234375,1
48.34999999999939,0.7956780244231701,0.14569091796875,1
48.39999999999939,0.7803916925596877,0.156494140625,1
48.449999999999385,0.7669404508059255,0.13043212890625,1
48.49999999999938,0.9999996300682698,0.15093994140625,1
48.54999999999938,0.9999995928847916,0.13739013671875,1
48.599999999999376,0.9999995004544703,0.15667724609375,1
48.64999999999937,0.6633666134243498,0.10589599609375,1
48.69999999999937,0.6030047445186888,0.1312255859375,1
48.74999999999937,0.5571088978336588,0.14959716796875,1
48.799999999999365,0.5478335302080437,0.14251708984375,1
48.84999999999936,0.5168491029439045,0.15020751953125,1
48.89999999999936,0.4914525319476616,0.13037109375,1
48.949999999999356,0.4344290661252876,0.14276123046875,1
48.99999999999935,0.3665805007182761,0.1202392578125,1
49.04999999999935,0.8329740745607462,0.18133544921875,1
49.09999999999935,0.8175096501199368,0.1673583984375,1
49.149999999999345,0.8009734624195033,0.14849853515625,1
49.19999999999934,0.7884745981394612,0.1539306640625,1
49.24999999999934,0.7761100963155851,0.1544189453125,1
49.299999999999336,0.7718135627831372,0.1951904296875,1
49.34999999999933,0.7672078886380186,0.1046142578125,1
49.39999999999933,0.755927494283617,0.1064453125,1
49.44999999999933,0.720219614567718,0.08660888671875,1
49.499999999999325,0.6886364186464281,0.099609375,1
49.54999999999932,0.6494850826138004,0.11865234375,1
49.59999999999932,0.6073375960196111,0.0931396484375,1
49.64999999999932,0.5470648591797592,0.10015869140625,1
49.699999999999314,0.468555111132111,0.1063232421875,1
49.74999999999931,0.3278340197601498,0.09320068359375,1
49.79999999999931,0.9999999999986235,0.099365234375,1
49.849999999999305,0.9999999999986596,0.1187744140625,1
49.8999999999993,0.9999999999967132,0.10687255859375,1
49.9499999999993,0.9999999999967132,0.086669921875,1
49.9999999999993,0.11380898264402961,0.09954833984375,1
50.049999999999294,0.5623779071829126,0.166259765625,1
50.09999999999929,0.5372612655892873,0.1068115234375,1
50.14999999999929,0.559247145537461,0.1407470703125,1
50.199999999999285,0.9999999999987219,0.10986328125,1
50.24999999999928,0.5437613596815276,0.12652587890625,1
50.29999999999928,0.5088277939688083,0.13958740234375,1
50.34999999999928,0.5175342889187583,0.07147216796875,1
50.399999999999274,0.5184976371611438,0.09222412109375,1
50.44999999999927,0.5080631440937625,0.08575439453125,1
50.49999999999927,0.49687860162822733,0.09136962890625,1
50.549999999999265,0.47976537524132185,0.0731201171875,1
50.59999999999926,0.4585140364366734,0.07958984375,1
50.64999999999926,0.4324707680603731,0.072509765625,1
50.69999999999926,0.41103119192236914,0.0794677734375,1
50.749999999999254,0.38728348076040736,0.06561279296875,1
50.79999999999925,0.3659682906290894,0.0723876953125,1
50.84999999999925,0.32831700196245855,0.0858154296875,1
50.899999999999245,0.28624446951965676,0.105712890625,1
50.94999999999924,0.2304921333418884,0.07293701171875,1
50.99999999999924,0.2293413108710832,0.0858154296875,1
51.04999999999924,0.44339074027765046,0.11834716796875,1
51.099999999999234,0.4412448703308463,0.08648681640625,1
51.14999999999923,0.42069086384359855,0.09906005859375,1
51.19999999999923,0.40168713751260776,0.09918212890625,1
51.249999999999226,0.37894187943562624,0.09234619140625,1
51.29999999999922,0.3539689042450412,0.09954833984375,1
51.34999999999922,0.3535837929394335,0.07965087890625,1
51.39999999999922,0.3438824900993378,0.08514404296875,1
51.449999999999214,0.3404346862784975,0.0648193359375,1
51.49999999999921,0.3054913465689484,0.09735107421875,1
51.54999999999921,0.30120534108250574,0.0450439453125,1
51.599999999999206,0.2333270763225132,0.0782470703125,1
51.6499999999992,0.202809534858072,0.07855224609375,1
51.6999999999992,0.1931885113805352,0.0399169921875,1
51.7499999999992,0.18196219993691123,0.09716796875,1
51.799999999999194,0.18871353693760737,0.08544921875,1
51.84999999999919,0.1816971095233758,0.0787353515625,1
51.89999999999919,0.18023437368223305,0.10504150390625,1
51.949999999999186,0.1815512762884976,0.0970458984375,1
51.99999999999918,0.17256978168719042,0.05792236328125,1
52.04999999999918,0.42529383878552235,0.09326171875,1
52.09999999999918,0.42595277200453807,0.09423828125,1
52.149999999999174,0.41555683648409836,0.13787841796875,1
52.19999999999917,0.38691690831901776,0.14605712890625,1
52.24999999999917,0.39583766912959456,0.1063232421875,1
52.299999999999166,0.3584939901778879,0.0994873046875,1
52.34999999999916,0.3428111663550322,0.05328369140625,1
52.39999999999916,0.34236576848250994,0.05963134765625,1
52.44999999999916,0.348558720081475,0.065185546875,1
52.499999999999154,0.3456293854553651,0.10546875,1
52.54999999999915,0.32615530676436055,0.04559326171875,1
52.59999999999915,0.30782264684814314,0.0858154296875,1
52.649999999999146,0.3010886677756316,0.07855224609375,1
52.69999999999914,0.28249808758881956,0.0465087890625,1
52.74999999999914,0.2817407010219411,0.0526123046875,1
52.79999999999914,0.27729979925097936,0.06036376953125,1
52.849999999999135,0.27001297248256695,0.06597900390625,1
52.89999999999913,0.2571117430593104,0.052978515625,1
52.94999999999913,0.2271757527709926,0.0843505859375,1
52.999999999999126,0.21288572471243566,0.07293701171875,1
53.04999999999912,0.5136715438052517,0.11724853515625,1
53.09999999999912,0.5144545238331573,0.09832763671875,1
53.14999999999912,0.5139287988736871,0.09234619140625,1
53.199999999999115,0.5199971079749633,0.1107177734375,1
53.24999999999911,0.520307163380473,0.09820556640625,1
53.29999999999911,0.4976072351133479,0.09844970703125,1
53.349999999999106,0.473923482814863,0.07244873046875,1
53.3999999999991,0.45556590684957937,0.10064697265625,1
53.4499999999991,0.4620476479371062,0.0931396484375,1
53.4999999999991,0.46132509155594814,0.0750732421875,1
53.549999999999095,0.46093745774305295,0.087158203125,1
53.59999999999909,0.4540690874078985,0.087158203125,1
53.64999999999909,0.43922577639546084,0.087158203125,1
53.699999999999086,0.43151538301452624,0.7342529296875,1
53.74999999999908,0.4167331286365155,0.7464599609375,1
53.79999999999908,0.4142060858243238,0.7464599609375,1
53.84999999999908,0.40952257293756017,0.7464599609375,0
53.899999999999075,0.3973816933275016,0.7464599609375,0
53.94999999999907,0.3873940003801409,0.7464599609375,0
53.99999999999907,0.3780463681198312,0.7464599609375,1
54.049999999999066,0.7069474592792586,0.7532958984375,1
54.09999999999906,0.7054879231892228,0.7532958984375,1
54.14999999999906,0.7037939113946265,0.7532958984375,1
54.19999999999906,0.7026091640000672,0.7532958984375,1
54.249999999999055,0.6954785044117513,0.7532958984375,1
54.29999999999905,0.6900221497478685,0.7532958984375,1
54.34999999999905,0.6857462165676876,0.7532958984375,1
54.39999999999905,0.6827179077469407,0.7532958984375,1
54.449999999999044,0.6773164292266145,0.7532958984375,1
54.49999999999904,0.6778659542108102,0.7711181640625,0
54.54999999999904,0.6784875825246213,0.7711181640625,0
54.599999999999035,0.6743971820834306,0.7711181640625,0
54.64999999999903,0.670621176002993,0.7711181640625,0
54.69999999999903,0.6664037594640608,0.7711181640625,0
54.74999999999903,0.6642633527924778,0.7711181640625,0
54.799999999999024,0.6606903849224764,0.7711181640625,0
54.84999999999902,0.6600471180982165,0.7711181640625,0
54.89999999999902,0.6603404172652094,0.7711181640625,0
54.949999999999015,0.6555366849233355,0.7711181640625,0
54.99999999999901,0.6504715989746205,0.7711181640625,0
55.04999999999901,0.8018229402601766,0.7633056640625,0
55.09999999999901,0.7980626363592574,0.7633056640625,1
55.149999999999004,0.7928935650937667,0.7633056640625,1
55.199999999999,0.7897661101547852,0.7633056640625,1
55.249999999999,0.7865531170612422,0.7633056640625,1
55.299999999998995,0.7832548525892037,0.7633056640625,1
55.34999999999899,0.7798028590130462,0.7633056640625,1
55.39999999999899,0.7748891722445651,0.7633056640625,1
55.44999999999899,0.7698396572858996,0.7633056640625,0
55.499999999998984,0.7629983942827727,0.7633056640625,0
55.54999999999898,0.7592627191582371,0.7633056640625,0
55.59999999999898,0.7534876143972397,0.7796630859375,0
55.649999999998975,0.7475092200270939,0.7796630859375,0
55.69999999999897,0.7413119495927727,0.7796630859375,0
55.74999999999897,0.7348925464714401,0.7796630859375,0
55.79999999999897,0.7286785074835004,0.7796630859375,1
55.849999999998964,0.7208119261898733,0.7796630859375,1
55.89999999999896,0.7158299495832362,0.7796630859375,1
55.94999999999896,0.7086906746540678,0.7796630859375,1
55.999999999998956,0.7013035624466116,0.7796630859375,1
56.04999999999895,0.8037194502811449,0.761474609375,1
56.09999999999895,0.7987763528998354,0.761474609375,1
56.14999999999895,0.7936585714814035,0.761474609375,1
56.199999999998944,0.7878378850086213,0.761474609375,1
56.24999999999894,0.7825114918019265,0.761474609375,1
56.29999999999894,0.7769435910558319,0.761474609375,1
56.349999999998936,0.7711481505585625,0.761474609375,1
56.39999999999893,0.7646562508536285,0.761474609375,0
56.44999999999893,0.7579450340511762,0.761474609375,0
56.49999999999893,0.7512865842305296,0.761474609375,0
56.549999999998924,0.7449148572898411,0.761474609375,0
56.59999999999892,0.7387289309822709,0.773193359375,0
56.64999999999892,0.7321413021109758,0.773193359375,0
56.699999999998916,0.7256773989030489,0.773193359375,0
56.74999999999891,0.720110621250523,0.773193359375,0
56.79999999999891,0.7155887713535306,0.773193359375,0
56.84999999999891,0.7119280691717379,0.773193359375,0
56.899999999998904,0.7083859578207273,0.773193359375,1
56.9499999999989,0.7033790303797817,0.773193359375,1
56.9999999999989,0.6984801747026447,0.773193359375,1
57.049999999998896,0.8178844443656178,0.787841796875,1
57.09999999999889,0.8132558070244034,0.787841796875,1
57.14999999999889,0.8084684277881615,0.787841796875,1
57.19999999999889,0.8034970473947898,0.787841796875,0
57.249999999998884,0.797851256338124,0.787841796875,1
57.29999999999888,0.7926171884485704,0.787841796875,1
57.34999999999888,0.786863807572325,0.805419921875,1
57.399999999998876,0.7809968042101297,0.805419921875,1
57.44999999999887,0.7750086271818764,0.805419921875,1
57.49999999999887,0.76922258443179,0.805419921875,0
57.54999999999887,0.7631560239115139,0.805419921875,1
57.599999999998865,0.7570394071190714,0.805419921875,0
57.64999999999886,0.7501208619736053,0.805419921875,1
57.69999999999886,0.7436600103229106,0.805419921875,1
57.749999999998856,0.7395546306505725,0.805419921875,1
57.79999999999885,0.7335802470515532,0.805419921875,1
57.84999999999885,0.7277085371727764,0.805419921875,1
57.89999999999885,0.7221111709369333,0.805419921875,1
57.949999999998845,0.7177190165081339,0.805419921875,1
57.99999999999884,0.7106808988021032,0.805419921875,1
58.04999999999884,0.7965456950396379,0.8126220703125,0
58.099999999998836,0.7899204659104069,0.8126220703125,0
58.14999999999883,0.7836268429761931,0.8126220703125,0
58.19999999999883,0.7770807570887293,0.8126220703125,0
58.24999999999883,0.7702696866225137,0.8126220703125,1
58.299999999998825,0.7645400060165649,0.8126220703125,1
58.34999999999882,0.758357358788406,0.8294677734375,1
58.39999999999882,0.7550800288419197,0.8294677734375,1
58.449999999998816,0.7554672099529879,0.8294677734375,1
58.49999999999881,0.7545821458289745,0.8294677734375,1
58.54999999999881,0.7525870828038519,0.8294677734375,0
58.59999999999881,0.7510121186277696,0.8294677734375,0
58.649999999998805,0.7506076225340628,0.8294677734375,1
58.6999999999988,0.7483811443066455,0.8294677734375,1
58.7499999999988,0.7463781975622409,0.8294677734375,1
58.799999999998796,0.7438941754777263,0.8294677734375,1
58.84999999999879,0.7411498893633749,0.8294677734375,1
58.89999999999879,0.7396582641344103,0.8294677734375,1
58.94999999999879,0.7373343366596797,0.8294677734375,1
58.999999999998785,0.7353647328311755,0.8294677734375,1
59.04999999999878,0.8196854033202396,0.7982177734375,0
59.09999999999878,0.8169613784986728,0.7982177734375,0
59.149999999998776,0.813642568702355,0.7982177734375,0
59.199999999998774,0.8107719186161398,0.7982177734375,0
59.24999999999877,0.8078062414934989,0.7982177734375,1
59.29999999999877,0.8057983831562999,0.7982177734375,1
59.349999999998765,0.805115123905915,0.7982177734375,1
59.39999999999876,0.8033589836612823,0.7982177734375,1
59.44999999999876,0.8016976418161542,0.7982177734375,1
59.49999999999876,0.8008701178964314,0.7982177734375,1
59.549999999998754,0.8001615155430658,0.7982177734375,0
59.59999999999875,0.7987878092625491,0.7982177734375,1
59.64999999999875,0.7966736646721154,0.7982177734375,1
59.699999999998745,0.7952621093225536,0.7982177734375,1
59.74999999999874,0.7920688768089631,0.7982177734375,1
59.79999999999874,0.7889726423671032,0.7982177734375,1
59.84999999999874,0.786593795976022,0.7982177734375,1
59.899999999998734,0.7846307354908184,0.7982177734375,1
59.94999999999873,0.782660775527002,0.7982177734375,1
59.99999999999873,0.7811673092743127,0.7982177734375,1
60.049999999998725,0.8533141696806819,0.7669677734375,1
60.09999999999872,0.8496862394452249,0.766357421875,1
60.14999999999872,0.8461194116924142,0.766357421875,1
60.19999999999872,0.8431627552048822,0.766357421875,0
60.249999999998714,0.8403242251624237,0.766357421875,1
60.29999999999871,0.8374544480763492,0.766357421875,1
60.34999999999871,0.8345494018838796,0.766357421875,1
60.399999999998705,0.8325635640502073,0.766357421875,0
60.4499999999987,0.8285350130671325,0.766357421875,0
60.4999999999987,0.8244121293586075,0.766357421875,0
60.5499999999987,0.8202473909205549,0.766357421875,0
60.599999999998694,0.8170375120416267,0.766357421875,0
60.64999999999869,0.8143291677106708,0.766357421875,0
60.69999999999869,0.8120081721369249,0.766357421875,0
60.749999999998685,0.8104725895717821,0.766357421875,0
60.79999999999868,0.8074453557519761,0.766357421875,0
60.84999999999868,0.8060177628388822,0.766357421875,0
60.89999999999868,0.8044312402968203,0.766357421875,0
60.949999999998674,0.8027817295505624,0.766357421875,0
60.99999999999867,0.80029543732972,0.766357421875,0
61.04999999999867,0.8466922513460532,0.758544921875,1
61.099999999998666,0.8465248369268858,0.758544921875,1
61.14999999999866,0.8420851207610794,0.758544921875,1
61.19999999999866,0.8377464418405762,0.758544921875,1
61.24999999999866,0.8336607638313008,0.758544921875,1
61.299999999998654,0.8301698125510404,0.758544921875,1
61.34999999999865,0.8286957437336712,0.758544921875,1
61.39999999999865,0.8264985498221494,0.758544921875,0
61.449999999998646,0.8254164616870663,0.758544921875,0
61.49999999999864,0.8239545869042767,0.758544921875,0
61.54999999999864,0.8230734278480063,0.758056640625,0
61.59999999999864,0.8224294055608564,0.758056640625,1
61.649999999998634,0.8220079876975582,0.758056640625,1
61.69999999999863,0.8210868489019116,0.758056640625,1
61.74999999999863,0.8203614970928771,0.758056640625,1
61.799999999998626,0.8198557623420099,0.758056640625,1
61.84999999999862,0.8192366681136388,0.758056640625,1
61.89999999999862,0.8189831924069344,0.758056640625,1
61.94999999999862,0.8188254551240898,0.758056640625,1
61.999999999998614,0.8184979960853762,0.758056640625,1
62.04999999999861,0.8153108468830553,0.7269287109375,1
62.09999999999861,0.8144287164165644,0.7269287109375,1
62.149999999998606,0.814101053353379,0.7269287109375,1
62.1999999999986,0.8125449907473987,0.7269287109375,0
62.2499999999986,0.8109363233372725,0.7269287109375,0
62.2999999999986,0.8098066773559882,0.7269287109375,1
62.349999999998595,0.8083904733655446,0.7269287109375,1
62.39999999999859,0.8075097729209286,0.7269287109375,0
62.44999999999859,0.8066388142460816,0.7269287109375,0
62.499999999998586,0.8059871327786614,0.7269287109375,0
62.54999999999858,0.8047780348734332,0.7269287109375,0
62.59999999999858,0.8036971083805319,0.7269287109375,0
62.64999999999858,0.8032509534658573,0.7269287109375,0
62.699999999998575,0.8033252000267692,0.7269287109375,1
62.74999999999857,0.8024611184169143,0.7269287109375,1
62.79999999999857,0.8016185105607644,0.7269287109375,1
62.849999999998566,0.9443793573627224,0.7269287109375,1
62.89999999999856,0.943990737170269,0.7269287109375,1
62.94999999999856,0.9436391886656078,0.7269287109375,1
62.99999999999856,0.9437394114832895,0.7269287109375,1
63.049999999998555,0.9459839697221242,0.7347412109375,1
63.09999999999855,0.9456126545976957,0.7347412109375,1
63.14999999999855,0.9454113347290299,0.734375,1
63.199999999998546,0.9455057125568113,0.734375,1
63.24999999999854,0.9451311343948633,0.734375,1
63.29999999999854,0.944779503898237,0.734375,0
63.34999999999854,0.9455253979328652,0.734375,0
63.399999999998535,0.9457517864151226,0.734375,0
63.44999999999853,0.9459381210340434,0.734375,0
63.49999999999853,0.946122358796819,0.734375,0
63.549999999998526,0.9696042342224476,0.734375,0
63.59999999999852,0.947221119114615,0.734375,0
63.64999999999852,0.9410263154339764,0.734375,0
63.69999999999852,0.9358062416421872,0.734375,0
63.749999999998515,0.9356208326863293,0.734375,0
63.79999999999851,0.9356068591148649,0.734375,0
63.84999999999851,0.9356716240704138,0.734375,0
63.899999999998506,0.9357879921099158,0.734375,1
63.949999999998504,0.935925153244617,0.734375,1
63.9999999999985,0.9360882315633007,0.734375,1
64.0499999999985,0.9399573944022954,0.7352294921875,1
64.0999999999985,0.9396085704917894,0.7352294921875,1
64.1499999999985,0.939234489652631,0.7352294921875,1
64.1999999999985,0.9380082616924423,0.7352294921875,0
64.2499999999985,0.9384191471208192,0.7352294921875,1
64.29999999999849,0.9382095038499083,0.7352294921875,1
64.34999999999849,0.9381749720030642,0.7352294921875,1
64.39999999999849,0.9382218219151732,0.7352294921875,1
64.44999999999848,0.9385189432982326,0.7352294921875,1
64.49999999999848,0.9389234652320181,0.7352294921875,0
64.54999999999848,0.9999999864761713,0.7352294921875,0
64.59999999999847,0.999999986385971,0.7352294921875,0
64.64999999999847,0.9999999861800843,0.7352294921875,1
64.69999999999847,0.9999999859698907,0.7352294921875,1
64.74999999999847,0.9999999857556147,0.7352294921875,1
64.79999999999846,0.9999999855375669,0.7352294921875,1
64.84999999999846,0.9999999853161556,0.7352294921875,1
64.89999999999846,0.9999999849662812,0.7352294921875,1
64.94999999999845,0.9999999848070541,0.7352294921875,1
64.99999999999845,0.9999999845059127,0.7352294921875,1
65.04999999999845,0.9554260006863289,0.77490234375,1
65.09999999999845,0.9549335120608022,0.77490234375,1
65.14999999999844,0.9544394028604666,0.7750244140625,0
65.19999999999844,0.953943995158058,0.7750244140625,1
65.24999999999844,0.9529427406721249,0.7750244140625,1
65.29999999999843,0.9529212037533348,0.77490234375,1
65.34999999999843,0.9523899284471086,0.77490234375,0
65.39999999999843,0.9507833146584862,0.77490234375,0
65.44999999999843,0.9502012926789801,0.77490234375,0
65.49999999999842,0.9496178787774024,0.77490234375,0
65.54999999999842,0.9490287067559012,0.77490234375,0
65.59999999999842,0.9478457292951166,0.77490234375,0
65.64999999999841,0.9478398802109329,0.77490234375,0
65.69999999999841,0.9478252801707228,0.77490234375,0
65.74999999999841,0.9467144060097069,0.77490234375,0
65.7999999999984,0.9453410633574275,0.77490234375,0
65.8499999999984,0.9446597750430573,0.77490234375,0
65.8999999999984,0.9440025275304018,0.77490234375,0
65.9499999999984,0.9429136696206699,0.77490234375,0
65.9999999999984,0.9428507306208553,0.77490234375,1
66.04999999999839,0.9568717018302949,0.7635498046875,1
66.09999999999839,0.9567812979795206,0.7635498046875,1
66.14999999999839,0.9566663757304535,0.7635498046875,1
66.19999999999838,0.9562757942961515,0.7635498046875,1
66.24999999999838,0.955901172971959,0.7635498046875,1
66.29999999999838,0.9552724797251236,0.7635498046875,1
66.34999999999837,0.9551915973164199,0.7635498046875,1
66.39999999999837,0.9548808671640369,0.7635498046875,1
66.44999999999837,0.9545730281217709,0.7635498046875,1
66.49999999999837,0.9542694566992542,0.763427734375,1
66.54999999999836,0.9539791020376654,0.76336669921875,0
66.59999999999836,0.9537189737375027,0.76318359375,0
66.64999999999836,0.9532159126779824,0.75811767578125,0
66.69999999999835,0.9531250675904802,0.75225830078125,0
66.74999999999835,0.9527104724058207,0.7518310546875,0
66.79999999999835,0.9520572938877058,0.751708984375,1
66.84999999999835,0.9515512025829503,0.751708984375,1
66.89999999999834,0.9512267349462049,0.751708984375,1
66.94999999999834,0.9508797936126263,0.751708984375,1
66.99999999999834,0.9502742341375853,0.751708984375,1
67.04999999999833,0.9655426976876211,0.728271484375,1
67.09999999999833,0.9654051148176153,0.728271484375,1
67.14999999999833,0.9650209670078762,0.728271484375,0
67.19999999999833,0.9643590269235723,0.728271484375,1
67.24999999999832,0.963878552715911,0.728271484375,1
67.29999999999832,0.9634199978831387,0.728271484375,0
67.34999999999832,0.9627853662576176,0.728271484375,0
67.39999999999831,0.9624946873116648,0.728271484375,0
67.44999999999831,0.9622062098131797,0.728271484375,0
67.49999999999831,0.9619511265827883,0.728271484375,0
67.5499999999983,0.9617573522801947,0.728271484375,1
67.5999999999983,0.9613610701853895,0.728271484375,1
67.6499999999983,0.960985035107492,0.728271484375,1
67.6999999999983,0.9603404176561378,0.728271484375,1
67.7499999999983,0.9602167522835594,0.728271484375,1
67.79999999999829,0.959566591012985,0.728271484375,1
67.84999999999829,0.9589134898608984,0.728271484375,1
67.89999999999829,0.9582604521316848,0.728271484375,1
67.94999999999828,0.957937854969208,0.728271484375,1
67.99999999999828,0.957605822915363,0.728271484375,1
68.04999999999828,0.958727874150326,0.6824951171875,1
68.09999999999827,0.9585309864473136,0.6824951171875,1
68.14999999999827,0.9583679997600224,0.6824951171875,0
68.19999999999827,0.9578726403984877,0.6824951171875,0
68.24999999999827,0.9573628292929665,0.6824951171875,1
68.29999999999826,0.9568853460935736,0.6824951171875,1
68.34999999999826,0.9564258801198915,0.6824951171875,0
68.39999999999826,0.955665552051364,0.6824951171875,0
68.44999999999825,0.9553818090753174,0.6824951171875,0
68.49999999999825,0.9551102315142078,0.6824951171875,0
68.54999999999825,0.9548081336627299,0.6824951171875,0
68.59999999999825,0.9543335746840944,0.6824951171875,0
68.64999999999824,0.9538764323391266,0.6824951171875,0
68.69999999999824,0.9534262604874627,0.6824951171875,0
68.74999999999824,0.9527709005541806,0.6824951171875,0
68.79999999999824,0.9525268356181639,0.6824951171875,0
68.84999999999823,0.9519633946767099,0.6824951171875,1
68.89999999999823,0.951548469801205,0.6824951171875,1
68.94999999999823,0.9511009730677998,0.6824951171875,1
68.99999999999822,0.9506531593326704,0.6824951171875,1
69.04999999999822,0.9702005175731684,0.6981201171875,1
69.09999999999822,0.9700371283312417,0.6981201171875,1
69.14999999999822,0.9696515084145972,0.6981201171875,1
69.19999999999821,0.9692274532060007,0.6981201171875,1
69.24999999999821,0.9687440227484019,0.6981201171875,1
69.2999999999982,0.9682562830980846,0.6981201171875,1
69.3499999999982,0.9677664066198067,0.6981201171875,0
69.3999999999982,0.9672778473949065,0.6981201171875,0
69.4499999999982,0.9668379847940098,0.6981201171875,0
69.4999999999982,0.9663660085171281,0.6981201171875,0
69.54999999999819,0.965941427650442,0.6981201171875,0
69.59999999999819,0.9655425162948632,0.6981201171875,0
69.64999999999819,0.9651335114302201,0.6981201171875,0
69.69999999999818,0.964621802613305,0.6981201171875,0
69.74999999999818,0.9641560892023148,0.6981201171875,0
69.79999999999818,0.9637061109120232,0.6981201171875,1
69.84999999999818,0.9632556418473008,0.6981201171875,1
69.89999999999817,0.9628278819035563,0.6981201171875,1
69.94999999999817,0.9624817098965373,0.6981201171875,1
69.99999999999817,0.9621228240850659,0.6981201171875,1
70.04999999999816,0.9701121462130977,0.713134765625,1
70.09999999999816,0.9696129562439549,0.713134765625,1
70.14999999999816,0.9691273183913237,0.713134765625,1
70.19999999999816,0.9685551651959582,0.713134765625,1
70.24999999999815,0.9679548738651889,0.713134765625,1
70.29999999999815,0.9673510914787371,0.713134765625,1
70.34999999999815,0.9667656788883922,0.713134765625,0
70.39999999999814,0.9661754514760253,0.713134765625,0
70.44999999999814,0.965580852284313,0.713134765625,0
70.49999999999814,0.964983692725806,0.713134765625,0
70.54999999999814,0.9643310240901428,0.713134765625,0
70.59999999999813,0.9636850159436228,0.713134765625,0
70.64999999999813,0.9630354532296229,0.713134765625,0
70.69999999999813,0.9623865170060131,0.713134765625,0
70.74999999999812,0.961722599470859,0.713134765625,0
70.79999999999812,0.9610551529628868,0.713134765625,1
70.84999999999812,0.9603791189463505,0.713134765625,1
70.89999999999812,0.9598979858608345,0.713134765625,1
70.94999999999811,0.9601761777154022,0.713134765625,1
70.99999999999811,0.9588845476795429,0.713134765625,1
71.04999999999811,0.9719453260897515,0.766845703125,1
71.0999999999981,0.971416550384579,0.766845703125,1
71.1499999999981,0.9708781750282383,0.766845703125,0
71.1999999999981,0.970430366777135,0.766845703125,1
71.2499999999981,0.9697355596926014,0.766845703125,1
71.2999999999981,0.9691244777751828,0.766845703125,0
71.34999999999809,0.9685113004371259,0.766845703125,0
71.39999999999809,0.9679062985687912,0.766845703125,0
71.44999999999808,0.9673249471370046,0.7667236328125,0
71.49999999999808,0.9667523979443182,0.7667236328125,0
71.54999999999808,0.9662882374593631,0.7667236328125,0
71.59999999999808,0.9656364055468226,0.7667236328125,0
71.64999999999807,0.9650996838529069,0.7667236328125,1
71.69999999999807,0.9645537990283374,0.7667236328125,1
71.74999999999807,0.9639432476731428,0.7667236328125,1
71.79999999999806,0.9632695622986089,0.7667236328125,1
71.84999999999806,0.9625421237775815,0.7667236328125,1
71.89999999999806,0.9620197309107179,0.7667236328125,1
71.94999999999806,0.9610743993920084,0.7667236328125,1
71.99999999999805,0.9603337119244477,0.7667236328125,1
72.04999999999805,0.9685542165735341,0.7979736328125,1
72.09999999999805,0.9677107308391051,0.7979736328125,1
72.14999999999804,0.9668656591958934,0.7979736328125,1
72.19999999999804,0.9660338910840981,0.7979736328125,1
72.24999999999804,0.9654839789345617,0.7979736328125,1
72.29999999999804,0.964427124649501,0.7979736328125,1
72.34999999999803,0.96364855706022,0.7979736328125,1
72.39999999999803,0.9629161542458097,0.7979736328125,1
72.44999999999803,0.9623111473058973,0.796875,1
72.49999999999802,0.9618362178048742,0.796875,0
72.54999999999802,0.9614676833025189,0.796875,0
72.59999999999802,0.9612250489575493,0.796875,0
72.64999999999802,0.9606034240853962,0.796875,0
72.69999999999801,0.9601286346305334,0.796875,1
72.74999999999801,0.9596594247481356,0.796875,1
72.79999999999801,0.9591457877127462,0.796875,1
72.849999999998,0.958512560043826,0.796875,1
72.899999999998,0.9579831355467124,0.796875,1
72.949999999998,0.957794810296375,0.796875,1
72.999999999998,0.9574714657441533,0.796875,1
73.049999999998,0.964840837266496,0.804931640625,1
73.09999999999799,0.9641149050261654,0.804931640625,1
73.14999999999799,0.9634003049593285,0.804931640625,1
73.19999999999798,0.962737572785372,0.804931640625,1
73.24999999999798,0.9620889451309161,0.804931640625,1
73.29999999999798,0.9616126668479043,0.804931640625,1
73.34999999999798,0.960640334164584,0.804931640625,0
73.39999999999797,0.9598637560124481,0.804931640625,0
73.44999999999797,0.9591029767378282,0.804931640625,0
73.49999999999797,0.9584211835422991,0.804931640625,0
73.54999999999797,0.9579544463255353,0.804931640625,0
73.59999999999796,0.9578302266047446,0.804931640625,0
73.64999999999796,0.9577604966675328,0.804931640625,0
73.69999999999796,0.957639560889578,0.804931640625,0
73.74999999999795,0.9576000863401641,0.804931640625,0
73.79999999999795,0.9575572645542276,0.804931640625,0
73.84999999999795,0.9575218856343539,0.804931640625,0
73.89999999999795,0.9576098155343299,0.804931640625,0
73.94999999999794,0.9576886304355592,0.804931640625,1
73.99999999999794,0.9577626915372494,0.804931640625,1
74.04999999999794,0.9627861743967561,0.828369140625,1
74.09999999999793,0.9621213883949314,0.828369140625,1
74.14999999999793,0.9614636285959823,0.828369140625,1
74.19999999999793,0.9608407726894872,0.828369140625,1
74.24999999999793,0.9604273101015154,0.828369140625,1
74.29999999999792,0.9600695323343398,0.828369140625,1
74.34999999999792,0.959833656094289,0.828369140625,1
74.39999999999792,0.9593918897094403,0.828369140625,1
74.44999999999791,0.9590669164560381,0.828369140625,0
74.49999999999791,0.9587980572028713,0.828369140625,0
74.54999999999791,0.9586602795759551,0.828369140625,0
74.5999999999979,0.9586092803583637,0.828369140625,0
74.6499999999979,0.9587558501341076,0.828369140625,0
74.6999999999979,0.9587374865360309,0.828369140625,0
74.7499999999979,0.9587610051356135,0.828369140625,0
74.7999999999979,0.9588805327485234,0.828369140625,0
74.84999999999789,0.959077981262248,0.828369140625,0
74.89999999999789,0.9592245065290026,0.828369140625,0
74.94999999999789,0.9594235830923583,0.822265625,0
74.99999999999788,0.9595741364391148,0.822021484375,0
75.04999999999788,0.9569572833159337,0.7822265625,0
75.09999999999788,0.9569442725433156,0.7822265625,0
75.14999999999787,0.9567692491459436,0.258056640625,0
75.19999999999787,0.9515293194644923,0.258056640625,0
75.24999999999787,0.94474454972509,0.258056640625,0
75.29999999999787,0.9372876464294106,0.258056640625,1
75.34999999999786,0.930147716841324,0.258056640625,1
75.39999999999786,0.7782434164162371,0.258056640625,1
75.44999999999786,0.7756440317530181,0.258056640625,1
75.49999999999785,0.7732462164217027,0.258056640625,1
75.54999999999785,0.7696352869097539,0.258056640625,1
75.59999999999785,0.7651499935015541,0.258056640625,1
75.64999999999785,0.7595449568233751,0.258056640625,1
75.69999999999784,0.7537692934373422,0.258056640625,1
75.74999999999784,0.7458057254328205,0.258056640625,1
75.79999999999784,0.7381044150199871,0.258056640625,1
75.84999999999783,0.7286363692273815,0.258056640625,1
75.89999999999783,0.7229278377269881,0.258056640625,1
75.94999999999783,0.7157948350331759,0.258056640625,1
75.99999999999783,0.7094349772110667,0.258056640625,1
76.04999999999782,0.7074386535366654,0.28271484375,1
76.09999999999782,0.7075755300471004,0.28271484375,1
76.14999999999782,0.703659526478576,0.28271484375,1
76.19999999999781,0.6976422714058368,0.28271484375,1
76.24999999999781,0.6904234751478004,0.28271484375,1
76.29999999999781,0.6815975352613491,0.28271484375,1
76.3499999999978,0.6728023235803171,0.28271484375,1
76.3999999999978,0.6552796681689653,0.28271484375,1
76.4499999999978,0.6545018205597253,0.28271484375,1
76.4999999999978,0.6444116959559478,0.28271484375,1
76.5499999999978,0.6351406306924211,0.28271484375,1
76.59999999999779,0.6259162256127944,0.28271484375,1
76.64999999999779,0.6168240193661411,0.28271484375,1
76.69999999999779,0.6089531253128619,0.28271484375,1
76.74999999999778,0.5969012099100321,0.28271484375,1
76.79999999999778,0.5964224975336719,0.28271484375,1
76.84999999999778,0.5895133713541015,0.28271484375,1
76.89999999999777,0.5839848671404001,0.28271484375,1
76.94999999999777,0.5777705120917397,0.28271484375,1
76.99999999999777,0.5729383464671061,0.28271484375,1
77.04999999999777,0.6984377634368863,0.33526611328125,0
77.09999999999776,0.6978588418153784,0.3353271484375,0
77.14999999999776,0.6985770985161589,0.3353271484375,0
77.19999999999776,0.6968481017581917,0.3353271484375,1
77.24999999999775,0.6951954598120382,0.75872802734375,1
77.29999999999775,0.6937311033620259,0.7591552734375,1
77.34999999999775,0.6928499691323967,0.7591552734375,1
77.39999999999775,0.692216594098423,0.7591552734375,1
77.44999999999774,0.6894631486788698,0.7591552734375,1
77.49999999999774,0.6917987512195393,0.7591552734375,1
77.54999999999774,0.6920076098922643,0.7591552734375,1
77.59999999999773,0.6924267223994451,0.7591552734375,1
77.64999999999773,0.6927963871576216,0.7591552734375,1
77.69999999999773,0.6931433886616335,0.7591552734375,1
77.74999999999773,0.6936535114389063,0.7591552734375,1
77.79999999999772,0.692273022583129,0.7591552734375,1
77.84999999999772,0.6953937516631497,0.7591552734375,1
77.89999999999772,0.6965085991336285,0.7591552734375,1
77.94999999999771,0.697692002491324,0.7591552734375,1
77.99999999999771,0.6993318265031393,0.7591552734375,1
78.04999999999771,0.8173072722798566,0.779052734375,1
78.0999999999977,0.8160467738758579,0.779052734375,1
78.1499999999977,0.8127651515937393,0.779052734375,1
78.1999999999977,0.8131083333484129,0.779052734375,1
78.2499999999977,0.8114420345802297,0.779052734375,1
78.2999999999977,0.8097549317140774,0.779052734375,1
78.34999999999769,0.8080425494740179,0.779052734375,1
78.39999999999769,0.8063029019950416,0.779052734375,1
78.44999999999769,0.8045331604976566,0.779052734375,1
78.49999999999768,0.8006231287810931,0.779052734375,1
78.54999999999768,0.8007537985709783,0.779052734375,1
78.59999999999768,0.7987657376229949,0.779052734375,1
78.64999999999768,0.7967371385815267,0.779052734375,1
78.69999999999767,0.7946645828890024,0.779052734375,1
78.74999999999767,0.7925441251586223,0.779052734375,1
78.79999999999767,0.7903719628781076,0.779052734375,1
78.84999999999766,0.7858918556307369,0.779052734375,1
78.89999999999766,0.7856741308733934,0.779052734375,1
78.94999999999766,0.783139029694336,0.779052734375,1
78.99999999999766,0.7805378593752106,0.7789306640625,0
79.04999999999765,0.8370714018022254,0.7667236328125,0
79.09999999999765,0.8349095146888837,0.7667236328125,0
79.14999999999765,0.8326734308923787,0.766357421875,0
79.19999999999764,0.8288714183726055,0.766357421875,0
79.24999999999764,0.8276983963148116,0.766357421875,1
79.29999999999764,0.8239235837679507,0.766357421875,1
79.34999999999764,0.8214872902454365,0.766357421875,1
79.39999999999763,0.8192149206673693,0.766357421875,1
79.44999999999763,0.8170113611837726,0.766357421875,1
79.49999999999763,0.8148438294071296,0.766357421875,1
79.54999999999762,0.8114740064187325,0.766357421875,1
79.59999999999762,0.8104768982839752,0.766357421875,1
79.64999999999762,0.8093990900816141,0.766357421875,1
79.69999999999762,0.8077618369812796,0.766357421875,1
79.74999999999761,0.8064140353297437,0.766357421875,1
79.79999999999761,0.8050460075713296,0.766357421875,1
79.8499999999976,0.8036776514456458,0.766357421875,0
79.8999999999976,0.8017778278113789,0.766357421875,0
79.9499999999976,0.800756499871902,0.766357421875,0
79.9999999999976,0.7992220499249234,0.766357421875,0
80.0499999999976,0.896850370482328,0.79296875,0
80.09999999999759,0.8949995221355123,0.79296875,0
80.14999999999759,0.8930927828598008,0.79296875,0
80.19999999999759,0.8911601024754333,0.79296875,1
80.24999999999758,0.8887690370531914,0.79296875,1
80.29999999999758,0.8869747622157835,0.79296875,1
80.34999999999758,0.8844771530101877,0.79296875,1
80.39999999999758,0.8822903514774945,0.79296875,1
80.44999999999757,0.880064278768059,0.79296875,1
80.49999999999757,0.8778122432288599,0.79296875,1
80.54999999999757,0.8755376183110704,0.79296875,1
80.59999999999756,0.8731807168185876,0.79296875,1
80.64999999999756,0.8708687492337895,0.79296875,1
80.69999999999756,0.8684267816687218,0.79296875,1
80.74999999999756,0.8658613971990105,0.79296875,1
80.79999999999755,0.8633687251328492,0.79296875,0
80.84999999999755,0.8608357988182447,0.79296875,1
80.89999999999755,0.8583377040436629,0.79296875,1
80.94999999999754,0.856211344047983,0.79296875,1
80.99999999999754,0.8532287233152022,0.796875,0
81.04999999999754,0.879438116424717,0.789794921875,0
81.09999999999754,0.8776927506325024,0.789794921875,0
81.14999999999753,0.8756229000186911,0.789794921875,1
81.19999999999753,0.8735350293904172,0.8011474609375,1
81.24999999999753,0.8713974496148358,0.8011474609375,1
81.29999999999752,0.8696456265848058,0.8011474609375,1
81.34999999999752,0.8670640604014883,0.8011474609375,1
81.39999999999752,0.864398735382659,0.8011474609375,1
81.44999999999752,0.8630093086928226,0.8011474609375,0
81.49999999999751,0.8612305440688977,0.8011474609375,0
81.54999999999751,0.8588729613698253,0.8011474609375,0
81.59999999999751,0.8566029768553368,0.8011474609375,0
81.6499999999975,0.8548948208497007,0.8011474609375,0
81.6999999999975,0.8524070169746862,0.8011474609375,0
81.7499999999975,0.8501956671469403,0.8011474609375,0
81.7999999999975,0.8482912412417688,0.8011474609375,1
81.8499999999975,0.8465791749210873,0.8011474609375,1
81.89999999999749,0.8454767870283402,0.8011474609375,1
81.94999999999749,0.8445701734696404,0.8011474609375,1
81.99999999999748,0.8443480186571114,0.8011474609375,1
82.04999999999748,0.8630455960091143,0.8004150390625,1
82.09999999999748,0.8632500507843196,0.8004150390625,1
82.14999999999748,0.8630706684834766,0.8004150390625,1
82.19999999999747,0.8627276407726381,0.8004150390625,1
82.24999999999747,0.8625145959064502,0.8004150390625,1
82.29999999999747,0.8623546038577552,0.8004150390625,1
82.34999999999746,0.8630653488115201,0.8004150390625,1
82.39999999999746,0.861875127812703,0.8004150390625,0
82.44999999999746,0.8607464481303911,0.8004150390625,0
82.49999999999746,0.8598364756491226,0.8004150390625,0
82.54999999999745,0.8587550804179926,0.8004150390625,0
82.59999999999745,0.8576315778332295,0.8004150390625,0
82.64999999999745,0.8567489398056867,0.8004150390625,0
82.69999999999744,0.8561862083086655,0.8125,0
82.74999999999744,0.8549401069767717,0.8125,0
82.79999999999744,0.8541092890147455,0.8125,0
82.84999999999744,0.8536548012057071,0.8125,0
82.89999999999743,0.8534278377263859,0.8125,0
82.94999999999743,0.8525351776537838,0.8125,0
82.99999999999743,0.8515580379564219,0.8125,1
83.04999999999742,0.8943427342948733,0.8203125,1
83.09999999999742,0.8925438873966226,0.8203125,1
83.14999999999742,0.8907211067194727,0.8203125,1
83.19999999999742,0.8888756736883908,0.8203125,1
83.24999999999741,0.8869097335129128,0.8203125,1
83.29999999999741,0.8852888285560458,0.8203125,1
83.34999999999741,0.8836836078392448,0.8203125,0
83.3999999999974,0.8822758395673478,0.8203125,0
83.4499999999974,0.880507518665539,0.8203125,0
83.4999999999974,0.8789976648881035,0.8203125,0
83.5499999999974,0.8775278268683737,0.8203125,0
83.5999999999974,0.8761441128254558,0.8203125,0
83.64999999999739,0.8749032478516319,0.8203125,1
83.69999999999739,0.8737340214688764,0.8203125,1
83.74999999999739,0.8728912911632736,0.8203125,1
83.79999999999738,0.8716285985012672,0.8203125,1
83.84999999999738,0.8700237174773173,0.8203125,1
83.89999999999738,0.8694969663834192,0.8203125,1
83.94999999999737,0.8686201024761439,0.8203125,1
83.99999999999737,0.8676018549010139,0.8203125,1
84.04999999999737,0.8970300768525301,0.82080078125,0
84.09999999999737,0.896516051703328,0.82080078125,0
84.14999999999736,0.894330825219421,0.82080078125,1
84.19999999999736,0.8923038288978982,0.82080078125,1
84.24999999999736,0.8903102189090485,0.82080078125,1
84.29999999999735,0.8883682113454527,0.82080078125,1
84.34999999999735,0.8863585188659947,0.82080078125,1
84.39999999999735,0.884456094220853,0.82080078125,1
84.44999999999735,0.8831450321597123,0.82080078125,0
84.49999999999734,0.8811844350811399,0.82080078125,0
84.54999999999734,0.8795618547677535,0.82080078125,0
84.59999999999734,0.8779339799991706,0.82080078125,0
84.64999999999733,0.8764133440337336,0.82080078125,0
84.69999999999733,0.8749380581923096,0.82080078125,0
84.74999999999733,0.8734720918453068,0.82080078125,0
84.79999999999733,0.8723700649059823,0.82080078125,0
84.84999999999732,0.8705968433097248,0.82080078125,0
84.89999999999732,0.8692082755617606,0.82080078125,0
84.94999999999732,0.8678923937445562,0.82080078125,1
84.99999999999731,0.8666642690877745,0.82080078125,1
85.04999999999731,0.8969986686486268,0.8292236328125,1
85.09999999999731,0.8951029075080387,0.8292236328125,1
85.1499999999973,0.8936702900887499,0.8292236328125,1
85.1999999999973,0.8913373259759463,0.8292236328125,1
85.2499999999973,0.8892810233950822,0.8292236328125,1
85.2999999999973,0.8872571894463995,0.8292236328125,1
85.3499999999973,0.8852206058051549,0.8292236328125,1
85.39999999999729,0.8832047730396223,0.8287353515625,1
85.44999999999729,0.8812063468789074,0.8287353515625,1
85.49999999999729,0.8795804394370703,0.8287353515625,0
85.54999999999728,0.8772940839040568,0.8287353515625,0
85.59999999999728,0.8759798214041447,0.8287353515625,1
85.64999999999728,0.8740504017863772,0.8287353515625,1
85.69999999999727,0.872054008405072,0.8287353515625,1
85.74999999999727,0.8704036259808131,0.8287353515625,1
85.79999999999727,0.869250696308182,0.8287353515625,1
85.84999999999727,0.8683986301401175,0.8287353515625,1
85.89999999999726,0.8670690629322271,0.8287353515625,1
85.94999999999726,0.8660542988957294,0.8287353515625,1
85.99999999999726,0.8650635099185738,0.8287353515625,1
86.04999999999725,0.8713730643616286,0.821044921875,1
86.09999999999725,0.8699774855382796,0.833251953125,1
86.14999999999725,0.8686013894267249,0.833984375,1
86.19999999999725,0.8675709524199275,0.833984375,1
86.24999999999724,0.8659423424996808,0.833984375,1
86.29999999999724,0.8645222079016525,0.833984375,1
86.34999999999724,0.8636839925544859,0.833984375,1
86.39999999999723,0.8629197950521219,0.833984375,0
86.44999999999723,0.8624293632185903,0.833984375,0
86.49999999999723,0.8620114121490383,0.833984375,0
86.54999999999723,0.8618077946966587,0.833984375,0
86.59999999999722,0.8614109718851487,0.833740234375,0
86.64999999999722,0.8611842634229703,0.833740234375,0
86.69999999999722,0.8605964887799308,0.833740234375,0
86.74999999999721,0.8600464463444082,0.821044921875,0
86.79999999999721,0.8595027190240758,0.821044921875,0
86.84999999999721,0.8589696543468143,0.821044921875,0
86.8999999999972,0.8586166711167735,0.821044921875,0
86.9499999999972,0.8579788919494338,0.821044921875,0
86.9999999999972,0.8576433663480932,0.821044921875,0
87.0499999999972,0.8533108382611773,0.7742919921875,1
87.0999999999972,0.8522904674596867,0.7742919921875,1
87.14999999999719,0.8513960595302017,0.7742919921875,1
87.19999999999719,0.8507609196260417,0.7742919921875,1
87.24999999999719,0.8501417080390221,0.7742919921875,1
87.29999999999718,0.8488853990488285,0.7742919921875,1
87.34999999999718,0.8475492848722859,0.7742919921875,0
87.39999999999718,0.8470512522149535,0.7742919921875,0
87.44999999999717,0.8465219624636117,0.7742919921875,0
87.49999999999717,0.8459641571882643,0.7742919921875,0
87.54999999999717,0.8453979191196241,0.7742919921875,0
87.59999999999717,0.8450136058249528,0.7742919921875,1
87.64999999999716,0.8440080430816731,0.7742919921875,1
87.69999999999716,0.8440990832946851,0.7742919921875,1
87.74999999999716,0.84413011868847,0.7742919921875,1
87.79999999999715,0.8441611579757183,0.7742919921875,1
87.84999999999715,0.8441921422882899,0.7742919921875,1
87.89999999999715,0.844222987267013,0.7742919921875,1
87.94999999999715,0.9440787301506118,0.7742919921875,1
87.99999999999714,0.9440853240927386,0.7742919921875,1
88.04999999999714,0.9999999999999465,0.7664794921875,1
88.09999999999714,0.9999999999999363,0.7664794921875,1
88.14999999999714,0.9999999999999467,0.7664794921875,1
88.19999999999713,0.9999999999999556,0.7664794921875,0
88.24999999999713,0.9999999999999557,0.7664794921875,1
88.29999999999713,0.9999999999999555,0.7664794921875,1
88.34999999999712,0.9999999999999779,0.7664794921875,1
88.39999999999712,0.9999999999999805,0.7664794921875,0
88.44999999999712,0.9999999999999803,0.7664794921875,0
88.49999999999712,0.9999999999999688,0.7664794921875,0
88.54999999999711,0.9999999999999833,0.7664794921875,0
88.59999999999711,0.9999999999999666,0.7664794921875,0
88.6499999999971,0.9999999999999661,0.7664794921875,0
88.6999999999971,0.9999999999999798,0.7664794921875,0
88.7499999999971,0.9999999999999662,0.7664794921875,0
88.7999999999971,0.9999999999999422,0.7664794921875,0
88.8499999999971,0.9999999999999909,0.7664794921875,0
88.89999999999709,0.9999999999999625,0.7664794921875,0
88.94999999999709,0.9999999999999817,0.7664794921875,0
88.99999999999709,0.9999999999999908,0.7664794921875,0
89.04999999999708,0.9999999990772296,0.7508544921875,1
89.09999999999708,0.9999999990807705,0.7508544921875,1
89.14999999999708,0.9999999990845779,0.7508544921875,1
89.19999999999708,0.9999999990880594,0.7508544921875,1
89.24999999999707,0.9999999990911954,0.7508544921875,1
89.29999999999707,0.999999999097867,0.7508544921875,1
89.34999999999707,0.9999999990985585,0.7508544921875,0
89.39999999999706,0.9999999991781378,0.7508544921875,0
89.44999999999706,0.9999999991802467,0.7508544921875,0
89.49999999999706,0.9999999991823094,0.750244140625,0
89.54999999999706,0.9999999991843227,0.750244140625,0
89.59999999999705,0.9999999991629073,0.750244140625,0
89.64999999999705,0.9999999991671924,0.750244140625,0
89.69999999999705,0.9999999991679915,0.750244140625,0
89.74999999999704,0.9999999991713147,0.750244140625,0
89.79999999999704,0.9999999991746136,0.750244140625,0
89.84999999999704,0.9999999991767015,0.750244140625,0
89.89999999999704,0.9999999991787345,0.750244140625,0
89.94999999999703,0.9999999991807066,0.750244140625,0
89.99999999999703,0.9999999991838032,0.750244140625,1
90.04999999999703,0.9999999990287934,0.750244140625,1
90.09999999999702,0.9999999990315852,0.750244140625,1
90.14999999999702,0.9999999990348302,0.750244140625,1
90.19999999999702,0.999999999040958,0.750244140625,1
90.24999999999702,0.9999999990465442,0.750244140625,1
90.29999999999701,0.9999999990519233,0.750244140625,0
90.34999999999701,0.9999999990596791,0.750244140625,0
90.39999999999701,0.9999999990346322,0.750244140625,0
90.449999999997,0.9999999990411911,0.750244140625,0
90.499999999997,0.9999999990474786,0.750244140625,0
90.549999999997,0.9999999990535496,0.750244140625,0
90.599999999997,0.9999999990597026,0.750244140625,0
90.649999999997,0.9999999990656241,0.750244140625,0
90.69999999999699,0.9999999990729902,0.750244140625,0
90.74999999999699,0.9999999990777203,0.750244140625,0
90.79999999999698,0.9999999990844955,0.750244140625,0
90.84999999999698,0.9999999990912227,0.750244140625,0
90.89999999999698,0.9999999990978105,0.750244140625,0
90.94999999999698,0.9999999991026786,0.750244140625,0
90.99999999999697,0.9999999991068572,0.750244140625,1
91.04999999999697,0.9607164616377034,0.7587890625,1
91.09999999999697,0.960772113697922,0.7587890625,1
91.14999999999696,0.9608295440420654,0.7587890625,1
91.19999999999696,0.9608888093584784,0.7587890625,1
91.24999999999696,0.9609363597917946,0.7587890625,1
91.29999999999696,0.9607528686959076,0.7587890625,1
91.34999999999695,0.9605845055465212,0.7587890625,1
91.39999999999695,0.9601740386259504,0.7587890625,1
91.44999999999695,0.9602057096355492,0.7586669921875,1
91.49999999999694,0.9600183630829351,0.7586669921875,0
91.54999999999694,0.9593794152846025,0.7586669921875,1
91.59999999999694,0.959241435798981,0.7586669921875,1
91.64999999999694,0.959114401002624,0.7586669921875,1
91.69999999999693,0.9589928292656388,0.7586669921875,1
91.74999999999693,0.9586449578731995,0.7586669921875,1
91.79999999999693,0.9587560928375741,0.7586669921875,1
91.84999999999692,0.9588760392791038,0.7586669921875,1
91.89999999999692,0.9585902764976287,0.7586669921875,1
91.94999999999692,0.958491727775059,0.7586669921875,1
91.99999999999692,0.9583479573383273,0.7586669921875,1
92.04999999999691,0.9717865025627044,0.7977294921875,1
92.09999999999691,0.9716353510201985,0.7977294921875,1
92.14999999999691,0.9715032875345737,0.7977294921875,1
92.1999999999969,0.9713708374233306,0.7977294921875,1
92.2499999999969,0.9708665043361352,0.7977294921875,1
92.2999999999969,0.9705231144472797,0.7977294921875,1
92.3499999999969,0.970193654303958,0.7977294921875,1
92.3999999999969,0.9698764852948877,0.7977294921875,1
92.44999999999689,0.9693736075616113,0.7977294921875,1
92.49999999999689,0.9692025878830134,0.7977294921875,0
92.54999999999688,0.9690478493955543,0.7977294921875,0
92.59999999999688,0.9687101327385429,0.7977294921875,0
92.64999999999688,0.9683766540207527,0.7977294921875,1
92.69999999999688,0.9680244825702125,0.7977294921875,1
92.74999999999687,0.9676677236813905,0.7977294921875,1
92.79999999999687,0.9671114102772445,0.7977294921875,1
92.84999999999687,0.9669265659792866,0.7977294921875,1
92.89999999999687,0.9665319846470213,0.7977294921875,1
92.94999999999686,0.9661319558230069,0.7977294921875,1
92.99999999999686,0.965747476129002,0.7977294921875,1
93.04999999999686,0.9727257584580108,0.8133544921875,0
93.09999999999685,0.9723678416855844,0.8133544921875,0
93.14999999999685,0.9718576584006048,0.8133544921875,0
93.19999999999685,0.971601854760862,0.8133544921875,1
93.24999999999685,0.971323834022635,0.8133544921875,1
93.29999999999684,0.9709349258480817,0.8133544921875,1
93.34999999999684,0.9705920032053553,0.8133544921875,1
93.39999999999684,0.9702983679062381,0.8133544921875,1
93.44999999999683,0.9701104680384589,0.8133544921875,1
93.49999999999683,0.9999999937395031,0.8133544921875,0
93.54999999999683,0.9999999933230965,0.8133544921875,1
93.59999999999683,0.9999999931017078,0.8133544921875,1
93.64999999999682,0.9999999999999941,0.8133544921875,1
93.69999999999682,0.9999999930421866,0.8133544921875,1
93.74999999999682,0.9999999927471748,0.8133544921875,1
93.79999999999681,0.9999999999999933,0.8133544921875,0
93.84999999999681,0.9999999999999932,0.8133544921875,0
93.89999999999681,0.9999999999999928,0.8133544921875,0
93.9499999999968,0.9999999999999964,0.8133544921875,0
93.9999999999968,0.9999999999999949,0.8133544921875,0
94.0499999999968,0.9725139158916857,0.8055419921875,0
94.0999999999968,0.972125454638369,0.8055419921875,0
94.1499999999968,0.9717443992282462,0.8055419921875,0
94.19999999999679,0.9713197796952433,0.8055419921875,1
94.24999999999679,0.970955513730595,0.8055419921875,1
94.29999999999679,0.9705148623381127,0.79986572265625,1
94.34999999999678,0.9701300450367191,0.79998779296875,1
94.39999999999678,0.9697984448491579,0.79974365234375,1
94.44999999999678,0.969441373159302,0.27764892578125,1
94.49999999999677,0.969062209176911,0.26080322265625,1
94.54999999999677,0.9686937784098565,0.24371337890625,1
94.59999999999677,0.9663687941175345,0.2445068359375,1
94.64999999999677,0.9637784038134578,0.2210693359375,1
94.69999999999676,0.9600190417445651,0.226806640625,1
94.74999999999676,0.9561250464127957,0.20831298828125,1
94.79999999999676,0.9516213695710678,0.21527099609375,1
94.84999999999675,0.9999999999999181,0.2142333984375,1
94.89999999999675,0.9999999999999193,0.23846435546875,1
94.94999999999675,0.9355236296215379,0.1839599609375,1
94.99999999999675,0.9299034068011747,0.18896484375,1
95.04999999999674,0.952479719066432,0.22857666015625,1
95.09999999999674,0.9999999999999396,0.2393798828125,1
95.14999999999674,0.9430156304129435,0.23980712890625,1
95.19999999999673,0.999999999999936,0.22174072265625,1
95.24999999999673,0.9999999999999327,0.2569580078125,1
95.29999999999673,0.9353760288899905,0.23394775390625,1
95.34999999999673,0.9305536675770913,0.23486328125,1
95.39999999999672,0.9257696501347334,0.23284912109375,1
95.44999999999672,0.9216129057824142,0.21099853515625,1
95.49999999999672,0.999999901862923,0.210205078125,1
95.54999999999671,0.9120612535788899,0.24493408203125,1
95.59999999999671,0.9074526457526106,0.21624755859375,1
95.64999999999671,0.9019095902322628,0.21087646484375,1
95.6999999999967,0.8958610368452699,0.19256591796875,1
95.7499999999967,0.8889717037799653,0.181396484375,1
95.7999999999967,0.8819854538482297,0.1820068359375,1
95.8499999999967,0.9999998440769893,0.19964599609375,1
95.8999999999967,0.8652372156688886,0.18756103515625,1
95.94999999999669,0.8561141584094581,0.1563720703125,1
95.99999999999669,0.8461693001625221,0.1795654296875,1
96.04999999999669,0.9155234164911165,0.2320556640625,1
96.09999999999668,0.9105682422301907,0.2320556640625,1
96.14999999999668,0.9055895634672536,0.2115478515625,1
96.19999999999668,0.9006386466869074,0.75872802734375,1
96.24999999999667,0.8949734191515372,0.75872802734375,1
96.29999999999667,0.8892926152105181,0.75872802734375,1
96.34999999999667,0.8824112418895551,0.75872802734375,1
96.39999999999667,0.8759399403267558,0.75872802734375,1
96.44999999999666,0.8696595738664107,0.75872802734375,1
96.49999999999666,0.8631854092661396,0.75872802734375,1
96.54999999999666,0.856318462296708,0.75872802734375,1
96.59999999999665,0.849106337235613,0.75872802734375,1
96.64999999999665,0.9999997885035073,0.75872802734375,1
96.69999999999665,0.9999997659930628,0.75872802734375,1
96.74999999999665,0.999999745201028,0.75872802734375,1
96.79999999999664,0.9999997201715061,0.75872802734375,1
96.84999999999664,0.9999996930417467,0.75872802734375,1
96.89999999999664,0.9999996621297219,0.75872802734375,1
96.94999999999663,0.9999996261464678,0.75872802734375,0
96.99999999999663,0.9999995903472617,0.75872802734375,0
97.04999999999663,0.902814571546439,0.74798583984375,0
97.09999999999663,0.9999998600554428,0.74798583984375,0
97.14999999999662,0.9999999250291062,0.74798583984375,0
97.19999999999662,0.9999999194329185,0.74798583984375,0
97.24999999999662,0.9999999135513827,0.74798583984375,0
97.29999999999661,0.9999999078589619,0.74798583984375,1
97.34999999999661,0.9999999038411344,0.74798583984375,1
97.39999999999661,0.9999998943273426,0.74798583984375,1
97.4499999999966,0.9999998893172152,0.74798583984375,1
97.4999999999966,0.9999999408211006,0.74798583984375,1
97.5499999999966,0.9999999346112693,0.74798583984375,1
97.5999999999966,0.9999999277274083,0.74798583984375,1
97.6499999999966,0.9999999549889299,0.74798583984375,1
97.69999999999659,0.9999999522335409,0.74798583984375,1
97.74999999999659,0.9999999467245554,0.74798583984375,1
97.79999999999659,0.9999999398591416,0.74798583984375,1
97.84999999999658,0.9999999311982478,0.74798583984375,1
97.89999999999658,0.9999999219905099,0.74798583984375,1
97.94999999999658,0.9999999142143684,0.74798583984375,1
97.99999999999658,0.9999999075025935,0.74798583984375,1
98.04999999999657,0.9999999621976677,0.77032470703125,1
98.09999999999657,0.9999999583175039,0.77032470703125,1
98.14999999999657,0.999999954606498,0.77032470703125,1
98.19999999999656,0.9999999501941773,0.77032470703125,1
98.24999999999656,0.999999944869377,0.77032470703125,1
98.29999999999656,0.9999999383329446,0.77032470703125,1
98.34999999999656,0.9999999301541832,0.77032470703125,1
98.39999999999655,0.9999999230439279,0.77032470703125,1
98.44999999999655,0.9999999055132451,0.77032470703125,1
98.49999999999655,0.9999998872733245,0.77032470703125,1
98.54999999999654,0.9999998664453341,0.77032470703125,1
98.59999999999654,0.9999998410771095,0.77032470703125,1
98.64999999999654,0.9999998043039593,0.77032470703125,1
98.69999999999654,0.9999997468287735,0.77032470703125,1
98.74999999999653,0.9999996919797141,0.77032470703125,1
98.79999999999653,0.9999994631854086,0.77032470703125,1
98.84999999999653,0.9999999999987297,0.77032470703125,1
98.89999999999652,0.9999999999990462,0.77032470703125,1
98.94999999999652,0.9999999999993711,0.77032470703125,1
98.99999999999652,0.9999997453943787,0.77032470703125,1
99.04999999999652,0.9002039574946393,0.7640380859375,0
99.09999999999651,0.9002583330408752,0.76409912109375,0
99.14999999999651,0.8962596945333915,0.76409912109375,0
99.1999999999965,0.8929919435559591,0.74761962890625,1
99.2499999999965,0.8883363065994013,0.75311279296875,1
99.2999999999965,0.8837600681914619,0.75311279296875,1
99.3499999999965,0.8815105660068552,0.75311279296875,1
99.3999999999965,0.8793563885782975,0.75311279296875,1
99.44999999999649,0.8782793440384675,0.75311279296875,1
99.49999999999649,0.8751304456001316,0.75311279296875,1
99.54999999999649,0.873105628559477,0.75311279296875,1
99.59999999999648,0.8712813540894635,0.75311279296875,1
99.64999999999648,0.8692366665921778,0.75311279296875,1
99.69999999999648,0.8674618665656507,0.75311279296875,1
99.74999999999648,0.8660986346408065,0.75311279296875,1
99.79999999999647,0.8607905677701655,0.75311279296875,1
99.84999999999647,0.8596316978255587,0.75311279296875,1
99.89999999999647,0.8745644895004326,0.75311279296875,1
99.94999999999646,0.9999999446534321,0.75311279296875,1
99.99999999999646,0.9999999531411397,0.75311279296875,1
100.04999999999646,0.9999999999999719,0.76116943359375,1
100.09999999999646,0.9999999999999853,0.76116943359375,1
100.14999999999645,0.999999999999985,0.76116943359375,1
100.19999999999645,0.9999999639977436,0.76116943359375,1
100.24999999999645,0.9999999999999835,0.76116943359375,1
100.29999999999644,0.9999999999999745,0.76116943359375,1
100.34999999999644,0.9999999999999647,0.76116943359375,1
100.39999999999644,0.9999999999999818,0.76116943359375,1
100.44999999999644,0.9999999999999813,0.76116943359375,1
100.49999999999643,0.7086224317955839,0.76116943359375,1
100.54999999999643,0.7102386009813232,0.76116943359375,1
100.59999999999643,0.7140317884004135,0.76116943359375,1
100.64999999999642,0.7178637839084674,0.76116943359375,1
100.69999999999642,0.7214459453247768,0.76116943359375,1
100.74999999999642,0.7247519069256902,0.76116943359375,1
100.79999999999642,0.7277396744257153,0.76116943359375,1
100.84999999999641,0.7308045414576241,0.76116943359375,1
100.89999999999641,0.7326323803974919,0.76116943359375,1
100.94999999999641,0.7343851827724733,0.76116943359375,1
100.9999999999964,0.735836437371071,0.76116943359375,0
101.0499999999964,0.7615824253364523,0.7440185546875,0
101.0999999999964,0.7612529795227803,0.7440185546875,0
101.1499999999964,0.7604171992284506,0.7440185546875,0
101.1999999999964,0.7600154540582459,0.7669677734375,1
101.24999999999639,0.7609346943415728,0.7669677734375,1
101.29999999999639,0.7608329845063431,0.7669677734375,1
101.34999999999638,0.7597002887627845,0.7669677734375,1
101.39999999999638,0.7591786318624445,0.7669677734375,1
101.44999999999638,0.758633741216676,0.7669677734375,1
101.49999999999638,0.757882552818151,0.7669677734375,0
101.54999999999637,0.7582517630603648,0.7669677734375,0
101.59999999999637,0.7614351448534658,0.7669677734375,1
101.64999999999637,0.7628540185704517,0.7669677734375,1
101.69999999999636,0.7646810357259771,0.7669677734375,1
101.74999999999636,0.7667755406294224,0.7669677734375,1
101.79999999999636,0.7690842477662319,0.7669677734375,1
101.84999999999636,0.7705105606741337,0.7669677734375,1
101.89999999999635,0.7737212582212333,0.7669677734375,1
101.94999999999635,0.7743332031802164,0.7669677734375,1
101.99999999999635,0.7750126434010245,0.7669677734375,1
102.04999999999634,0.8130534470594621,0.7279052734375,1
102.09999999999634,0.8121325515202266,0.7279052734375,1
102.14999999999634,0.8118403694949097,0.7279052734375,1
102.19999999999634,0.8097408041123608,0.7279052734375,0
102.24999999999633,0.8117643764781008,0.7279052734375,1
102.29999999999633,0.8145409776268613,0.7279052734375,1
102.34999999999633,0.815016771623893,0.7279052734375,1
102.39999999999633,0.8154402019419426,0.7279052734375,1
102.44999999999632,0.8157931110295493,0.7279052734375,1
102.49999999999632,0.8160642227656204,0.7279052734375,0
102.54999999999632,0.814582760922202,0.7279052734375,0
102.59999999999631,0.8162883965576946,0.7279052734375,0
102.64999999999631,0.8160803145765129,0.7279052734375,0
102.69999999999631,0.8157762552099008,0.7279052734375,0
102.7499999999963,0.8154378763694077,0.7279052734375,0
102.7999999999963,0.8152123214335248,0.7279052734375,0
102.8499999999963,0.8150153768166276,0.7279052734375,0
102.8999999999963,0.8141764261598975,0.7279052734375,0
102.9499999999963,0.8143369809643164,0.7279052734375,0
102.99999999999629,0.8139659329616623,0.7279052734375,1
103.04999999999629,0.8125042234685154,0.69580078125,1
103.09999999999629,0.8115778777690131,0.69580078125,1
103.14999999999628,0.8106619624411795,0.69580078125,1
103.19999999999628,0.8097571907726594,0.69580078125,1
103.24999999999628,0.8079462944273298,0.69580078125,1
103.29999999999627,0.8079129731466886,0.69580078125,0
103.34999999999627,0.806993866789976,0.69580078125,0
103.39999999999627,0.8060943593568393,0.69580078125,0
103.44999999999627,0.8052139461640616,0.6953125,0
103.49999999999626,0.804351636099624,0.6953125,0
103.54999999999626,0.8035060150055173,0.6953125,0
103.59999999999626,0.801756380216172,0.6953125,0
103.64999999999625,0.801785077198308,0.6953125,0
103.69999999999625,0.8009255799112264,0.6953125,0
103.74999999999625,0.8000675911137425,0.6953125,0
103.79999999999625,0.7992078696464248,0.6953125,0
103.84999999999624,0.7983623515330975,0.6953125,0
103.89999999999624,0.7975110737658582,0.6953125,0
103.94999999999624,0.7957821709218825,0.6953125,0
103.99999999999623,0.7957239861674018,0.6953125,0
104.04999999999623,0.8909638625600826,0.7578125,0
104.09999999999623,0.8894866953533742,0.7578125,1
104.14999999999623,0.8881090706009162,0.7578125,1
104.19999999999622,0.8866553121735501,0.7578125,1
104.24999999999622,0.8851857488249627,0.7578125,1
104.29999999999622,0.8827996473017676,0.7578125,1
104.34999999999621,0.8820128167766051,0.7578125,1
104.39999999999621,0.8803412321880455,0.7578125,0
104.44999999999621,0.8786636986290285,0.7578125,0
104.4999999999962,0.8769843197933748,0.7578125,0
104.5499999999962,0.87530736613748,0.7578125,0
104.5999999999962,0.8736369327259538,0.7578125,0
104.6499999999962,0.8710267808289943,0.7578125,1
104.6999999999962,0.8701365766053133,0.7578125,1
104.74999999999619,0.868326263873065,0.7578125,1
104.79999999999619,0.8648542967076419,0.7578125,1
104.84999999999619,0.8621708251529098,0.7578125,1
104.89999999999618,0.8603111593417063,0.7578125,1
104.94999999999618,0.8584409363934737,0.7578125,1
104.99999999999618,0.8556163818934457,0.7578125,1
105.04999999999617,0.8867063841447905,0.734375,1
105.09999999999617,0.8856495889547027,0.734375,1
105.14999999999617,0.8845938063566472,0.734375,1
105.19999999999617,0.883500744734647,0.734375,1
105.24999999999616,0.8816439771995649,0.734375,1
105.29999999999616,0.8797847388358063,0.734375,1
105.34999999999616,0.8770453720585145,0.734375,1
105.39999999999615,0.8758550069361217,0.734375,1
105.44999999999615,0.873820294648445,0.734375,1
105.49999999999615,0.8706929383105665,0.734375,1
105.54999999999615,0.867774666217652,0.734375,0
105.59999999999614,0.8656644597922676,0.734375,1
105.64999999999614,0.863558861745438,0.734375,1
105.69999999999614,0.8607078587811011,0.734375,1
105.74999999999613,0.8594938603639625,0.734375,1
105.79999999999613,0.8581091349661518,0.734375,1
105.84999999999613,0.8560828625724255,0.734375,1
105.89999999999613,0.8535757340881435,0.734375,1
105.94999999999612,0.85187145149433,0.734375,1
105.99999999999612,0.8502356390503794,0.734375,1
106.04999999999612,0.9017101558552143,0.766357421875,1
106.09999999999611,0.9006793208327422,0.766357421875,1
106.14999999999611,0.8997708799423834,0.766357421875,0
106.19999999999611,0.8984944918368635,0.766357421875,1
106.2499999999961,0.8970132273204663,0.766357421875,1
106.2999999999961,0.8955145088172632,0.766357421875,1
106.3499999999961,0.8939921071573934,0.766357421875,0
106.3999999999961,0.892028915840989,0.766357421875,0
106.4499999999961,0.8907978824043746,0.766357421875,0
106.49999999999609,0.8895579077543666,0.766357421875,0
106.54999999999609,0.8880730768875557,0.766357421875,0
106.59999999999609,0.8864793912487762,0.766357421875,0
106.64999999999608,0.8848463984502157,0.766357421875,0
106.69999999999608,0.8832393147265103,0.766357421875,0
106.74999999999608,0.8810980376928822,0.766357421875,0
106.79999999999607,0.8797199431836018,0.766357421875,0
106.84999999999607,0.8782052971870936,0.766357421875,0
106.89999999999607,0.8757674191224311,0.766357421875,0
106.94999999999607,0.8738425396870817,0.766357421875,1
106.99999999999606,0.8719130827492244,0.766357421875,1
107.04999999999606,0.9210381689835031,0.8212890625,1
107.09999999999606,0.9204514152650273,0.8212890625,1
107.14999999999606,0.9191025686357439,0.8212890625,1
107.19999999999605,0.9177532912553616,0.8212890625,1
107.24999999999605,0.9163643861167725,0.8212890625,1
107.29999999999605,0.9147302084397982,0.8212890625,1
107.34999999999604,0.9130806580179694,0.8212890625,1
107.39999999999604,0.9114732981689571,0.8212890625,1
107.44999999999604,0.9097418975463574,0.8212890625,1
107.49999999999604,0.9081344011211128,0.8212890625,0
107.54999999999603,0.9063824042504224,0.8212890625,0
107.59999999999603,0.9046093707600825,0.8212890625,0
107.64999999999603,0.9027989063733076,0.8175048828125,0
107.69999999999602,0.9009493185281794,0.8212890625,0
107.74999999999602,0.8991091062087937,0.8212890625,0
107.79999999999602,0.8969689985045467,0.8212890625,0
107.84999999999602,0.8949194309142161,0.81719970703125,0
107.89999999999601,0.8924486250039712,0.8167724609375,0
107.94999999999601,0.8899061596831024,0.815185546875,0
107.999999999996,0.8873527636237857,0.39068603515625,0
108.049999999996,0.9098848641244963,0.3760986328125,0
108.099999999996,0.9067966049929804,0.23797607421875,0
108.149999999996,0.9038057427035142,0.2685546875,0
108.199999999996,0.899902404324163,0.27362060546875,0
108.24999999999599,0.8951434762485967,0.2550048828125,0
108.29999999999599,0.890026348272441,0.247802734375,0
108.34999999999599,0.8844626749050883,0.19769287109375,0
108.39999999999598,0.8783743125115888,0.17742919921875,0
108.44999999999598,0.8708069180458148,0.14599609375,0
108.49999999999598,0.8623860400879386,0.16485595703125,0
108.54999999999598,0.8516438123275151,0.159423828125,0
108.59999999999597,0.8395476854201983,0.165283203125,0
108.64999999999597,0.8264514767429599,0.1463623046875,0
108.69999999999597,0.8133649874644849,0.15899658203125,0
108.74999999999596,0.7979903616487164,0.14031982421875,0
108.79999999999596,0.7798570983637634,0.14111328125,0
108.84999999999596,0.7600933223863676,0.15960693359375,0
108.89999999999596,0.741664551253186,0.14697265625,0
108.94999999999595,0.720621875041518,0.15380859375,0
108.99999999999595,0.6939962770719748,0.15289306640625,0
109.04999999999595,0.7271244987990012,0.22003173828125,0
109.09999999999594,0.7089631534063825,0.18963623046875,0
109.14999999999594,0.6828146082754069,0.2139892578125,0
109.19999999999594,0.6544562778807663,0.20745849609375,1
109.24999999999594,0.6302131390024117,0.20135498046875,1
109.29999999999593,0.6051037705613682,0.21319580078125,1
109.34999999999593,0.5811440611688379,0.1644287109375,1
109.39999999999593,0.553488635244513,0.16473388671875,1
109.44999999999592,0.5316188982837896,0.15325927734375,1
109.49999999999592,0.5046289594100897,0.1707763671875,1
109.54999999999592,0.4833291380797521,0.1705322265625,1
109.59999999999592,0.4633144119547994,0.18341064453125,1
109.64999999999591,0.44539941432953445,0.181884765625,1
109.69999999999591,0.42781934748432293,0.16558837890625,1
109.74999999999591,0.4110548743629338,0.15277099609375,1
109.7999999999959,0.38980381814329024,0.15948486328125,1
109.8499999999959,0.39637907401310063,0.17779541015625,1
109.8999999999959,0.38838558118107236,0.14129638671875,1
109.9499999999959,0.3736948972347802,0.16571044921875,1
109.9999999999959,0.3530597264022431,0.14111328125,1
110.04999999999589,0.7959259188643337,0.195068359375,1
110.09999999999589,0.7888490352691879,0.23651123046875,1
110.14999999999588,0.780473029703709,0.2073974609375,1
110.19999999999588,0.7762541077602547,0.2149658203125,1
110.24999999999588,0.7739841155146548,0.2008056640625,1
110.29999999999588,0.7622890125448124,0.20751953125,1
110.34999999999587,0.7501894616117956,0.1827392578125,1
110.39999999999587,0.7383036100347156,0.1767578125,1
110.44999999999587,0.7261053620899126,0.173095703125,1
110.49999999999586,0.7180141090626598,0.1419677734375,1
110.54999999999586,0.7089973493550252,0.166748046875,1
110.59999999999586,0.7001191753882878,0.15472412109375,1
110.64999999999586,0.6837300460091769,0.135498046875,1
110.69999999999585,0.6702568832894161,0.15362548828125,1
110.74999999999585,0.6566223302460268,0.16668701171875,1
110.79999999999585,0.6489992979553758,0.14654541015625,1
110.84999999999584,0.6232654205904807,0.091552734375,1
110.89999999999584,0.6079135484752343,0.1220703125,1
110.94999999999584,0.5859000965648287,0.12786865234375,1
110.99999999999584,0.5592211444173116,0.12066650390625,1
111.04999999999583,0.6954036695708835,0.1754150390625,1
111.09999999999583,0.6735824349698072,0.19390869140625,1
111.14999999999583,0.657966686847452,0.145751953125,1
111.19999999999582,0.6430970433076428,0.15863037109375,1
111.24999999999582,0.6230747455000312,0.15081787109375,1
111.29999999999582,0.6032898007201569,0.16845703125,1
111.34999999999582,0.5779629026792746,0.14129638671875,1
111.39999999999581,0.5506654178827519,0.1065673828125,1
111.44999999999581,0.5198888065829956,0.11846923828125,1
111.49999999999581,0.4868024487035205,0.11260986328125,1
111.5499999999958,0.4773138135211561,0.09466552734375,1
111.5999999999958,0.43217783126404385,0.07568359375,1
111.6499999999958,0.39802995999378754,0.10089111328125,1
111.6999999999958,0.36683420973990954,0.10040283203125,1
111.7499999999958,0.3255537167705497,0.09423828125,1
111.79999999999579,0.28311393301827714,0.10089111328125,1
111.84999999999579,0.24041211630034023,0.125244140625,1
111.89999999999579,0.1880433119190153,0.1064453125,1
111.94999999999578,0.16934837709330666,0.0999755859375,1
111.99999999999578,0.1418621554795641,0.10638427734375,1
112.04999999999578,0.522722993011096,0.11981201171875,1
112.09999999999577,0.5049912947767017,0.152099609375,1
112.14999999999577,0.4897666649090198,0.10760498046875,1
112.19999999999577,0.48650257776028083,0.11932373046875,1
112.24999999999577,0.46933064466338476,0.11383056640625,1
112.29999999999576,0.4797233463992698,0.1131591796875,1
112.34999999999576,0.47802583489731426,0.08319091796875,1
112.39999999999576,0.47022341874334445,0.100830078125,1
112.44999999999575,0.4461144897490125,0.05584716796875,1
112.49999999999575,0.4121451501334513,0.08172607421875,1
112.54999999999575,0.3777949506365677,0.0684814453125,1
112.59999999999575,0.3407039128498792,0.094482421875,1
112.64999999999574,0.3189042945135695,0.09381103515625,1
112.69999999999574,0.29057875452215165,0.0877685546875,1
112.74999999999574,0.2703667913892104,0.10040283203125,1
112.79999999999573,0.22940629118434905,0.08172607421875,1
112.84999999999573,0.18527064072741228,0.06927490234375,1
112.89999999999573,0.1462427932701845,0.0743408203125,1
112.94999999999573,0.1221795548086839,0.11968994140625,1
112.99999999999572,0.1100616425309388,0.06884765625,1
113.04999999999572,0.8242094341653414,0.21063232421875,1
113.09999999999572,0.8160117728452048,0.1495361328125,1
113.14999999999571,0.8048151228710146,0.1998291015625,1
113.19999999999571,0.7955386325297801,0.17510986328125,1
113.24999999999571,0.7783392196094232,0.210205078125,1
113.2999999999957,0.7688969459274325,0.19281005859375,1
113.3499999999957,0.7397898603866764,0.083984375,1
113.3999999999957,0.7048631299274168,0.0643310546875,1
113.4499999999957,0.6917403324272929,0.10076904296875,1
113.4999999999957,0.6941875196295257,0.08837890625,1
113.54999999999569,0.8894995957829798,0.07012939453125,1
113.59999999999569,0.6587565037559229,0.07745361328125,1
113.64999999999569,0.5922272519524905,0.09991455078125,1
113.69999999999568,0.597807366518471,0.08245849609375,1
113.74999999999568,0.5979013884676364,0.107177734375,1
113.79999999999568,0.5435135689853317,0.1064453125,1
113.84999999999567,0.5153433627843501,0.0999755859375,1
113.89999999999567,0.491512393437641,0.09259033203125,1
113.94999999999567,0.4809118141056471,0.07574462890625,1
113.99999999999567,0.47082048120282655,0.08819580078125,1
114.04999999999566,0.6524139013031803,0.138916015625,1
114.09999999999566,0.6513551963714399,0.1331787109375,1
114.14999999999566,0.6550957404309812,0.11614990234375,1
114.19999999999565,0.6623473995573848,0.13165283203125,1
114.24999999999565,0.6768592567918656,0.11041259765625,1
114.29999999999565,0.6833404774725641,0.14422607421875,1
114.34999999999565,0.6948187728157209,0.08966064453125,1
114.39999999999564,0.6990680306501055,0.08935546875,1
114.44999999999564,0.6912436195424462,0.076904296875,1
114.49999999999564,0.6832822593603922,0.08294677734375,1
114.54999999999563,0.6768266751360118,0.11273193359375,1
114.59999999999563,0.6600768293730951,0.06597900390625,1
114.64999999999563,0.6405067514201367,0.1014404296875,1
114.69999999999563,0.6392610189492793,0.0714111328125,1
114.74999999999562,0.6189391751199581,0.0765380859375,1
114.79999999999562,0.606755055987053,0.08380126953125,1
114.84999999999562,0.5953406750379944,0.09552001953125,1
114.89999999999561,0.5796583849400763,0.083251953125,1
114.94999999999561,0.5572474381237623,0.11383056640625,1
114.99999999999561,0.5279812635084906,0.08258056640625,1
115.0499999999956,0.7408292504129371,0.1920166015625,1
115.0999999999956,0.9999997393510793,0.19732666015625,1
115.1499999999956,0.7304541674992747,0.19195556640625,1
115.1999999999956,0.7294793188706846,0.18035888671875,1
115.2499999999956,0.7258057365049213,0.2130126953125,1
115.29999999999559,0.999999572945182,0.20184326171875,1
115.34999999999559,0.999999611228776,0.0775146484375,1
115.39999999999559,0.9999996185552046,0.10205078125,1
115.44999999999558,0.999999572572501,0.1026611328125,1
115.49999999999558,0.9999995669785698,0.0921630859375,1
115.54999999999558,0.641353683732995,0.1025390625,1
115.59999999999557,0.6353590341437277,0.09130859375,1
115.64999999999557,0.6135284475351076,0.156982421875,1
115.69999999999557,0.5736496458483242,0.08154296875,1
115.74999999999557,0.9999992168400376,0.10302734375,1
115.79999999999556,0.9999990421987167,0.09710693359375,1
115.84999999999556,0.47898465736298346,0.103271484375,1
115.89999999999556,0.47901706345872885,0.09747314453125,1
115.94999999999555,0.4678080068905299,0.10260009765625,1
115.99999999999555,0.9999987265605716,0.09149169921875,1
116.04999999999555,0.9999999073825737,0.17840576171875,1
116.09999999999555,0.9999999073116056,0.13885498046875,1
116.14999999999554,0.999999903032471,0.161376953125,1
116.19999999999554,0.895060341264787,0.17816162109375,1
116.24999999999554,0.8934205601680266,0.1551513671875,1
116.29999999999553,0.8921368930272309,0.1446533203125,1
116.34999999999553,0.8880923544332444,0.09747314453125,1
116.39999999999553,0.9999998738039232,0.09759521484375,1
116.44999999999553,0.9999998645462501,0.08575439453125,1
116.49999999999552,0.9999998562166287,0.10235595703125,1
116.54999999999552,0.8693097146076391,0.11981201171875,1
116.59999999999552,0.8658153526131047,0.0975341796875,1
116.64999999999552,0.8637803434733575,0.1146240234375,1
116.69999999999551,0.8584062856272022,0.1141357421875,1
116.74999999999551,0.8526459050751299,0.109130859375,1
116.7999999999955,0.8435072664845525,0.10906982421875,1
116.8499999999955,0.8342838285884286,0.0943603515625,1
116.8999999999955,0.8312296067878497,0.10888671875,1
116.9499999999955,0.8280373310427812,0.09100341796875,1
116.9999999999955,0.8243546316962913,0.09735107421875,1
117.04999999999549,0.8157126875817112,0.11468505859375,1
117.09999999999549,0.804131193621479,0.13037109375,1
117.14999999999549,0.9999997397457272,0.1400146484375,1
117.19999999999548,0.9999997104489564,0.11993408203125,1
117.24999999999548,0.7754683114759899,0.11920166015625,1
117.29999999999548,0.7729566525629485,0.1138916015625,1
117.34999999999548,0.7576873451937718,0.14080810546875,1
117.39999999999547,0.9999997092011204,0.09088134765625,1
117.44999999999547,0.9999996471225842,0.11846923828125,1
117.49999999999547,0.9999995764531892,0.0968017578125,1
117.54999999999546,0.9999994986085964,0.0799560546875,1
117.59999999999546,0.638304987732758,0.1123046875,1
117.64999999999546,0.6266030690517196,0.130126953125,1
117.69999999999546,0.6064194778734993,0.10247802734375,1
117.74999999999545,0.5828052328982514,0.10284423828125,1
117.79999999999545,0.5166022279263152,0.0914306640625,1
117.84999999999545,0.4522825229981751,0.11322021484375,1
117.89999999999544,0.36555719325160674,0.118408203125,1
117.94999999999544,0.34419466652706165,0.11328125,1
117.99999999999544,0.32411800860865875,0.1080322265625,1
118.04999999999544,0.9397681224139949,0.2213134765625,1
118.09999999999543,0.9999999463171685,0.21087646484375,1
118.14999999999543,0.9999999447215654,0.2109375,1
118.19999999999543,0.9351195026650996,0.211181640625,1
118.24999999999542,0.933294956151839,0.1907958984375,1
118.29999999999542,0.931954073007569,0.2060546875,1
118.34999999999542,0.9304357576954957,0.18536376953125,1
118.39999999999542,0.9291798206061268,0.17352294921875,1
118.44999999999541,0.9282549934199839,0.189697265625,1
118.49999999999541,0.9999999999998861,0.15447998046875,1
118.5499999999954,0.9999999999999404,0.15972900390625,1
118.5999999999954,0.9999999999999383,0.1719970703125,1
118.6499999999954,0.9196681651594447,0.15447998046875,1
118.6999999999954,0.9204903034458906,0.17230224609375,1
118.7499999999954,0.922982021523375,0.17230224609375,1
118.79999999999539,0.999999922791566,0.17230224609375,1
118.84999999999539,0.9999999999999286,0.17230224609375,1
118.89999999999539,0.9999999163635512,0.17230224609375,1
118.94999999999538,0.9999999126745797,0.17230224609375,1
118.99999999999538,0.9999999999999191,0.17193603515625,1
119.04999999999538,0.9999999502006034,0.22869873046875,0
119.09999999999538,0.9999999999999771,0.22869873046875,0
119.14999999999537,0.9999999999999644,0.22869873046875,0
119.19999999999537,0.9999999999999506,0.23321533203125,0
119.24999999999537,0.9999999420211525,0.23321533203125,1
119.29999999999536,0.9999999394890963,0.23321533203125,1
119.34999999999536,0.9999999999999895,0.62615966796875,1
119.39999999999536,0.9999999999999705,0.65777587890625,1
119.44999999999536,0.9999999999999885,0.65777587890625,1
119.49999999999535,0.9999999999999674,0.65240478515625,1
119.54999999999535,0.9999999999999482,0.65234375,1
119.59999999999535,0.9999999999999266,0.65234375,1
119.64999999999534,0.9999999999999222,0.16156005859375,1
119.69999999999534,0.9999999999999165,0.12884521484375,1
119.74999999999534,0.9999999999999558,0.11077880859375,1
119.79999999999534,0.9999999999999527,0.123046875,1
119.84999999999533,0.9999999999999495,0.13568115234375,1
119.89999999999533,0.8851089410433547,0.123046875,1
119.94999999999533,0.8766410632089894,0.11663818359375,1
119.99999999999532,0.8671856175686684,0.10455322265625,1
120.04999999999532,0.96642521874928,0.216796875,1
120.09999999999532,0.9652534582823398,0.2130126953125,1
120.14999999999532,0.9640401233466842,0.21240234375,1
120.19999999999531,0.9626620283294908,0.24542236328125,1
120.24999999999531,0.9612892253261153,0.22430419921875,1
120.29999999999531,0.9598831466604417,0.23968505859375,1
120.3499999999953,0.9584708395243718,0.1954345703125,1
120.3999999999953,0.9566707406900011,0.167724609375,1
120.4499999999953,0.9547175136353764,0.1953125,1
120.4999999999953,0.952525074041647,0.16180419921875,1
120.5499999999953,0.9507383903729192,0.18280029296875,1
120.59999999999529,0.9485433095004012,0.176513671875,1
120.64999999999529,0.9461038615532341,0.15838623046875,1
120.69999999999528,0.943614450556957,0.18109130859375,1
120.74999999999528,0.9402772264476437,0.20703125,1
120.79999999999528,0.9365124594968472,0.14404296875,1
120.84999999999528,0.9324299764475857,0.0811767578125,1
120.89999999999527,0.9285119118795202,0.07977294921875,1
120.94999999999527,0.9241744465746005,0.0740966796875,1
120.99999999999527,0.9197347803930506,0.11163330078125,1
121.04999999999526,0.9384894727184481,0.15753173828125,1
121.09999999999526,0.9344529353559582,0.13897705078125,1
121.14999999999526,0.9297017624772367,0.13336181640625,1
121.19999999999526,0.9247802835003449,0.15106201171875,1
121.24999999999525,0.9188604173046004,0.12664794921875,1
121.29999999999525,0.9138694511596114,0.156005859375,1
121.34999999999525,0.9082238239939335,0.11981201171875,1
121.39999999999525,0.9020694579820239,0.13677978515625,1
121.44999999999524,0.8928776407478591,0.1617431640625,1
121.49999999999524,0.8812157890980764,0.1427001953125,1
121.54999999999524,0.8678795054505091,0.13690185546875,1
121.59999999999523,0.8545519172462376,0.0635986328125,1
121.64999999999523,0.8426105358045871,0.1119384765625,1
121.69999999999523,0.9999997976071278,0.09912109375,1
121.74999999999523,0.9999997741244254,0.0806884765625,1
121.79999999999522,0.790781014782496,0.0943603515625,1
121.84999999999522,0.7626982446284627,0.0810546875,1
121.89999999999522,0.7364577084171069,0.10552978515625,1
121.94999999999521,0.7065728988192873,0.0931396484375,1
121.99999999999521,0.9999994762914165,0.10552978515625,1
122.04999999999521,0.859340423952456,0.1781005859375,1
122.0999999999952,0.8557075985170836,0.16094970703125,1
122.1499999999952,0.8459784919153603,0.1671142578125,1
122.1999999999952,0.8344562312489266,0.15399169921875,1
122.2499999999952,0.8192323335552275,0.13641357421875,1
122.2999999999952,0.8064969164036814,0.1533203125,1
122.34999999999519,0.800429734909688,0.094482421875,1
122.39999999999519,0.7882305193086419,0.08831787109375,1
122.44999999999519,0.7774151085012625,0.0955810546875,1
122.49999999999518,0.7595252566308982,0.112060546875,1
122.54999999999518,0.7379262794556014,0.0997314453125,1
122.59999999999518,0.712345842556704,0.106201171875,1
122.64999999999517,0.6943789972247767,0.11859130859375,1
122.69999999999517,0.6868425922257193,0.140869140625,1
122.74999999999517,0.6768353465279838,0.12872314453125,1
122.79999999999517,0.662162742014758,0.0889892578125,1
122.84999999999516,0.6312494875349148,0.0947265625,1
122.89999999999516,0.5901654380709079,0.0888671875,1
122.94999999999516,0.5283582968823164,0.09356689453125,1
122.99999999999515,0.4611742727474598,0.08245849609375,1
123.04999999999515,0.8632833361155634,0.138671875,1
123.09999999999515,0.9999998688855278,0.15728759765625,1
123.14999999999515,0.9999998626793306,0.14532470703125,1
123.19999999999514,0.8436424227463966,0.15087890625,1
123.24999999999514,0.826092437301186,0.126708984375,1
123.29999999999514,0.8086994888706494,0.15032958984375,1
123.34999999999513,0.9999998091778646,0.096435546875,1
123.39999999999513,0.7868685085275875,0.0787353515625,1
123.44999999999513,0.7711531679345266,0.102294921875,1
123.49999999999513,0.7598300101126327,0.06787109375,1
123.54999999999512,0.7367844077983674,0.08587646484375,1
123.59999999999512,0.7086522272742902,0.0904541015625,1
123.64999999999512,0.6684351904856677,0.0787353515625,1
123.69999999999511,0.6393325674606257,0.07818603515625,1
123.74999999999511,0.9999995751717705,0.09747314453125,1
123.79999999999511,0.9999996786800941,0.06732177734375,1
123.8499999999951,0.999999617527447,0.09661865234375,1
123.8999999999951,0.47481311756604466,0.11962890625,1
123.9499999999951,0.3687253027097517,0.10809326171875,1
123.9999999999951,0.2325998511838853,0.10137939453125,1
124.0499999999951,0.6709979164780564,0.17901611328125,1
124.09999999999509,0.9999994134075395,0.145751953125,1
124.14999999999509,0.636752468432068,0.16204833984375,1
124.19999999999509,0.6151247324590384,0.1614990234375,1
124.24999999999508,0.5626983318222675,0.17144775390625,1
124.29999999999508,0.49582795206923785,0.14398193359375,1
124.34999999999508,0.3989370820402984,0.11407470703125,1
124.39999999999507,0.30386039645315505,0.0753173828125,1
124.44999999999507,0.27019908001814424,0.1036376953125,1
124.49999999999507,0.9999999999944289,0.10894775390625,1
124.54999999999507,0.9999999999918818,0.1033935546875,1
124.59999999999506,0.12102489281319766,0.086181640625,1
124.64999999999506,0.12459307199718102,0.102783203125,1
124.69999999999506,0.08245852935562786,0.11474609375,1
124.74999999999505,0.07430028821662867,0.119384765625,1
124.79999999999505,0.12909462295996027,0.086181640625,1
124.84999999999505,0.9999985900262057,0.0933837890625,1
124.89999999999505,0.9999985900262057,0.1151123046875,1
124.94999999999504,0.12381139997363697,0.10888671875,1
124.99999999999504,0.1171226697217682,0.09234619140625,1
125.04999999999504,0.7127690889403746,0.17388916015625,1
125.09999999999503,0.672512802327335,0.16192626953125,1
125.14999999999503,0.9999999999964133,0.14508056640625,1
125.19999999999503,0.595051228898202,0.19671630859375,1
125.24999999999503,0.5567384899429938,0.19671630859375,1
125.29999999999502,0.49196303998748847,0.19671630859375,1
125.34999999999502,0.42160496401143915,0.19671630859375,1
125.39999999999502,0.33934527594550024,0.19671630859375,1
125.44999999999501,0.26318039618447364,0.19671630859375,1
125.49999999999501,0.2092310100475252,0.19671630859375,1
125.54999999999501,0.2259723662898094,0.19671630859375,1
125.599999999995,0.4127688828737763,0.19671630859375,1
125.649999999995,0.4266142134652242,0.19671630859375,1
125.699999999995,0.46666354315517233,0.19671630859375,1
125.749999999995,0.4975330680647114,0.19671630859375,1
125.799999999995,0.5233468297099616,0.19671630859375,1
125.84999999999499,0.5450472368731218,0.19671630859375,1
125.89999999999499,0.5639451649006972,0.19671630859375,1
125.94999999999499,0.5826583519003888,0.19671630859375,1
125.99999999999498,0.5933197937861412,0.19671630859375,1
126.04999999999498,0.667438279924729,0.27410888671875,1
126.09999999999498,0.6728528944955494,0.27410888671875,1
126.14999999999498,0.678539221408654,0.27410888671875,1
126.19999999999497,0.6823054288520947,0.27410888671875,1
126.24999999999497,0.684340668209676,0.27410888671875,1
126.29999999999497,0.6872120829122429,0.27410888671875,1
126.34999999999496,0.6857380124338273,0.27410888671875,1
126.39999999999496,0.6864274177877573,0.27410888671875,1
126.44999999999496,0.687635793164988,0.27410888671875,1
126.49999999999496,0.689262954813778,0.27410888671875,1
126.54999999999495,0.691174706977281,0.27410888671875,1
126.59999999999495,0.6926647581383603,0.27410888671875,1
126.64999999999495,0.6959497291927893,0.27410888671875,1
126.69999999999494,0.695432322961756,0.27410888671875,1
126.74999999999494,0.6957485315793247,0.27410888671875,1
126.79999999999494,0.6944622617290389,0.27410888671875,1
126.84999999999494,0.6929879406799354,0.27410888671875,1
126.89999999999493,0.692076385395935,0.27410888671875,1
126.94999999999493,0.6904827787213467,0.27410888671875,1
126.99999999999493,0.6903953402102102,0.27410888671875,1
127.04999999999492,0.7721988273471143,0.33660888671875,1
127.09999999999492,0.7679940125296901,0.33660888671875,1
127.14999999999492,0.7637194824369845,0.33660888671875,1
127.19999999999492,0.7598032353517234,0.33660888671875,1
127.24999999999491,0.7558234934693437,0.33660888671875,1
127.29999999999491,0.7489149881913788,0.33660888671875,1
127.3499999999949,0.7473883889623899,0.33660888671875,1
127.3999999999949,0.7430409403310212,0.33660888671875,1
127.4499999999949,0.7387669378736086,0.33660888671875,1
127.4999999999949,0.7346151100307747,0.33660888671875,1
127.5499999999949,0.7305676521124407,0.33660888671875,1
127.59999999999489,0.7266438723199496,0.33660888671875,1
127.64999999999489,0.7194932284238529,0.33660888671875,1
127.69999999999489,0.7184691108310955,0.33660888671875,1
127.74999999999488,0.7144739597590165,0.33660888671875,1
127.79999999999488,0.710721747765236,0.33660888671875,1
127.84999999999488,0.7071658046749192,0.33660888671875,1
127.89999999999488,0.7035642640655277,0.33660888671875,1
127.94999999999487,0.6999168505580623,0.33660888671875,1
127.99999999999487,0.6927684704953938,0.33660888671875,1
128.04999999999487,0.770980250113242,0.38055419921875,1
128.09999999999488,0.7671991965771322,0.38055419921875,1
128.1499999999949,0.7634999361583977,0.38055419921875,1
128.1999999999949,0.7601346639294108,0.38055419921875,1
128.2499999999949,0.756943479725494,0.38055419921875,1
128.29999999999492,0.753768683132839,0.38055419921875,1
128.34999999999494,0.7481310586622499,0.38055419921875,1
128.39999999999495,0.7475548368279775,0.38055419921875,1
128.44999999999496,0.7450421646626384,0.38055419921875,1
128.49999999999497,0.7427820662805684,0.38055419921875,1
128.54999999999498,0.7405986898223532,0.38055419921875,1
128.599999999995,0.738045024250333,0.38055419921875,1
128.649999999995,0.7354963323873026,0.38055419921875,1
128.69999999999501,0.7311780920198976,0.38055419921875,1
128.74999999999503,0.7303038639186767,0.38055419921875,1
128.79999999999504,0.7276476165446488,0.38055419921875,1
128.84999999999505,0.7247471506521558,0.38055419921875,1
128.89999999999506,0.7216465927713971,0.38055419921875,1
128.94999999999507,0.7185157432581242,0.38055419921875,1
128.99999999999508,0.7153558769124666,0.38055419921875,1
129.0499999999951,0.8537259488422742,0.42266845703125,1
129.0999999999951,0.8523811140288053,0.42266845703125,1
129.14999999999512,0.8497790193373924,0.42266845703125,1
129.19999999999513,0.8471007200988406,0.42266845703125,1
129.24999999999514,0.844475592770161,0.42266845703125,1
129.29999999999515,0.8416766124190147,0.42266845703125,1
129.34999999999516,0.8388026432965321,0.42266845703125,1
129.39999999999517,0.8344073822759058,0.42266845703125,1
129.44999999999519,0.8324803825237602,0.42266845703125,1
129.4999999999952,0.8290490280911273,0.42266845703125,1
129.5499999999952,0.825704538587662,0.42266845703125,1
129.59999999999522,0.8221828453584988,0.42266845703125,1
129.64999999999523,0.8185116871737342,0.42266845703125,1
129.69999999999524,0.8149450041375078,0.42266845703125,1
129.74999999999525,0.8097246817131253,0.42266845703125,1
129.79999999999526,0.8070951054432612,0.42266845703125,1
129.84999999999528,0.8028542787548681,0.42266845703125,1
129.8999999999953,0.7985346364642562,0.42266845703125,1
129.9499999999953,0.7941882858692396,0.42266845703125,1
129.9999999999953,0.7899173346196687,0.42266845703125,1
130.04999999999532,0.8463526477241711,0.37615966796875,1
130.09999999999533,0.8431865528890742,0.37615966796875,1
130.14999999999534,0.8404782493862331,0.37615966796875,1
130.19999999999536,0.8363865260638869,0.37615966796875,1
130.24999999999537,0.8321563887870338,0.37615966796875,1
130.29999999999538,0.8277820020925928,0.37615966796875,1
130.3499999999954,0.8232627782391537,0.37615966796875,1
130.3999999999954,0.8186243967139459,0.37615966796875,1
130.4499999999954,0.812395991247038,0.37615966796875,1
130.49999999999542,0.8086218939996218,0.37615966796875,1
130.54999999999544,0.8033309159785272,0.37615966796875,1
130.59999999999545,0.7979526454441647,0.37615966796875,1
130.64999999999546,0.7925925059707041,0.37615966796875,1
130.69999999999547,0.787121663443491,0.37615966796875,1
130.74999999999548,0.7814110498788042,0.37615966796875,1
130.7999999999955,0.7737096537590082,0.37615966796875,1
130.8499999999955,0.7690377653650383,0.37615966796875,1
130.89999999999552,0.7626130296084167,0.37615966796875,1
130.94999999999553,0.7559753166951274,0.37615966796875,1
130.99999999999554,0.7491586731045725,0.37615966796875,1
131.04999999999555,0.8761016390613776,0.33343505859375,1
131.09999999999556,0.8731043936288253,0.33343505859375,1
131.14999999999557,0.8693065948504483,0.33343505859375,1
131.19999999999558,0.866676809275955,0.33343505859375,1
131.2499999999956,0.8631652829591708,0.33343505859375,1
131.2999999999956,0.8595214444189495,0.33343505859375,1
131.34999999999562,0.8557262309745763,0.33343505859375,1
131.39999999999563,0.851772890167431,0.33343505859375,1
131.44999999999564,0.8477929619214708,0.33343505859375,1
131.49999999999565,0.8426226419469998,0.33343505859375,1
131.54999999999566,0.8387537520915348,0.33343505859375,1
131.59999999999567,0.8337230593869871,0.33343505859375,1
131.64999999999569,0.8284891551549265,0.33343505859375,1
131.6999999999957,0.823151083806427,0.33343505859375,1
131.7499999999957,0.8179575336243541,0.33343505859375,1
131.79999999999572,0.812903231297788,0.33343505859375,1
131.84999999999573,0.8070049828920812,0.33343505859375,1
131.89999999999574,0.801835982842323,0.33343505859375,1
131.94999999999575,0.7956278734332812,0.33343505859375,1
131.99999999999577,0.7892242803418119,0.33343505859375,1
132.04999999999578,0.8655248519371838,0.33038330078125,1
132.0999999999958,0.8621100705705529,0.33038330078125,1
132.1499999999958,0.8585146607516126,0.33038330078125,1
132.1999999999958,0.8544126421781779,0.33038330078125,1
132.24999999999582,0.850513971147449,0.33038330078125,1
132.29999999999583,0.8460680047703123,0.33038330078125,1
132.34999999999584,0.8414287576722201,0.33038330078125,1
132.39999999999586,0.8366016146234581,0.33038330078125,1
132.44999999999587,0.831616713576257,0.33038330078125,1
132.49999999999588,0.8264629465763804,0.33038330078125,1
132.5499999999959,0.8204129438739186,0.33038330078125,1
132.5999999999959,0.8150878863464669,0.33038330078125,1
132.6499999999959,0.8088032907502903,0.33038330078125,1
132.69999999999592,0.8022958661063264,0.33038330078125,1
132.74999999999594,0.795590495054114,0.33038330078125,1
132.79999999999595,0.788672369926033,0.33038330078125,1
132.84999999999596,0.7817733375957112,0.33038330078125,1
132.89999999999597,0.7735299409198734,0.33038330078125,1
132.94999999999598,0.7672637061118135,0.33038330078125,1
132.999999999996,0.759826564694977,0.33038330078125,1
133.049999999996,0.8849167325781486,0.32550048828125,1
133.09999999999602,0.8818730494705996,0.32550048828125,1
133.14999999999603,0.8787546144545372,0.32550048828125,1
133.19999999999604,0.8755527387351747,0.32550048828125,1
133.24999999999605,0.8723356999842358,0.32550048828125,1
133.29999999999606,0.8686780480231969,0.32550048828125,1
133.34999999999607,0.8648490966290431,0.32550048828125,1
133.39999999999608,0.860788246312619,0.32550048828125,1
133.4499999999961,0.8564661074174165,0.32550048828125,1
133.4999999999961,0.8519744691884358,0.32550048828125,1
133.54999999999612,0.8472869264258526,0.32550048828125,1
133.59999999999613,0.8428468624555737,0.32550048828125,1
133.64999999999614,0.8370303221965274,0.32550048828125,1
133.69999999999615,0.8313580367554999,0.32550048828125,1
133.74999999999616,0.8253339955088784,0.32550048828125,1
133.79999999999617,0.8189626274606572,0.32550048828125,1
133.8499999999962,0.8122177300526608,0.32550048828125,1
133.8999999999962,0.8050688864800148,0.32550048828125,1
133.9499999999962,0.7981377133935104,0.32550048828125,1
133.99999999999622,0.7889139491094607,0.32550048828125,1
134.04999999999623,0.8578319893088197,0.33294677734375,1
134.09999999999624,0.8519808914999686,0.33294677734375,1
134.14999999999625,0.8458616249377987,0.33294677734375,1
134.19999999999627,0.8395490485464107,0.33294677734375,1
134.24999999999628,0.8330446432657986,0.33294677734375,1
134.2999999999963,0.8270941152616598,0.33294677734375,1
134.3499999999963,0.818693517663421,0.33294677734375,1
134.3999999999963,0.8108785887636909,0.33294677734375,1
134.44999999999632,0.8023517314703756,0.33294677734375,1
134.49999999999633,0.79349741537769,0.33294677734375,1
134.54999999999634,0.7839688465165707,0.33294677734375,1
134.59999999999636,0.7738624077213785,0.33294677734375,1
134.64999999999637,0.7651398767011427,0.33294677734375,1
134.69999999999638,0.7524086889530088,0.33294677734375,1
134.7499999999964,0.7399809787537256,0.33294677734375,1
134.7999999999964,0.7264911744319138,0.33294677734375,1
134.8499999999964,0.7119037247263901,0.33294677734375,1
134.89999999999642,0.6969756312393555,0.33294677734375,1
134.94999999999644,0.6812461738115798,0.33294677734375,1
134.99999999999645,0.6665127115392425,0.33294677734375,1
135.04999999999646,0.7498394917256055,0.37554931640625,1
135.09999999999647,0.740448652502637,0.37554931640625,1
135.14999999999648,0.7319699312370965,0.37554931640625,1
135.1999999999965,0.7232666486119435,0.37554931640625,1
135.2499999999965,0.7144375016732741,0.37554931640625,1
135.29999999999652,0.7050994781072537,0.37554931640625,1
135.34999999999653,0.6978223942863471,0.37554931640625,1
135.39999999999654,0.6845088155051001,0.37554931640625,1
135.44999999999655,0.6731187809124595,0.37554931640625,1
135.49999999999656,0.6612150484957778,0.37554931640625,1
135.54999999999657,0.6497069377801865,0.37554931640625,1
135.59999999999658,0.6397159920292919,0.37554931640625,1
135.6499999999966,0.6300369722087253,0.37554931640625,1
135.6999999999966,0.6234366759069764,0.37554931640625,1
135.74999999999662,0.610241330387179,0.37554931640625,1
135.79999999999663,0.5996755533956831,0.37554931640625,1
135.84999999999664,0.5892693343079295,0.37554931640625,1
135.89999999999665,0.5842005857686638,0.37554931640625,1
135.94999999999666,0.583468847213387,0.37554931640625,1
135.99999999999667,0.5810239871678187,0.37554931640625,1
136.0499999999967,0.7452062999840171,0.37628173828125,1
136.0999999999967,0.7340750029491445,0.37628173828125,1
136.1499999999967,0.7256082767918817,0.37628173828125,1
136.19999999999672,0.7166984852617192,0.37628173828125,1
136.24999999999673,0.7073157650356023,0.37628173828125,1
136.29999999999674,0.6974863208522091,0.37628173828125,1
136.34999999999675,0.6872946320139266,0.37628173828125,1
136.39999999999677,0.6800232936674854,0.37628173828125,1
136.44999999999678,0.6687441276786998,0.37628173828125,1
136.4999999999968,0.6602917129206171,0.37628173828125,1
136.5499999999968,0.6522896377858466,0.37628173828125,1
136.5999999999968,0.6439628539796906,0.37628173828125,1
136.64999999999682,0.6352569498549817,0.37628173828125,1
136.69999999999683,0.6261232800950816,0.37628173828125,1
136.74999999999685,0.6193696986129732,0.37628173828125,1
136.79999999999686,0.6059395573158743,0.37628173828125,1
136.84999999999687,0.5947789170388768,0.37628173828125,1
136.89999999999688,0.5831204435310074,0.37628173828125,1
136.9499999999969,0.5710918432809484,0.37628173828125,1
136.9999999999969,0.5591042431077392,0.37628173828125,1
137.0499999999969,0.6952751628936781,0.36077880859375,1
137.09999999999692,0.694344357801788,0.36077880859375,1
137.14999999999694,0.6804309836847131,0.36077880859375,1
137.19999999999695,0.6692370978093926,0.36077880859375,1
137.24999999999696,0.6589222477487402,0.36077880859375,1
137.29999999999697,0.6482677388892891,0.36077880859375,1
137.34999999999698,0.6370644323033567,0.36077880859375,1
137.399999999997,0.6255394499171242,0.36077880859375,1
137.449999999997,0.6178817505445628,0.36077880859375,1
137.49999999999702,0.603890167251061,0.3607177734375,0
137.54999999999703,0.5924340138220338,0.364501953125,0
137.59999999999704,0.5804383802359308,0.364501953125,0
137.64999999999705,0.5687438992030729,0.364501953125,0
137.69999999999706,0.5592433340374451,0.718017578125,0
137.74999999999707,0.5071142184736316,0.7218017578125,0
137.79999999999708,0.48570859028475033,0.7218017578125,0
137.8499999999971,0.4860927147632085,0.71600341796875,0
137.8999999999971,0.48164746147948134,0.716064453125,0
137.94999999999712,0.46341052742059335,0.71600341796875,0
137.99999999999713,0.451687540998966,0.11767578125,0
138.04999999999714,0.581352175143355,0.1793212890625,0
138.09999999999715,0.5319367531361641,0.1739501953125,0
138.14999999999716,0.8202008381488998,0.17327880859375,0
138.19999999999717,0.812974091860697,0.16046142578125,0
138.2499999999972,0.7969559383156268,0.1722412109375,0
138.2999999999972,0.7870726961162672,0.1728515625,0
138.3499999999972,0.7853069393978883,0.1085205078125,0
138.39999999999722,0.7719507706573985,0.0936279296875,0
138.44999999999723,0.7599569041410261,0.111572265625,0
138.49999999999724,0.7418964874845871,0.08758544921875,0
138.54999999999725,0.7247095472099295,0.0877685546875,0
138.59999999999727,0.7169599247251236,0.09906005859375,0
138.64999999999728,0.7202408642914261,0.0634765625,0
138.6999999999973,0.6484471447485075,0.13568115234375,0
138.7499999999973,0.5977738961837008,0.0997314453125,0
138.7999999999973,0.5894830891152971,0.0751953125,0
138.84999999999732,0.5678615523152802,0.0631103515625,0
138.89999999999733,0.5266015379693553,0.0870361328125,0
138.94999999999735,0.49822025246791907,0.07537841796875,0
138.99999999999736,0.47064230147928987,0.08758544921875,0
139.04999999999737,0.4828319384536595,0.11322021484375,0
139.09999999999738,0.4744143261802579,0.12493896484375,0
139.1499999999974,0.44893977095085436,0.1072998046875,0
139.1999999999974,0.43410889001751624,0.1070556640625,0
139.2499999999974,0.41164021455307154,0.1070556640625,0
139.29999999999742,0.3881839295623708,0.1070556640625,0
139.34999999999744,0.3680302277383789,0.1070556640625,1
139.39999999999745,0.35010843532578817,0.1070556640625,1
139.44999999999746,0.3360170149777618,0.1070556640625,1
139.49999999999747,0.32770885568854635,0.1070556640625,1
139.54999999999748,0.31409386812734236,0.1070556640625,1
139.5999999999975,0.29503312832456363,0.1070556640625,1
139.6499999999975,0.28303517284613305,0.1070556640625,1
139.69999999999752,0.2713655732697802,0.1070556640625,1
139.74999999999753,0.25561600120657285,0.1070556640625,1
139.79999999999754,0.242734828262213,0.1070556640625,1
139.84999999999755,0.22687562058927313,0.1070556640625,1
139.89999999999756,0.21577830783960186,0.1070556640625,1
139.94999999999757,0.20118986740392802,0.1070556640625,1
139.99999999999758,0.18613150735181455,0.1070556640625,1
140.0499999999976,0.8451920110505152,0.198486328125,1
140.0999999999976,0.8412019247775582,0.198486328125,1
140.14999999999762,0.8375685014887302,0.198486328125,1
140.19999999999763,0.8306277670884704,0.198486328125,1
140.24999999999764,0.8296658595488408,0.198486328125,1
140.29999999999765,0.8256724088542959,0.198486328125,1
140.34999999999766,0.822049768369183,0.198486328125,1
140.39999999999768,0.9999998042666874,0.198486328125,1
140.4499999999977,0.9999997967691117,0.198486328125,1
140.4999999999977,0.9999997887263171,0.198486328125,1
140.5499999999977,0.9999997730549577,0.198486328125,1
140.59999999999772,0.9999997696346264,0.198486328125,1
140.64999999999773,0.999999758532402,0.198486328125,1
140.69999999999774,0.9999997464401191,0.198486328125,1
140.74999999999775,0.9999997332205484,0.198486328125,1
140.79999999999777,0.9999997187101514,0.198486328125,1
140.84999999999778,0.9999997027126462,0.198486328125,1
140.8999999999978,0.9999996711336064,0.198486328125,1
140.9499999999978,0.999999662698251,0.198486328125,1
140.9999999999978,0.999999638185322,0.198486328125,1
141.04999999999782,0.9999998872575092,0.2593994140625,0
141.09999999999783,0.9999998830165135,0.2593994140625,0
141.14999999999785,0.9999998785159331,0.2593994140625,0
141.19999999999786,0.9999998738157194,0.333251953125,0
141.24999999999787,0.9999998660175241,0.33599853515625,1
141.29999999999788,0.8556907474726307,0.33599853515625,1
141.3499999999979,0.8531354099459794,0.3387451171875,1
141.3999999999979,0.848483784263055,0.58319091796875,1
141.4499999999979,0.843582761264251,0.58868408203125,1
141.49999999999793,0.8384752639403001,0.58868408203125,0
141.54999999999794,0.833885633250827,0.58868408203125,0
141.59999999999795,0.8272601919801713,0.58868408203125,1
141.64999999999796,0.8248949698202516,0.58868408203125,1
141.69999999999797,0.8199497085924146,0.58868408203125,1
141.74999999999798,0.8102945179578941,0.58868408203125,1
141.799999999998,0.8040481527439525,0.58868408203125,1
141.849999999998,0.7987360501857421,0.58868408203125,1
141.89999999999802,0.9999997963385586,0.58868408203125,1
141.94999999999803,0.9999997866841445,0.58868408203125,1
141.99999999999804,0.9999997805413002,0.58868408203125,1
142.04999999999805,0.9999999311906652,0.60955810546875,1
142.09999999999806,0.9999999300875947,0.62725830078125,1
142.14999999999807,0.999999929043573,0.62725830078125,1
142.19999999999808,0.9999999269182361,0.62725830078125,1
142.2499999999981,0.9999999246459578,0.62725830078125,0
142.2999999999981,0.9999999212763646,0.62725830078125,1
142.34999999999812,0.9999999190382722,0.62725830078125,1
142.39999999999813,0.9999999719414031,0.62725830078125,1
142.44999999999814,0.9999999781413447,0.62725830078125,1
142.49999999999815,0.9999999766037019,0.62725830078125,0
142.54999999999816,0.9999999756197482,0.62725830078125,0
142.59999999999818,0.9999999796413271,0.62725830078125,0
142.6499999999982,0.9999999785582152,0.62725830078125,1
142.6999999999982,0.9999999999999607,0.62725830078125,1
142.7499999999982,0.9999999772072388,0.62725830078125,1
142.79999999999822,0.9999999999999577,0.62725830078125,1
142.84999999999823,0.9999999999999556,0.62725830078125,1
142.89999999999824,0.99999997374438,0.62725830078125,1
142.94999999999825,0.9999999723902283,0.62725830078125,1
142.99999999999827,0.9999999704926374,0.62725830078125,1
143.04999999999828,0.9999999911975971,0.63824462890625,1
143.0999999999983,0.999999999999984,0.63824462890625,1
143.1499999999983,0.9999999922352601,0.63824462890625,1
143.1999999999983,0.9999999999999858,0.63824462890625,0
143.24999999999832,0.9999999999999853,0.63824462890625,1
143.29999999999833,0.9999999914821109,0.63824462890625,1
143.34999999999835,0.9999999911396542,0.63824462890625,1
143.39999999999836,0.9999999908860258,0.63824462890625,0
143.44999999999837,0.9999999999999833,0.63824462890625,0
143.49999999999838,0.9999999917504615,0.63824462890625,0
143.5499999999984,0.9999999999999848,0.63824462890625,0
143.5999999999984,0.9999999922181456,0.63824462890625,0
143.6499999999984,0.9999999919074954,0.66119384765625,0
143.69999999999843,0.9999999915034905,0.66119384765625,0
143.74999999999844,0.9999999911665185,0.66119384765625,0
143.79999999999845,0.9999999999999918,0.66119384765625,0
143.84999999999846,0.999999990249242,0.66119384765625,1
143.89999999999847,0.999999989728035,0.66119384765625,1
143.94999999999848,0.9999999999999903,0.66119384765625,1
143.9999999999985,0.9999999999999949,0.66119384765625,1
144.0499999999985,0.9999999999999977,0.64581298828125,1
144.09999999999852,0.9999999999999976,0.64581298828125,1
144.14999999999853,0.9999999999999974,0.64581298828125,1
144.19999999999854,0.9999999999999959,0.64581298828125,1
144.24999999999855,0.9999999999999957,0.64581298828125,1
144.29999999999856,0.9999999999999951,0.64581298828125,1
144.34999999999857,0.9999999946973843,0.6544189453125,1
144.39999999999858,0.9999999952222285,0.6544189453125,1
144.4499999999986,0.9999999999999991,0.6544189453125,1
144.4999999999986,0.9999999999999991,0.6544189453125,1
144.54999999999862,0.9999999999999991,0.6544189453125,1
144.59999999999863,0.9999999999999973,0.6544189453125,1
144.64999999999864,0.9999999999999958,0.6544189453125,1
144.69999999999865,0.999999999999994,0.6544189453125,1
144.74999999999866,0.9999999999999936,0.6544189453125,1
144.79999999999868,0.9999999999999931,0.6544189453125,1
144.8499999999987,0.9999999999999963,0.6544189453125,0
144.8999999999987,0.999999999999996,0.6544189453125,0
144.9499999999987,0.9999999900993559,0.6544189453125,0
144.99999999999872,0.9999999999999903,0.6544189453125,0
145.04999999999873,0.9999999974854953,0.673583984375,0
145.09999999999874,0.9999999974332128,0.673583984375,0
145.14999999999876,0.9999999973321143,0.673583984375,0
145.19999999999877,0.9999999972247744,0.673583984375,1
145.24999999999878,0.9999999999999978,0.673583984375,1
145.2999999999988,0.9999999999999977,0.673583984375,1
145.3499999999988,0.9999999999999976,0.66888427734375,1
145.3999999999988,0.999999999999995,0.6688232421875,1
145.44999999999882,0.9999999999999948,0.6689453125,1
145.49999999999883,0.9999999969499465,0.27386474609375,1
145.54999999999885,0.9999999489009921,0.28350830078125,1
145.59999999999886,0.947221857501432,0.27374267578125,1
145.64999999999887,0.9435932059685646,0.247802734375,1
145.69999999999888,0.9999999416497661,0.2613525390625,1
145.7499999999989,0.9999999376251779,0.2666015625,1
145.7999999999989,0.9999999342394156,0.24041748046875,1
145.84999999999891,0.9305384708468811,0.2725830078125,1
145.89999999999893,0.9255152718442906,0.2611083984375,1
145.94999999999894,0.9208063230753935,0.2557373046875,1
145.99999999999895,0.9999999168085535,0.260498046875,1
146.04999999999896,0.9999999549253576,0.3123779296875,1
146.09999999999897,0.9999999525939719,0.3123779296875,1
146.14999999999898,0.9999999505552781,0.73602294921875,1
146.199999999999,0.9999999999999067,0.73602294921875,1
146.249999999999,0.9999999999999007,0.73602294921875,0
146.29999999999902,0.999999999999894,0.73602294921875,1
146.34999999999903,0.9381679147524313,0.73602294921875,1
146.39999999999904,0.9345488074274653,0.73602294921875,0
146.44999999999905,0.9305375400236233,0.73602294921875,0
146.49999999999906,0.9266391739015287,0.73602294921875,0
146.54999999999907,0.9211496104544198,0.73602294921875,0
146.59999999999908,0.9151223092847823,0.73602294921875,0
146.6499999999991,0.9083668439802614,0.73602294921875,0
146.6999999999991,0.9999999407940621,0.73602294921875,0
146.74999999999912,0.9999999336553151,0.73602294921875,0
146.79999999999913,0.9999999255512906,0.73602294921875,0
146.84999999999914,0.9999999451409878,0.73602294921875,0
146.89999999999915,0.9999999368135473,0.73602294921875,1
146.94999999999916,0.9999999280086623,0.73602294921875,1
146.99999999999918,0.9999999173187682,0.73602294921875,1
147.0499999999992,0.9999999736258764,0.73016357421875,1
147.0999999999992,0.9999999717710757,0.73016357421875,1
147.1499999999992,0.9999999697586023,0.73016357421875,1
147.19999999999922,0.9999999808025006,0.73016357421875,0
147.24999999999923,0.9999999789087354,0.73016357421875,1
147.29999999999924,0.9999999770917825,0.73016357421875,1
147.34999999999926,0.9999999749530254,0.73291015625,1
147.39999999999927,0.9999999725297886,0.73291015625,1
147.44999999999928,0.9999999698649256,0.73291015625,1
147.4999999999993,0.9999999669414381,0.73291015625,0
147.5499999999993,0.9999999703516796,0.73291015625,1
147.5999999999993,0.9999999670053986,0.73291015625,1
147.64999999999932,0.9999999640932051,0.73291015625,1
147.69999999999933,0.9999999608807267,0.73291015625,1
147.74999999999935,0.9999999573217707,0.73291015625,1
147.79999999999936,0.9999999531122487,0.73291015625,1
147.84999999999937,0.9999999480321954,0.73291015625,1
147.89999999999938,0.9999999432593017,0.73291015625,1
147.9499999999994,0.9999999346727687,0.73291015625,1
147.9999999999994,0.9999999268555473,0.73291015625,1
148.04999999999941,0.9999999861662244,0.794921875,1
148.09999999999943,0.9999999851628406,0.794921875,1
148.14999999999944,0.9999999840208431,0.794921875,0
148.19999999999945,0.999999982717799,0.794921875,1
148.24999999999946,0.9999999843534154,0.794921875,1
148.29999999999947,0.999999982437913,0.794921875,1
148.34999999999948,0.9999999851458152,0.794921875,1
148.3999999999995,0.9999999866817804,0.794921875,1
148.4499999999995,0.9999999889210929,0.794921875,1
148.49999999999952,0.9999999876976705,0.794921875,1
148.54999999999953,0.9999999862383712,0.794921875,1
148.59999999999954,0.9999999861027175,0.794921875,1
148.64999999999955,0.9999999837073447,0.794921875,1
148.69999999999956,0.999999980244081,0.794921875,1
148.74999999999957,0.9999999775428691,0.794921875,1
148.79999999999959,0.9999999741117483,0.794921875,0
148.8499999999996,0.9999999681932611,0.794921875,0
148.8999999999996,0.9999999596366705,0.794921875,0
148.94999999999962,0.9999999513843301,0.794921875,0
148.99999999999963,0.9999999999998884,0.794921875,0
149.04999999999964,0.9999999999999561,0.7728271484375,0
149.09999999999965,0.9999999885843947,0.7728271484375,0
149.14999999999966,0.9999999879636351,0.76812744140625,0
149.19999999999968,0.9999999999999764,0.76708984375,0
149.2499999999997,0.9999999999999734,0.7669677734375,0
149.2999999999997,0.999999999999971,0.29559326171875,0
149.3499999999997,0.9999999999999657,0.19415283203125,0
149.39999999999972,0.8249532847192066,0.181640625,0
149.44999999999973,0.9999999999986245,0.175048828125,0
149.49999999999974,0.9999999999976428,0.18096923828125,0
149.54999999999976,0.6984680742949604,0.18756103515625,0
149.59999999999977,0.6510557009669687,0.2098388671875,0
149.64999999999978,0.5945899912602305,0.199462890625,0
149.6999999999998,0.5379290164489141,0.22119140625,0
149.7499999999998,0.46523432255979724,0.18701171875,0
149.7999999999998,0.3599604859619209,0.19268798828125,0
149.84999999999982,0.2553492152264004,0.19268798828125,0
149.89999999999984,0.9999984840253682,0.182861328125,0
149.94999999999985,0.999993773990569,0.1817626953125,0
149.99999999999986,0.999993773990569,0.1881103515625,0
150.04999999999987,0.9999999999992677,0.21136474609375,0
150.09999999999988,0.9999999999990554,0.24664306640625,0
150.1499999999999,0.9999999999987035,0.22454833984375,0
150.1999999999999,0.9999999999975095,0.22381591796875,0
150.24999999999991,0.9999999999968445,0.22833251953125,0
150.29999999999993,0.6560448723081974,0.216064453125,0
150.34999999999994,0.6321077718069844,0.1461181640625,0
150.39999999999995,0.5666198685552285,0.15350341796875,0
150.44999999999996,0.4814408468965842,0.19000244140625,0
150.49999999999997,0.35003274706237164,0.16015625,0
150.54999999999998,0.22028066566169596,0.16583251953125,0
150.6,0.18586144231305407,0.1968994140625,0
150.65,0.999997871924301,0.1409912109375,0
150.70000000000002,0.42165201566506866,0.1658935546875,0
150.75000000000003,0.4301427408660051,0.14111328125,0
150.80000000000004,0.4264840620872358,0.1414794921875,0
150.85000000000005,0.41555860878449463,0.16619873046875,0
150.90000000000006,0.3993382011245347,0.1591796875,0
150.95000000000007,0.37996024553947744,0.1761474609375,0
151.00000000000009,0.40451164506970566,0.209228515625,0
151.0500000000001,0.39345404109094834,0.212646484375,0
151.1000000000001,0.37188051607835254,0.2005615234375,0
151.15000000000012,0.3478610713023173,0.18292236328125,0
151.20000000000013,0.31806288388851317,0.20013427734375,0
151.25000000000014,0.2823471163468186,0.1822509765625,0
151.30000000000015,0.24499765633845647,0.2061767578125,0
151.35000000000016,0.21266093699904606,0.14105224609375,0
151.40000000000018,0.19150818908201742,0.13916015625,0
151.4500000000002,0.1907483930774874,0.15179443359375,0
151.5000000000002,0.17734398719139896,0.17523193359375,0
151.5500000000002,0.1755966313683735,0.1436767578125,0
151.60000000000022,0.17834400733149666,0.13983154296875,0
151.65000000000023,0.14619811461332344,0.151123046875,0
151.70000000000024,0.14599278010341024,0.1353759765625,0
151.75000000000026,0.1256058588502799,0.15728759765625,0
151.80000000000027,0.1228551109544761,0.1575927734375,0
151.85000000000028,0.11922872499587936,0.16851806640625,0
151.9000000000003,0.11730395714448022,0.13604736328125,0
151.9500000000003,0.13761922843143876,0.1339111328125,0
152.0000000000003,0.5726865602636493,0.1812744140625,0
152.05000000000032,0.5656089644284851,0.1956787109375,0
152.10000000000034,0.5618829271254289,0.19573974609375,0
152.15000000000035,0.5595046493829609,0.17034912109375,0
152.20000000000036,0.5545166790860783,0.17041015625,0
152.25000000000037,0.5475574791675426,0.1763916015625,0
152.30000000000038,0.5432063486670236,0.17669677734375,0
152.3500000000004,0.5234058571577959,0.15283203125,0
152.4000000000004,0.5053848883417015,0.119384765625,0
152.45000000000041,0.49809664326020303,0.1075439453125,0
152.50000000000043,0.4929888408188467,0.13201904296875,0
152.55000000000044,0.4967940124664027,0.126220703125,0
152.60000000000045,0.47981572725509264,0.11407470703125,0
152.65000000000046,0.45056124840306144,0.1199951171875,0
152.70000000000047,0.43952275451161155,0.1500244140625,0
152.75000000000048,0.41872517243496904,0.10791015625,0
152.8000000000005,0.4138532373275476,0.13275146484375,0
152.8500000000005,0.41745937239819925,0.125732421875,0
152.90000000000052,0.4046765073494857,0.11383056640625,0
152.95000000000053,0.3935269041113369,0.12603759765625,0
153.00000000000054,0.48933279617789144,0.1717529296875,0
153.05000000000055,0.47645678893348076,0.172119140625,0
153.10000000000056,0.46207164669951284,0.17730712890625,0
153.15000000000057,0.45807346611391253,0.172607421875,0
153.20000000000059,0.4547163076676786,0.16693115234375,0
153.2500000000006,0.45261673719425827,0.178466796875,0
153.3000000000006,0.45306784915436316,0.17218017578125,0
153.35000000000062,0.43941181152078806,0.12652587890625,0
153.40000000000063,0.4046929996958878,0.1483154296875,0
153.45000000000064,0.38117980520313827,0.12481689453125,0
153.50000000000065,0.37615327393605325,0.1424560546875,0
153.55000000000067,0.37121978457510696,0.1319580078125,0
153.60000000000068,0.36566550655267765,0.12530517578125,0
153.6500000000007,0.34602606585336015,0.1251220703125,0
153.7000000000007,0.30955127999582305,0.11395263671875,0
153.7500000000007,0.2824382262413942,0.1361083984375,0
153.80000000000072,0.2508863370925593,0.108154296875,0
153.85000000000073,0.24187960781927278,0.10748291015625,0
153.90000000000074,0.23195403696530342,0.10382080078125,0
153.95000000000076,0.233236041253822,0.11431884765625,0
154.00000000000077,0.8171106843161025,0.2041015625,0
154.05000000000078,0.8151360778740018,0.22650146484375,0
154.1000000000008,0.8107443446398503,0.23736572265625,0
154.1500000000008,0.8048842198113777,0.22100830078125,0
154.2000000000008,0.8030401237662689,0.2593994140625,1
154.25000000000082,0.8021002726646259,0.23712158203125,1
154.30000000000084,0.8003959189937639,0.22601318359375,1
154.35000000000085,0.7966139202674676,0.1929931640625,1
154.40000000000086,0.7889906153985433,0.1817626953125,1
154.45000000000087,0.7828303317995335,0.194091796875,1
154.50000000000088,0.7750090682918166,0.187744140625,1
154.5500000000009,0.7723730367404439,0.1607666015625,1
154.6000000000009,0.7703383524566533,0.1497802734375,1
154.65000000000092,0.7670172757112123,0.62744140625,1
154.70000000000093,0.7640674599652416,0.6865234375,1
154.75000000000094,0.7587928010593028,0.6865234375,1
154.80000000000095,0.7542082099943878,0.6865234375,1
154.85000000000096,0.7456449032144085,0.6865234375,1
154.90000000000097,0.7434621228373012,0.6865234375,1
154.95000000000098,0.7411663273340972,0.6865234375,0
155.000000000001,0.8289883359098503,0.7052001953125,0
155.050000000001,0.8298153747765055,0.7052001953125,0
155.10000000000102,0.8280358992079419,0.7052001953125,0
155.15000000000103,0.8249310039989889,0.72198486328125,0
155.20000000000104,0.8199793865974772,0.72198486328125,0
155.25000000000105,0.8179037985327925,0.72198486328125,0
155.30000000000106,0.8142508032837713,0.72198486328125,1
155.35000000000107,0.8076448691153382,0.72198486328125,1
155.40000000000109,0.8040053150697015,0.72198486328125,1
155.4500000000011,0.8004415162634925,0.71661376953125,1
155.5000000000011,0.7969390828815884,0.71624755859375,1
155.55000000000112,0.7916412948148256,0.71649169921875,1
155.60000000000113,0.7895517938109559,0.71636962890625,1
155.65000000000114,0.7873934943390317,0.11285400390625,1
155.70000000000115,0.777686866673755,0.13787841796875,1
155.75000000000117,0.7668130481075476,0.1375732421875,1
155.80000000000118,0.7577564531412327,0.1251220703125,1
155.8500000000012,0.7440316726166502,0.1441650390625,1
155.9000000000012,0.7309474680300285,0.1451416015625,1
155.9500000000012,0.7237539162328803,0.1324462890625,1
156.00000000000122,0.8608143628857643,0.1630859375,1
156.05000000000123,0.8593087243547548,0.2044677734375,1
156.10000000000124,0.8545045345511577,0.1868896484375,1
156.15000000000126,0.847131095436871,0.17535400390625,1
156.20000000000127,0.8427951121500683,0.17535400390625,1
156.25000000000128,0.8361949938491775,0.17535400390625,1
156.3000000000013,0.8308470719925143,0.17535400390625,1
156.3500000000013,0.8252822274427084,0.17535400390625,1
156.4000000000013,0.8196931708725687,0.17535400390625,1
156.45000000000132,0.8140594184174351,0.17535400390625,1
156.50000000000134,0.8087673333907781,0.17535400390625,1
156.55000000000135,0.8034330294388243,0.17535400390625,1
156.60000000000136,0.7946222803197043,0.17535400390625,1
156.65000000000137,0.7885549768231938,0.17535400390625,1
156.70000000000138,0.7801680763149558,0.17535400390625,1
156.7500000000014,0.7713803764195761,0.17535400390625,1
156.8000000000014,0.7623835245168245,0.17535400390625,1
156.85000000000142,0.7534860243132291,0.17535400390625,1
156.90000000000143,0.7444316796128293,0.17535400390625,1
156.95000000000144,0.7329473976481493,0.17535400390625,1
157.00000000000145,0.7765061154058005,0.21624755859375,1
157.05000000000146,0.7703461734310457,0.21624755859375,1
157.10000000000147,0.7621385586556866,0.21624755859375,1
157.15000000000148,0.7535276226552216,0.21624755859375,1
157.2000000000015,0.7445242647350839,0.21624755859375,1
157.2500000000015,0.7351913860021061,0.21624755859375,1
157.30000000000152,0.7235023904511974,0.21624755859375,1
157.35000000000153,0.7143200360697471,0.21624755859375,1
157.40000000000154,0.7026434548949932,0.21624755859375,1
157.45000000000155,0.690333217784986,0.21624755859375,1
157.50000000000156,0.6773513156839555,0.21624755859375,1
157.55000000000157,0.6637804724125058,0.21624755859375,1
157.6000000000016,0.6498911665938966,0.21624755859375,1
157.6500000000016,0.6332238349354594,0.21624755859375,1
157.7000000000016,0.6200850570328933,0.21624755859375,1
157.75000000000162,0.6040194371834915,0.21624755859375,1
157.80000000000163,0.5908041172719004,0.21624755859375,1
157.85000000000164,0.5770405924563888,0.21624755859375,1
157.90000000000165,0.5629379347900473,0.21624755859375,1
157.95000000000167,0.5480788118280913,0.21624755859375,1
158.00000000000168,0.8542345809800203,0.27752685546875,1
158.0500000000017,0.8529848716410487,0.27752685546875,0
158.1000000000017,0.8488738455397208,0.27752685546875,0
158.1500000000017,0.8445556338055421,0.27752685546875,0
158.20000000000172,0.8400153193519437,0.29669189453125,0
158.25000000000173,0.8352368733068822,0.30084228515625,1
158.30000000000175,0.8319936909564842,0.30084228515625,1
158.35000000000176,0.8289027845733261,0.30133056640625,1
158.40000000000177,0.824163158526094,0.73297119140625,1
158.45000000000178,0.821120631270241,0.73297119140625,1
158.5000000000018,0.8163935051078037,0.73297119140625,0
158.5500000000018,0.8103607499334173,0.73297119140625,1
158.6000000000018,0.8041057208078685,0.73297119140625,1
158.65000000000182,0.797549279646314,0.73297119140625,1
158.70000000000184,0.7914668885413068,0.73297119140625,1
158.75000000000185,0.7831130322501086,0.73297119140625,1
158.80000000000186,0.7743334297010181,0.73297119140625,0
158.85000000000187,0.7661516598142255,0.73297119140625,0
158.90000000000188,0.7571067588202527,0.73297119140625,0
158.9500000000019,0.7476076190763021,0.73297119140625,1
159.0000000000019,0.8186531973940397,0.72662353515625,1
159.05000000000192,0.8151677051184788,0.72662353515625,1
159.10000000000193,0.8066176992975705,0.72601318359375,1
159.15000000000194,0.7976181711575308,0.72601318359375,1
159.20000000000195,0.7915202520416199,0.72601318359375,1
159.25000000000196,0.7847900340454249,0.72601318359375,1
159.30000000000197,0.7758337438604849,0.72601318359375,1
159.35000000000198,0.7669246059124366,0.72601318359375,1
159.400000000002,0.7607146029780972,0.72601318359375,1
159.450000000002,0.7495716824150396,0.7401123046875,1
159.50000000000202,0.7382563422731696,0.7401123046875,0
159.55000000000203,0.7301304531658538,0.7401123046875,0
159.60000000000204,0.7208446305080052,0.7401123046875,0
159.65000000000205,0.7112252479025539,0.7401123046875,0
159.70000000000206,0.702006951505115,0.7401123046875,0
159.75000000000207,0.6965922927003337,0.7401123046875,0
159.8000000000021,0.6891298922858135,0.7401123046875,0
159.8500000000021,0.6835441771778332,0.7401123046875,0
159.9000000000021,0.6785269653450615,0.7401123046875,0
159.95000000000212,0.6764134197993572,0.7401123046875,0
160.00000000000213,0.7631051446842458,0.7451171875,0
160.05000000000214,0.7633020193408648,0.7451171875,0
160.10000000000215,0.7656690562694406,0.7451171875,0
160.15000000000217,0.7628806879421173,0.7451171875,1
160.20000000000218,0.7621959965874842,0.7451171875,1
160.2500000000022,0.7612269667367364,0.7451171875,1
160.3000000000022,0.7599055167066557,0.7451171875,1
160.3500000000022,0.758201456481394,0.7451171875,1
160.40000000000222,0.7559322149783644,0.7451171875,1
160.45000000000223,0.7547833560427971,0.7451171875,0
160.50000000000225,0.7506523885812263,0.7451171875,0
160.55000000000226,0.7480657942447945,0.7451171875,0
160.60000000000227,0.7460056652913012,0.7451171875,0
160.65000000000228,0.7443397981710203,0.7451171875,0
160.7000000000023,0.7431602710121263,0.7451171875,0
160.7500000000023,0.7427129986236403,0.7451171875,0
160.8000000000023,0.7430744068405335,0.73931884765625,0
160.85000000000232,0.742178674203044,0.7393798828125,0
160.90000000000234,0.7412772071399067,0.739013671875,0
160.95000000000235,0.7409971638487038,0.1473388671875,0
161.00000000000236,0.8110562480752737,0.2073974609375,0
161.05000000000237,0.8013720398161406,0.15771484375,0
161.10000000000238,0.7892970719577269,0.1947021484375,0
161.1500000000024,0.775323204189449,0.20660400390625,0
161.2000000000024,0.7605030345762649,0.1751708984375,0
161.25000000000242,0.7449512966505946,0.18707275390625,0
161.30000000000243,0.7266729244289982,0.1990966796875,0
161.35000000000244,0.7057857474328796,0.1260986328125,0
161.40000000000245,0.686184198247983,0.1376953125,0
161.45000000000246,0.6584891354101787,0.14312744140625,0
161.50000000000247,0.6301742649133594,0.1556396484375,0
161.55000000000248,0.6081912064809397,0.1685791015625,0
161.6000000000025,0.5833567344137818,0.1368408203125,0
161.6500000000025,0.5625031685534514,0.1126708984375,0
161.70000000000252,0.5537401144359831,0.1365966796875,0
161.75000000000253,0.5269586863570205,0.1202392578125,0
161.80000000000254,0.5070998080770361,0.1134033203125,0
161.85000000000255,0.48367734767527587,0.11883544921875,0
161.90000000000256,0.458187948476016,0.11871337890625,0
161.95000000000258,0.43192675507711126,0.13763427734375,0
162.0000000000026,0.6740189967024792,0.179931640625,0
162.0500000000026,0.6573479261995836,0.15643310546875,0
162.1000000000026,0.6327024977812243,0.1883544921875,0
162.15000000000262,0.6092567986263364,0.20733642578125,0
162.20000000000263,0.5785694377605988,0.194091796875,0
162.25000000000264,0.5550288070854876,0.16845703125,0
162.30000000000265,0.5304980670635826,0.1732177734375,0
162.35000000000267,0.5039116322986582,0.11041259765625,0
162.40000000000268,0.48484344562104587,0.12994384765625,0
162.4500000000027,0.43378501358498867,0.13604736328125,0
162.5000000000027,0.3930431874475323,0.1357421875,0
162.5500000000027,0.3550766511012436,0.158935546875,0
162.60000000000272,0.3015063156246033,0.11065673828125,0
162.65000000000273,0.25915065719758557,0.12274169921875,0
162.70000000000275,0.1867323221191894,0.1419677734375,0
162.75000000000276,0.11708233343187352,0.11627197265625,0
162.80000000000277,0.08478775002392522,0.10479736328125,0
162.85000000000278,0.08758920360307335,0.10296630859375,0
162.9000000000028,0.07538944924081824,0.1297607421875,0
162.9500000000028,0.07565466536040821,0.11016845703125,0
163.0000000000028,0.432324596338055,0.17291259765625,0
163.05000000000283,0.4184422648720744,0.18426513671875,0
163.10000000000284,0.4041637839463143,0.17120361328125,0
163.15000000000285,0.37578589955437375,0.22210693359375,0
163.20000000000286,0.37881822246851216,0.15264892578125,0
163.25000000000287,0.7765243940617439,0.17816162109375,0
163.30000000000288,0.7569312901882527,0.17120361328125,0
163.3500000000029,0.7349832293391118,0.13824462890625,0
163.4000000000029,0.7279575059102583,0.11297607421875,0
163.45000000000292,0.7237256329928613,0.13818359375,0
163.50000000000293,0.704244771436374,0.0999755859375,0
163.55000000000294,0.6750239157686913,0.10015869140625,0
163.60000000000295,0.6449081409569711,0.1126708984375,0
163.65000000000296,0.6593657367038643,0.11279296875,0
163.70000000000297,0.6967577058873654,0.12591552734375,0
163.75000000000298,0.6609859171988409,0.11944580078125,0
163.800000000003,0.6373849134177682,0.11895751953125,0
163.850000000003,0.6053675207949615,0.1251220703125,0
163.90000000000302,0.5748919448337573,0.1065673828125,0
163.95000000000303,0.6156411311769533,0.0936279296875,0
164.00000000000304,0.714398713196042,0.23223876953125,0
164.05000000000305,0.7310504017005155,0.197265625,0
164.10000000000306,0.733370049335357,0.18463134765625,0
164.15000000000308,0.7219046906619017,0.1842041015625,0
164.2000000000031,0.7128613527274901,0.189453125,0
164.2500000000031,0.6977847276839108,0.1912841796875,0
164.3000000000031,0.6851438305078422,0.15850830078125,0
164.35000000000312,0.6788161666162585,0.09326171875,0
164.40000000000313,0.6739608274696034,0.09942626953125,0
164.45000000000314,0.6570913321295214,0.13165283203125,0
164.50000000000315,0.6548582555462317,0.12994384765625,0
164.55000000000317,0.6176018828737461,0.0943603515625,0
164.60000000000318,0.5811568214296481,0.117919921875,0
164.6500000000032,0.5542240716900722,0.080810546875,0
164.7000000000032,0.5434720511033597,0.093505859375,0
164.7500000000032,0.5339800365504931,0.0865478515625,0
164.80000000000322,0.523546070960441,0.11822509765625,0
164.85000000000323,0.5077616112025801,0.0814208984375,0
164.90000000000325,0.49184662280844466,0.09423828125,0
164.95000000000326,0.46641985767527916,0.0869140625,0
165.00000000000327,0.7646750087594898,0.18035888671875,0
165.05000000000328,0.7707884551777036,0.1456298828125,0
165.1000000000033,0.7686380356628855,0.12896728515625,0
165.1500000000033,0.7612498834668974,0.1939697265625,0
165.2000000000033,0.7497969589765074,0.13922119140625,0
165.25000000000333,0.7308378065697989,0.17437744140625,0
165.30000000000334,0.7099583412164391,0.13330078125,0
165.35000000000335,0.7080690934559178,0.06591796875,0
165.40000000000336,0.7046394071934305,0.0897216796875,0
165.45000000000337,0.6971209479189773,0.09625244140625,0
165.50000000000338,0.6830662635296041,0.118896484375,0
165.5500000000034,0.6691901351007384,0.11407470703125,0
165.6000000000034,0.6525741513866008,0.09088134765625,0
165.65000000000342,0.6326274654270891,0.12603759765625,0
165.70000000000343,0.63132289461465,0.090087890625,0
165.75000000000344,0.626139945621015,0.11395263671875,0
165.80000000000345,0.6175400619092448,0.09600830078125,0
165.85000000000346,0.6046539976999536,0.0897216796875,0
165.90000000000347,0.9999995909957269,0.095458984375,0
165.95000000000348,0.5643124888997293,0.120361328125,0
166.0000000000035,0.8655899144967444,0.1416015625,0
166.0500000000035,0.8685897785543804,0.1551513671875,0
166.10000000000352,0.8682806795928897,0.14825439453125,0
166.15000000000353,0.8667435289404313,0.13079833984375,0
166.20000000000354,0.862810797603559,0.12420654296875,0
166.25000000000355,0.853744447708084,0.1239013671875,0
166.30000000000356,0.8455894713960179,0.16033935546875,0
166.35000000000358,0.835801994231215,0.0794677734375,0
166.4000000000036,0.8403486954413286,0.0916748046875,0
166.4500000000036,0.8320100040235604,0.08001708984375,0
166.5000000000036,0.8300723720891033,0.0968017578125,0
166.55000000000362,0.8240839831722496,0.061279296875,0
166.60000000000363,0.9999997680538596,0.06671142578125,0
166.65000000000364,0.800244670709896,0.0677490234375,0
166.70000000000366,0.7871316502334943,0.07965087890625,0
166.75000000000367,0.7847620810453757,0.08514404296875,0
166.80000000000368,0.78242652815171,0.1153564453125,0
166.8500000000037,0.7793329594599765,0.06756591796875,0
166.9000000000037,0.9999996564503044,0.092041015625,0
166.9500000000037,0.9999996866127792,0.0977783203125,0
167.00000000000372,0.8096121517902487,0.13897705078125,0
167.05000000000373,0.7998291041067819,0.11102294921875,0
167.10000000000375,0.7968579074111257,0.08917236328125,0
167.15000000000376,0.7935868995852131,0.10052490234375,0
167.20000000000377,0.7898704863485054,0.09442138671875,0
167.25000000000378,0.9999997360114644,0.11279296875,0
167.3000000000038,0.9999997235891079,0.107421875,0
167.3500000000038,0.9999996282757305,0.087890625,0
167.4000000000038,0.9999995851621934,0.09368896484375,0
167.45000000000383,0.7236541804158401,0.08746337890625,0
167.50000000000384,0.7167263755662336,0.0751953125,0
167.55000000000385,0.7146990547467481,0.087890625,0
167.60000000000386,0.6963914494204927,0.08233642578125,0
167.65000000000387,0.6728243502448036,0.11175537109375,0
167.70000000000388,0.999999344818123,0.13018798828125,0
167.7500000000039,0.9999992273620747,0.0943603515625,0
167.8000000000039,0.5899477241490155,0.10400390625,0
167.85000000000392,0.5823244105946224,0.0838623046875,0
167.90000000000393,0.5709040544848718,0.1177978515625,0
167.95000000000394,0.9999999999986605,0.08197021484375,0
168.00000000000395,0.9999999999997602,0.13922119140625,0
168.05000000000396,0.9999999999997575,0.14532470703125,0
168.10000000000397,0.9999999999997551,0.12158203125,0
168.15000000000398,0.873836442829592,0.1334228515625,0
168.200000000004,0.867599567069721,0.1392822265625,0
168.250000000004,0.8625643089764936,0.14483642578125,1
168.30000000000402,0.9999998542281843,0.12713623046875,1
168.35000000000403,0.9999998455276354,0.11529541015625,1
168.40000000000404,0.9999998373960884,0.1153564453125,1
168.45000000000405,0.9999998312271889,0.12640380859375,1
168.50000000000406,0.847529724396598,0.1148681640625,1
168.55000000000408,0.8412721336174321,0.11895751953125,1
168.6000000000041,0.8360550970087574,0.105712890625,1
168.6500000000041,0.8319152324887721,0.11956787109375,1
168.7000000000041,0.8277222934514452,0.1246337890625,1
168.75000000000412,0.8210282496651786,0.1246337890625,1
168.80000000000413,0.8141191601338467,0.1246337890625,1
168.85000000000414,0.8085242751648893,0.1246337890625,1
168.90000000000416,0.8026922478034405,0.1246337890625,1
168.95000000000417,0.7966425957019639,0.1246337890625,1
169.00000000000418,0.9443102087083765,0.25067138671875,1
169.0500000000042,0.9443139097932743,0.25067138671875,1
169.1000000000042,0.943194887981999,0.25091552734375,1
169.1500000000042,0.941573937619391,0.66973876953125,1
169.20000000000422,0.9402578165043972,0.66973876953125,1
169.25000000000423,0.9999999999999737,0.66973876953125,1
169.30000000000425,0.9999999999999728,0.66973876953125,1
169.35000000000426,0.9999999999999579,0.66973876953125,1
169.40000000000427,0.9999999999999566,0.66973876953125,1
169.45000000000428,0.99999999999997,0.66973876953125,1
169.5000000000043,0.9999999999999688,0.66973876953125,1
169.5500000000043,0.9999999999999597,0.66973876953125,1
169.60000000000431,0.9999999999999889,0.66973876953125,1
169.65000000000433,0.9999999999999827,0.66973876953125,1
169.70000000000434,0.9999999999999759,0.66973876953125,1
169.75000000000435,0.9999999999999875,0.66973876953125,1
169.80000000000436,0.9999999703710515,0.66973876953125,1
169.85000000000437,0.999999968816831,0.66973876953125,1
169.90000000000438,0.9999999999999855,0.66973876953125,1
169.9500000000044,0.9999999655437778,0.66973876953125,1
170.0000000000044,0.9999999999999845,0.69146728515625,1
170.05000000000442,0.9999999820819554,0.69146728515625,1
170.10000000000443,0.9999999813235347,0.69146728515625,1
170.15000000000444,0.9999999999999827,0.6954345703125,1
170.20000000000445,0.9999999999999819,0.6954345703125,1
170.25000000000446,0.999999999999981,0.6954345703125,1
170.30000000000447,0.9999999999999801,0.72930908203125,1
170.35000000000448,0.9999999999998754,0.74517822265625,1
170.4000000000045,0.9999999265384018,0.74517822265625,1
170.4500000000045,0.9999999999998631,0.74517822265625,1
170.50000000000452,0.9999999999998561,0.74517822265625,0
170.55000000000453,0.9999999999998485,0.74517822265625,1
170.60000000000454,0.9999999099276782,0.74517822265625,1
170.65000000000455,0.9999999999998309,0.74517822265625,1
170.70000000000456,0.9999998997518443,0.74517822265625,1
170.75000000000458,0.9999998939388577,0.74517822265625,0
170.8000000000046,0.9999999999997993,0.74517822265625,0
170.8500000000046,0.9999999999997848,0.74517822265625,0
170.9000000000046,0.9999999999997679,0.74517822265625,0
170.95000000000462,0.99999999999975,0.74517822265625,0
171.00000000000463,0.9999999999998641,0.74627685546875,0
171.05000000000464,0.9999999999998573,0.74627685546875,0
171.10000000000466,0.9999999999999493,0.75946044921875,0
171.15000000000467,0.9999999697779284,0.75946044921875,0
171.20000000000468,0.999999976008072,0.75946044921875,0
171.2500000000047,0.999999974709968,0.75946044921875,0
171.3000000000047,0.999999999999952,0.75946044921875,0
171.3500000000047,0.9999999999999496,0.75946044921875,0
171.40000000000472,0.999999969825467,0.75946044921875,1
171.45000000000474,0.9999999678556097,0.75946044921875,1
171.50000000000475,0.9999999656508327,0.75946044921875,1
171.55000000000476,0.9999999631735085,0.75946044921875,1
171.60000000000477,0.9999999606430141,0.75946044921875,1
171.65000000000478,0.9999999571489865,0.75946044921875,1
171.7000000000048,0.9999999530631783,0.75946044921875,1
171.7500000000048,0.9999999490547371,0.75946044921875,1
171.80000000000481,0.9999999449372244,0.75946044921875,1
171.85000000000483,0.9999999408226454,0.75946044921875,1
171.90000000000484,0.9999999579199191,0.75946044921875,1
171.95000000000485,0.9999999553238328,0.75946044921875,1
172.00000000000486,0.9999999792962297,0.73919677734375,1
172.05000000000487,0.9999999815664183,0.73919677734375,1
172.10000000000488,0.9999999804794296,0.73919677734375,1
172.1500000000049,0.9999999792944189,0.73919677734375,1
172.2000000000049,0.9999999780061526,0.73919677734375,1
172.25000000000492,0.9999999765910632,0.73919677734375,1
172.30000000000493,0.9999999752505172,0.73919677734375,1
172.35000000000494,0.999999973123582,0.73919677734375,1
172.40000000000495,0.9999999711871518,0.73919677734375,1
172.45000000000496,0.9999999694324704,0.73919677734375,1
172.50000000000497,0.9999999679033144,0.73919677734375,1
172.55000000000499,0.9999999664948207,0.73919677734375,1
172.600000000005,0.9999999651491611,0.73919677734375,1
172.650000000005,0.9999999639424473,0.73919677734375,1
172.70000000000502,0.9999999620642416,0.73919677734375,1
172.75000000000503,0.9999999602677538,0.73919677734375,1
172.80000000000504,0.9999999583171156,0.73919677734375,1
172.85000000000505,0.9999999561927234,0.73919677734375,1
172.90000000000506,0.9999999538708082,0.73919677734375,1
172.95000000000508,0.9999999513216471,0.73919677734375,1
173.0000000000051,0.9999999683555547,0.70758056640625,1
173.0500000000051,0.9999999667857663,0.70758056640625,1
173.1000000000051,0.9999999648165702,0.70758056640625,1
173.15000000000512,0.9999999627977261,0.71044921875,0
173.20000000000513,0.9999999608731845,0.71044921875,0
173.25000000000514,0.9999999590086976,0.71044921875,0
173.30000000000516,0.999999964392836,0.4464111328125,1
173.35000000000517,0.9999999632050097,0.7218017578125,1
173.40000000000518,0.9999999613022335,0.7218017578125,1
173.4500000000052,0.9999999523889235,0.7218017578125,1
173.5000000000052,0.9999999514296695,0.7218017578125,1
173.5500000000052,0.9999999498370121,0.7218017578125,1
173.60000000000522,0.9999999481465822,0.7218017578125,1
173.65000000000524,0.9999999463479194,0.7218017578125,1
173.70000000000525,0.9999999448839264,0.7218017578125,1
173.75000000000526,0.9999999422829841,0.7218017578125,1
173.80000000000527,0.9999999391319688,0.7218017578125,1
173.85000000000528,0.9999999463512853,0.7218017578125,1
173.9000000000053,0.9999999368756723,0.7218017578125,0
173.9500000000053,0.9999999340448948,0.7218017578125,0
174.00000000000531,0.9999999855677723,0.769287109375,0
174.05000000000533,0.9999999855105605,0.8046875,0
174.10000000000534,0.9999999999999721,0.8046875,0
174.15000000000535,0.9999999999999241,0.8046875,1
174.20000000000536,0.9999999839450884,0.8046875,1
174.25000000000537,0.9999999999999691,0.8046875,1
174.30000000000538,0.9999999999999664,0.8046875,1
174.3500000000054,0.9999999999999631,0.8046875,1
174.4000000000054,0.9999999999999654,0.8046875,1
174.45000000000542,0.9999999999999559,0.8046875,1
174.50000000000543,0.9999999999999635,0.8046875,1
174.55000000000544,0.9999999999999454,0.8046875,1
174.60000000000545,0.9999999999999393,0.8046875,1
174.65000000000546,0.9999999625923849,0.8046875,1
174.70000000000547,0.9999999644130368,0.8046875,1
174.75000000000549,0.9999999624387175,0.8046875,1
174.8000000000055,0.9999999999999277,0.8046875,0
174.8500000000055,0.9999999631683484,0.8046875,0
174.90000000000552,0.9999999999999314,0.8046875,0
174.95000000000553,0.999999961134469,0.8046875,0
175.00000000000554,0.9999999609470724,0.7894287109375,1
175.05000000000555,0.9999999999999647,0.7894287109375,1
175.10000000000556,0.9999999999999647,0.7894287109375,1
175.15000000000558,0.999999958793361,0.7891845703125,1
175.2000000000056,0.9999999999999653,0.7891845703125,1
175.2500000000056,0.9999999999999678,0.7891845703125,1
175.3000000000056,0.9999999999999697,0.7891845703125,1
175.35000000000562,0.9999999999999694,0.7891845703125,1
175.40000000000563,0.9999999652527911,0.7891845703125,1
175.45000000000564,0.9999999658739805,0.7891845703125,1
175.50000000000566,0.9999999999999674,0.7891845703125,1
175.55000000000567,0.9999999603904574,0.7891845703125,1
175.60000000000568,0.9999999597453498,0.7891845703125,1
175.6500000000057,0.9999999999999822,0.7891845703125,0
175.7000000000057,0.9999999999999731,0.7891845703125,0
175.7500000000057,0.9999999999999649,0.7891845703125,0
175.80000000000572,0.6091532951606125,0.7891845703125,0
175.85000000000574,0.6152557491532157,0.7891845703125,1
175.90000000000575,0.6254325675875045,0.7891845703125,1
175.95000000000576,0.6346597252634412,0.7891845703125,1
176.00000000000577,0.6698752290693533,0.810546875,1
176.05000000000578,0.6812714304603839,0.8111572265625,1
176.1000000000058,0.6851214941289554,0.7994384765625,1
176.1500000000058,0.6830401555972654,0.7991943359375,1
176.20000000000582,0.6860892186279132,0.7991943359375,1
176.25000000000583,0.6877644503863924,0.7991943359375,1
176.30000000000584,0.6879389241690536,0.7991943359375,1
176.35000000000585,0.6868152895141898,0.7989501953125,1
176.40000000000586,0.6859371975068751,0.7989501953125,1
176.45000000000587,0.6850701907801566,0.7989501953125,1
176.50000000000588,0.6832761182419236,0.7989501953125,0
176.5500000000059,0.6833576944256408,0.7989501953125,0
176.6000000000059,0.6819930045374692,0.7989501953125,0
176.65000000000592,0.6811448901650351,0.7989501953125,0
176.70000000000593,0.6807613388822783,0.7989501953125,0
176.75000000000594,0.6832014261313937,0.7989501953125,0
176.80000000000595,0.6859651840060466,0.7989501953125,0
176.85000000000596,0.6886224163311707,0.7989501953125,0
176.90000000000597,0.6915564464648817,0.7989501953125,0
176.95000000000599,0.6948686892610658,0.7989501953125,0
177.000000000006,0.7609310896539851,0.7783203125,0
177.050000000006,0.7639653430416239,0.77783203125,0
177.10000000000602,0.7619462271807621,0.7777099609375,0
177.15000000000603,0.7600889066953356,0.30670166015625,0
177.20000000000604,0.7556215009576437,0.306640625,0
177.25000000000605,0.748833418664975,0.288330078125,0
177.30000000000607,0.7365092166557278,0.2823486328125,0
177.35000000000608,0.723475225994728,0.24591064453125,0
177.4000000000061,0.7110648362654561,0.19097900390625,0
177.4500000000061,0.6940206796712719,0.20928955078125,0
177.5000000000061,0.6741388628009398,0.2095947265625,0
177.55000000000612,0.6556952230674036,0.2138671875,0
177.60000000000613,0.6357223835985488,0.20916748046875,0
177.65000000000614,0.602717661826353,0.215087890625,0
177.70000000000616,0.5816405925454019,0.19677734375,0
177.75000000000617,0.5433928269975407,0.2144775390625,0
177.80000000000618,0.5142779391266645,0.202880859375,0
177.8500000000062,0.4869640028505365,0.1976318359375,0
177.9000000000062,0.4727233825412561,0.20330810546875,0
177.9500000000062,0.45797673104143743,0.2091064453125,0
178.00000000000622,0.7557976512313473,0.28936767578125,0
178.05000000000624,0.7588338298092587,0.23736572265625,0
178.10000000000625,0.752827361916727,0.2669677734375,0
178.15000000000626,0.7466974063377679,0.24896240234375,0
178.20000000000627,0.7376381971665714,0.24822998046875,0
178.25000000000628,0.7354347644518687,0.23046875,0
178.3000000000063,0.7343118074439207,0.2467041015625,0
178.3500000000063,0.7320269592287602,0.19024658203125,0
178.40000000000632,0.7291992645070142,0.15631103515625,0
178.45000000000633,0.715814388906146,0.1805419921875,0
178.50000000000634,0.6997617816740954,0.15008544921875,0
178.55000000000635,0.6823162658979077,0.14984130859375,0
178.60000000000636,0.6795713128847235,0.1683349609375,0
178.65000000000637,0.6758719133195115,0.1683349609375,0
178.70000000000638,0.6708432163372282,0.1572265625,0
178.7500000000064,0.6561847531276471,0.17431640625,0
178.8000000000064,0.6427138151573802,0.15655517578125,0
178.85000000000642,0.6159570872222285,0.1917724609375,0
178.90000000000643,0.5921037845587055,0.16217041015625,0
178.95000000000644,0.5885742003131613,0.1387939453125,0
179.00000000000645,0.6949850157129244,0.2637939453125,0
179.05000000000646,0.6969602519666344,0.20416259765625,0
179.10000000000647,0.6924609573048476,0.21533203125,0
179.1500000000065,0.6798121379413601,0.2373046875,0
179.2000000000065,0.6752768867641369,0.2147216796875,0
179.2500000000065,0.6686171301450079,0.21453857421875,0
179.30000000000652,0.6656598333080262,0.22027587890625,0
179.35000000000653,0.6604571205892401,0.158203125,0
179.40000000000654,0.6543024330122706,0.1510009765625,0
179.45000000000655,0.6410578875046893,0.1395263671875,0
179.50000000000657,0.6346704295247242,0.14544677734375,0
179.55000000000658,0.6203923871818678,0.1668701171875,0
179.6000000000066,0.6077785195316103,0.1556396484375,0
179.6500000000066,0.6045023168447282,0.1451416015625,0
179.7000000000066,0.5982551197234985,0.1513671875,0
179.75000000000662,0.5972628583639218,0.1507568359375,0
179.80000000000663,0.5936759304515894,0.16741943359375,0
179.85000000000664,0.5813654685309757,0.1507568359375,0
179.90000000000666,0.5633301489274436,0.1337890625,0
179.95000000000667,0.5463062288074236,0.13427734375,0
180.00000000000668,0.7428336628963502,0.20361328125,0
180.0500000000067,0.7450070791036218,0.20111083984375,0
180.1000000000067,0.7418148414532737,0.1729736328125,0
180.1500000000067,0.7381239779382786,0.21148681640625,0
180.20000000000672,0.7290298202636033,0.21771240234375,0
180.25000000000674,0.724298613997345,0.1944580078125,0
180.30000000000675,0.7165922812042286,0.17840576171875,0
180.35000000000676,0.7142284855855525,0.14422607421875,0
180.40000000000677,0.7097754483656948,0.1373291015625,0
180.45000000000678,0.7020161654121853,0.1201171875,0
180.5000000000068,0.6966258383710473,0.13153076171875,0
180.5500000000068,0.680531546062778,0.13104248046875,0
180.60000000000682,0.6691570106088968,0.13128662109375,0
180.65000000000683,0.6552427324618662,0.12158203125,0
180.70000000000684,0.6503445835623849,0.12060546875,0
180.75000000000685,0.6440755949214867,0.15985107421875,0
180.80000000000686,0.6403396819491911,0.12603759765625,0
180.85000000000687,0.6302000486113769,0.12591552734375,0
180.90000000000688,0.617723075198129,0.131591796875,0
180.9500000000069,0.613623273795705,0.12664794921875,0
181.0000000000069,0.7835300920217267,0.1812744140625,0
181.05000000000692,0.7828561828828798,0.16839599609375,0
181.10000000000693,0.7794617137099078,0.19281005859375,0
181.15000000000694,0.7739890742178599,0.160888671875,0
181.20000000000695,0.7675178072635238,0.193603515625,0
181.25000000000696,0.7621061501167362,0.176513671875,0
181.30000000000697,0.7512806757088747,0.17645263671875,0
181.350000000007,0.7413920304929218,0.1331787109375,0
181.400000000007,0.7358582391737535,0.1217041015625,0
181.450000000007,0.7271153002618542,0.121337890625,0
181.50000000000702,0.7215657399019955,0.125732421875,0
181.55000000000703,0.711846372902559,0.1427001953125,0
181.60000000000704,0.6977511181083874,0.14794921875,0
181.65000000000705,0.6858980908203125,0.1207275390625,0
181.70000000000707,0.6717962019079462,0.12066650390625,0
181.75000000000708,0.6653717156150439,0.10980224609375,0
181.8000000000071,0.656150659349899,0.15277099609375,0
181.8500000000071,0.6466776945171507,0.120849609375,0
181.9000000000071,0.6351923314896527,0.1207275390625,0
181.95000000000712,0.6176154332477853,0.11468505859375,0
182.00000000000713,0.849641329137578,0.21673583984375,0
182.05000000000715,0.8477597193144114,0.20233154296875,0
182.10000000000716,0.843405322492853,0.16278076171875,0
182.15000000000717,0.8386570346418318,0.168212890625,0
182.20000000000718,0.8355315545786043,0.1849365234375,0
182.2500000000072,0.829869401208374,0.1727294921875,0
182.3000000000072,0.823540656586827,0.18975830078125,0
182.3500000000072,0.8170109264798295,0.12451171875,0
182.40000000000722,0.8104214224611279,0.087646484375,0
182.45000000000724,0.8034637854344253,0.12017822265625,0
182.50000000000725,0.7958113056840646,0.10986328125,0
182.55000000000726,0.7886865358955903,0.10955810546875,0
182.60000000000727,0.7793129704512455,0.1097412109375,0
182.65000000000728,0.7690992144268514,0.08758544921875,0
182.7000000000073,0.7597516510090178,0.12139892578125,0
182.7500000000073,0.7482803014376386,0.11566162109375,0
182.80000000000732,0.7380159299577809,0.09857177734375,0
182.85000000000733,0.7280377074330778,0.098388671875,0
182.90000000000734,0.7175958029605071,0.114990234375,0
182.95000000000735,0.7060036807824326,0.103271484375,0
183.00000000000736,0.839853414267221,0.17657470703125,0
183.05000000000737,0.838954166790506,0.18365478515625,0
183.10000000000738,0.8371128675999185,0.1729736328125,0
183.1500000000074,0.8308877914098775,0.18402099609375,0
183.2000000000074,0.8245350290321787,0.16058349609375,0
183.25000000000742,0.8181274928229931,0.1607666015625,0
183.30000000000743,0.8138389804832425,0.1605224609375,0
183.35000000000744,0.8070116383700103,0.10430908203125,0
183.40000000000745,0.797124398082063,0.118896484375,0
183.45000000000746,0.7867720889203781,0.12481689453125,0
183.50000000000747,0.778483785749714,0.11126708984375,0
183.5500000000075,0.7687289336618118,0.12469482421875,0
183.6000000000075,0.7602855942955564,0.12335205078125,0
183.6500000000075,0.7477819839581464,0.08990478515625,0
183.70000000000752,0.7385063644292517,0.095947265625,0
183.75000000000753,0.7272608836365352,0.11846923828125,0
183.80000000000754,0.7145991191174175,0.09576416015625,0
183.85000000000755,0.7011042671468117,0.12542724609375,0
183.90000000000757,0.6883732936591969,0.09564208984375,0
183.95000000000758,0.6717146608242445,0.08526611328125,0
184.0000000000076,0.8149745827486046,0.20428466796875,0
184.0500000000076,0.8120906972478783,0.16497802734375,0
184.1000000000076,0.8031238075843128,0.1650390625,0
184.15000000000762,0.7954868108967483,0.153564453125,0
184.20000000000763,0.7859983069995624,0.18206787109375,0
184.25000000000765,0.7754891917728353,0.16375732421875,0
184.30000000000766,0.7646511790960387,0.169921875,0
184.35000000000767,0.7569464360974238,0.10223388671875,0
184.40000000000768,0.7561713641732887,0.10882568359375,0
184.4500000000077,0.7441255696605354,0.09185791015625,0
184.5000000000077,0.7327801052809073,0.1031494140625,0
184.5500000000077,0.7203566766992278,0.1087646484375,0
184.60000000000773,0.704410300118489,0.09100341796875,0
184.65000000000774,0.6882873414802178,0.1097412109375,0
184.70000000000775,0.6786019468002261,0.12115478515625,0
184.75000000000776,0.654333795418932,0.09259033203125,0
184.80000000000777,0.637040370506544,0.10888671875,0
184.85000000000778,0.6206777089884806,0.09100341796875,0
184.9000000000078,0.5926502936323235,0.10394287109375,0
184.9500000000078,0.5653953545322548,0.10247802734375,0
185.00000000000782,0.7797047174416667,0.19873046875,0
185.05000000000783,0.7754731246655833,0.1929931640625,0
185.10000000000784,0.7683555955914966,0.2044677734375,0
185.15000000000785,0.7638227992567346,0.2039794921875,0
185.20000000000786,0.7597556287342865,0.209716796875,0
185.25000000000787,0.7450179862720107,0.22418212890625,0
185.30000000000788,0.7258896527820439,0.20318603515625,0
185.3500000000079,0.706911080901621,0.10638427734375,0
185.4000000000079,0.69109543439387,0.11895751953125,0
185.45000000000792,0.67105588281493,0.09228515625,0
185.50000000000793,0.6479453721934124,0.096923828125,0
185.55000000000794,0.6284487600297614,0.1192626953125,0
185.60000000000795,0.5949552299073452,0.09210205078125,0
185.65000000000796,0.5567152262708418,0.1129150390625,0
185.70000000000798,0.5116092906691717,0.08636474609375,0
185.750000000008,0.4846159814313542,0.11920166015625,0
185.800000000008,0.4934428375359968,0.11456298828125,0
185.850000000008,0.43290143594922037,0.09686279296875,0
185.90000000000802,0.41604261423858063,0.10797119140625,0
185.95000000000803,0.3859930911322301,0.124267578125,0
186.00000000000804,0.7569310394450546,0.16265869140625,0
186.05000000000805,0.7456273008582206,0.1505126953125,0
186.10000000000807,0.7323277140203143,0.14373779296875,0
186.15000000000808,0.7204748584288398,0.15118408203125,0
186.2000000000081,0.7066946243569915,0.13336181640625,0
186.2500000000081,0.6939708714295711,0.14971923828125,0
186.3000000000081,0.669269161295756,0.14984130859375,0
186.35000000000812,0.6389943589454589,0.10345458984375,0
186.40000000000813,0.6074300297719181,0.09246826171875,0
186.45000000000815,0.5751836158797341,0.13232421875,0
186.50000000000816,0.5519012532373666,0.12017822265625,0
186.55000000000817,0.5271246734438808,0.11444091796875,0
186.60000000000818,0.5061362896618544,0.12506103515625,0
186.6500000000082,0.4778916523322068,0.10302734375,0
186.7000000000082,0.44146123691467193,0.08563232421875,0
186.7500000000082,0.3971891234571742,0.114990234375,0
186.80000000000823,0.35138669240673115,0.1317138671875,0
186.85000000000824,0.33072690516108355,0.12017822265625,0
186.90000000000825,0.31858527810085707,0.11383056640625,0
186.95000000000826,0.3115791976325101,0.09710693359375,0
187.00000000000827,0.6362835330045173,0.14910888671875,0
187.05000000000828,0.6161828848087607,0.1510009765625,0
187.1000000000083,0.5765629988462018,0.15673828125,0
187.1500000000083,0.5469812348190839,0.1632080078125,0
187.20000000000832,0.525855342226549,0.1209716796875,0
187.25000000000833,0.5221681115347783,0.1390380859375,0
187.30000000000834,0.5133362900936317,0.16827392578125,0
187.35000000000835,0.4854341678283163,0.1114501953125,0
187.40000000000836,0.4549008122246318,0.09600830078125,0
187.45000000000837,0.40587225133249777,0.12530517578125,0
187.50000000000838,0.3531761022310834,0.1199951171875,0
187.5500000000084,0.335602438902315,0.08612060546875,0
187.6000000000084,0.3050371145276652,0.11395263671875,0
187.65000000000842,0.25586497948836984,0.114013671875,0
187.70000000000843,0.21414019057014186,0.13665771484375,0
187.75000000000844,0.15310463552724368,0.09613037109375,0
187.80000000000845,0.10032200915045449,0.095947265625,0
187.85000000000846,0.08630558120704077,0.1131591796875,0
187.90000000000848,0.08029130646955589,0.13201904296875,0
187.9500000000085,0.0635836200717537,0.09088134765625,0
188.0000000000085,0.5077114168938972,0.17303466796875,0
188.0500000000085,0.5013825254975163,0.16754150390625,0
188.10000000000852,0.4687074221614742,0.1861572265625,0
188.15000000000853,0.4525540902172276,0.16693115234375,0
188.20000000000854,0.4404801458625055,0.149169921875,0
188.25000000000855,0.40746475768948276,0.1319580078125,0
188.30000000000857,0.365121172822934,0.16143798828125,0
188.35000000000858,0.718142673512421,0.07861328125,0
188.4000000000086,0.7079546793888593,0.11126708984375,0
188.4500000000086,0.7044803151644164,0.10498046875,0
188.5000000000086,0.7089100265455492,0.1182861328125,0
188.55000000000862,0.7359668474249303,0.1058349609375,0
188.60000000000863,0.7235945746311838,0.08233642578125,0
188.65000000000865,0.7110504975604091,0.116455078125,0
188.70000000000866,0.6930802721535083,0.0997314453125,0
188.75000000000867,0.6953784937045638,0.11798095703125,0
188.80000000000868,0.6977364407234671,0.09344482421875,0
188.8500000000087,0.673777008803976,0.076416015625,0
188.9000000000087,0.6550384929660709,0.093994140625,0
188.9500000000087,0.6084814786033507,0.099609375,0
189.00000000000873,0.6766071441824459,0.1630859375,0
189.05000000000874,0.6940819993055247,0.1429443359375,0
189.10000000000875,0.6409632664498566,0.10699462890625,0
189.15000000000876,0.6113733827802924,0.15582275390625,0
189.20000000000877,0.5859175445917593,0.10711669921875,0
189.25000000000878,0.5901295951997496,0.12457275390625,0
189.3000000000088,0.5586404969362316,0.1422119140625,0
189.3500000000088,0.572087586609641,0.08038330078125,0
189.40000000000882,0.5654014253927364,0.09210205078125,0
189.45000000000883,0.5521580516112767,0.0989990234375,0
189.50000000000884,0.5402499570893645,0.09051513671875,0
189.55000000000885,0.5229547252293413,0.11016845703125,0
189.60000000000886,0.5062850703431884,0.1048583984375,0
189.65000000000887,0.4884655271951001,0.080322265625,0
189.70000000000888,0.48773240510929133,0.06732177734375,0
189.7500000000089,0.465866531610652,0.09814453125,0
189.8000000000089,0.4507136378997226,0.09814453125,0
189.85000000000892,0.4395764242716501,0.1046142578125,0
189.90000000000893,0.4151403095901494,0.11737060546875,0
189.95000000000894,0.40496539921240354,0.07421875,0
190.00000000000895,0.8913652490796716,0.23419189453125,0
190.05000000000896,0.8910878981793525,0.239501953125,0
190.10000000000898,0.891183192532297,0.23358154296875,0
190.150000000009,0.891302424476741,0.21441650390625,0
190.200000000009,0.8910703574527359,0.20001220703125,0
190.250000000009,0.887586741298906,0.2132568359375,0
190.30000000000902,0.8828851918198081,0.2396240234375,0
190.35000000000903,0.8794807964008324,0.07098388671875,0
190.40000000000904,0.8725895940565283,0.081298828125,0
190.45000000000906,0.8705839842369633,0.09979248046875,0
190.50000000000907,0.8689864379763756,0.05609130859375,0
190.55000000000908,0.8660520605512304,0.08111572265625,0
190.6000000000091,0.9999998506182916,0.081298828125,0
190.6500000000091,0.9999998457445133,0.0748291015625,0
190.7000000000091,0.8386497212099082,0.08758544921875,0
190.75000000000912,0.8240746153579899,0.1007080078125,0
190.80000000000913,0.8208160550578931,0.087890625,0
190.85000000000915,0.8176074111598851,0.087646484375,0
190.90000000000916,0.8120890479860038,0.0745849609375,0
190.95000000000917,0.7977013793746015,0.08782958984375,0
191.00000000000918,0.8538398952548947,0.13177490234375,0
191.0500000000092,0.9999998164005514,0.11358642578125,0
191.1000000000092,0.9999998026139748,0.114501953125,0
191.15000000000921,0.8330207782357744,0.1204833984375,0
191.20000000000923,0.8271978826172021,0.1268310546875,0
191.25000000000924,0.8277270635612684,0.1197509765625,0
191.30000000000925,0.9999998057191019,0.14556884765625,0
191.35000000000926,0.99999974422588,0.0828857421875,0
191.40000000000927,0.9999997127333637,0.09979248046875,0
191.45000000000928,0.9999996742028723,0.0870361328125,0
191.5000000000093,0.7444847305273143,0.06298828125,0
191.5500000000093,0.7389414126674891,0.07501220703125,0
191.60000000000932,0.731741806576281,0.08782958984375,0
191.65000000000933,0.7175379978263392,0.08758544921875,0
191.70000000000934,0.6912925414292149,0.07513427734375,0
191.75000000000935,0.6670745811952522,0.09381103515625,0
191.80000000000936,0.6400409200656524,0.0821533203125,0
191.85000000000937,0.6328322642475557,0.06927490234375,0
191.90000000000938,0.6314289094626839,0.07464599609375,0
191.9500000000094,0.6214745967681399,0.0748291015625,0
192.0000000000094,0.8641119018940064,0.15966796875,0
192.05000000000942,0.8639519982127329,0.1431884765625,0
192.10000000000943,0.8632630879047299,0.15362548828125,0
192.15000000000944,0.8582613142981375,0.154052734375,0
192.20000000000945,0.8582723103597375,0.1295166015625,1
192.25000000000946,0.8558496746607612,0.147216796875,1
192.30000000000948,0.8531869148582105,0.15277099609375,1
192.3500000000095,0.9999997966656156,0.1083984375,1
192.4000000000095,0.8421069193599509,0.1290283203125,1
192.4500000000095,0.83350046636416,0.09796142578125,1
192.50000000000952,0.8261015514502603,0.108642578125,1
192.55000000000953,0.8235253277763377,0.11529541015625,1
192.60000000000954,0.8181586554011935,0.0914306640625,1
192.65000000000956,0.8138429950957996,0.09716796875,1
192.70000000000957,0.8110532721629428,0.67706298828125,1
192.75000000000958,0.8044000417096748,0.67706298828125,1
192.8000000000096,0.7973727945003654,0.67706298828125,1
192.8500000000096,0.7865102262398879,0.67706298828125,1
192.9000000000096,0.781940101305883,0.67706298828125,1
192.95000000000962,0.7761807053737838,0.67706298828125,1
193.00000000000963,0.9005755698251607,0.69012451171875,0
193.05000000000965,0.9003308260079443,0.69012451171875,0
193.10000000000966,0.8973183022661426,0.69012451171875,0
193.15000000000967,0.8941553129269302,0.69012451171875,0
193.20000000000968,0.8893848648859244,0.69012451171875,1
193.2500000000097,0.8875065046875382,0.69012451171875,1
193.3000000000097,0.8844625986207941,0.69012451171875,1
193.35000000000971,0.8817980369809512,0.69012451171875,1
193.40000000000973,0.87913247335274,0.69012451171875,1
193.45000000000974,0.8763942762947324,0.69012451171875,1
193.50000000000975,0.8735772149574037,0.69012451171875,1
193.55000000000976,0.870112837139823,0.69012451171875,1
193.60000000000977,0.8672123777760542,0.69012451171875,1
193.65000000000978,0.8636060777289633,0.69012451171875,1
193.7000000000098,0.8598816728068467,0.69012451171875,1
193.7500000000098,0.8560322587506745,0.69012451171875,1
193.80000000000982,0.8520504328891908,0.69012451171875,1
193.85000000000983,0.8479277980333595,0.69012451171875,1
193.90000000000984,0.8430691704364073,0.69012451171875,1
193.95000000000985,0.8386625097781608,0.69012451171875,0
194.00000000000986,0.999999846767031,0.68255615234375,0
194.05000000000987,0.9999999999998596,0.68255615234375,0
194.10000000000989,0.9999999999998528,0.6888427734375,0
194.1500000000099,0.999999826409748,0.6888427734375,0
194.2000000000099,0.9999999999996773,0.6888427734375,1
194.25000000000992,0.9999999999996594,0.695068359375,1
194.30000000000993,0.9999999999999113,0.695068359375,1
194.35000000000994,0.9999999999999064,0.695068359375,1
194.40000000000995,0.999999999999902,0.695068359375,1
194.45000000000996,0.9999999999996932,0.695068359375,1
194.50000000000998,0.9999999999996798,0.695068359375,1
194.55000000001,0.9999999999996096,0.695068359375,0
194.60000000001,0.9999999999995898,0.695068359375,1
194.65000000001,0.9999999999997548,0.695068359375,1
194.70000000001002,0.8368183508505195,0.695068359375,1
194.75000000001003,0.8382129889031482,0.695068359375,1
194.80000000001004,0.8366528178815543,0.695068359375,1
194.85000000001006,0.8458130547618639,0.695068359375,1
194.90000000001007,0.8369648007481811,0.695068359375,0
194.95000000001008,0.8384254208911602,0.695068359375,1
195.0000000000101,0.9536228454150497,0.7333984375,1
195.0500000000101,0.9532055809759445,0.7333984375,1
195.1000000000101,0.95179587983634,0.7333984375,1
195.15000000001012,0.9503245610917059,0.7333984375,1
195.20000000001014,0.9488134157594591,0.7333984375,0
195.25000000001015,0.9472172790654411,0.7333984375,1
195.30000000001016,0.9456275881595378,0.7333984375,1
195.35000000001017,0.9437604734738771,0.7333984375,1
195.40000000001018,0.9418781262505955,0.7333984375,1
195.4500000000102,0.940405477814343,0.7333984375,1
195.5000000000102,0.9386451074233426,0.7333984375,1
195.55000000001021,0.9364473523179503,0.76116943359375,1
195.60000000001023,0.93411649725132,0.76116943359375,1
195.65000000001024,0.9319717549236052,0.76116943359375,1
195.70000000001025,0.9289837960027878,0.76116943359375,1
195.75000000001026,0.9257633869942768,0.76910400390625,1
195.80000000001027,0.922288662780018,0.76910400390625,1
195.85000000001028,0.9185189179790512,0.76910400390625,1
195.9000000000103,0.9150203502341144,0.76910400390625,0
195.9500000000103,0.9113502846423204,0.76910400390625,1
196.00000000001032,0.9390533848727886,0.75177001953125,1
196.05000000001033,0.9376057386319966,0.75177001953125,1
196.10000000001034,0.9355743014774942,0.75177001953125,1
196.15000000001035,0.9349917316394327,0.75177001953125,1
196.20000000001036,0.9327342477679529,0.75177001953125,1
196.25000000001037,0.9300238573758367,0.76617431640625,0
196.30000000001039,0.9270812722594521,0.76617431640625,1
196.3500000000104,0.9242701263153164,0.76617431640625,1
196.4000000000104,0.9204840620754816,0.76617431640625,0
196.45000000001042,0.9155690866439046,0.76617431640625,1
196.50000000001043,0.9111667775353779,0.76617431640625,1
196.55000000001044,0.9072682991942089,0.76617431640625,1
196.60000000001045,0.9033146184487147,0.76617431640625,1
196.65000000001046,0.8994061520468993,0.76617431640625,1
196.70000000001048,0.8979198840379798,0.76617431640625,0
196.7500000000105,0.8923225150732433,0.76617431640625,0
196.8000000000105,0.8898980111542617,0.76617431640625,1
196.8500000000105,0.885975542346991,0.76617431640625,1
196.90000000001052,0.882525304714959,0.76617431640625,1
196.95000000001053,0.8799799947157279,0.76617431640625,0
197.00000000001054,0.9465851821503902,0.76507568359375,0
197.05000000001056,0.9461226190489931,0.76507568359375,0
197.10000000001057,0.9435604898469543,0.76507568359375,0
197.15000000001058,0.9405716920484363,0.76507568359375,1
197.2000000000106,0.9378914712678106,0.76507568359375,1
197.2500000000106,0.9350455826014207,0.76507568359375,1
197.3000000000106,0.9321169228547673,0.79339599609375,1
197.35000000001062,0.9289171744956696,0.79339599609375,1
197.40000000001064,0.9263024716636084,0.79339599609375,1
197.45000000001065,0.9220511459392801,0.79339599609375,1
197.50000000001066,0.919321797706717,0.79339599609375,1
197.55000000001067,0.9172486773442593,0.79339599609375,1
197.60000000001068,0.9140375680192633,0.79339599609375,1
197.6500000000107,0.9111581582816749,0.79339599609375,1
197.7000000000107,0.9081074278135975,0.79339599609375,1
197.75000000001071,0.9056436393114573,0.79339599609375,1
197.80000000001073,0.9004274823339706,0.79339599609375,0
197.85000000001074,0.8944713820940468,0.79339599609375,0
197.90000000001075,0.8892978019166514,0.79339599609375,0
197.95000000001076,0.8835098970492684,0.79339599609375,0
198.00000000001077,0.896513128226179,0.74688720703125,0
198.05000000001078,0.8926651436556653,0.74688720703125,0
198.1000000000108,0.8904685586172784,0.74688720703125,0
198.1500000000108,0.8850216201936849,0.74688720703125,0
198.20000000001082,0.8799700092611811,0.74688720703125,0
198.25000000001083,0.8760819039630536,0.74688720703125,0
198.30000000001084,0.8731979547329191,0.74176025390625,0
198.35000000001085,0.8690061359876958,0.7418212890625,0
198.40000000001086,0.864400483735715,0.741455078125,0
198.45000000001087,0.8609250270774431,0.741455078125,0
198.50000000001089,0.8561568819164656,0.20916748046875,0
198.5500000000109,0.8359548535450425,0.23876953125,0
198.6000000000109,0.8085421307537013,0.2197265625,0
198.65000000001092,0.7867966070943653,0.22576904296875,0
198.70000000001093,0.7601617380412197,0.2310791015625,0
198.75000000001094,0.7100755532171448,0.19671630859375,0
198.80000000001095,0.6593108320559765,0.19683837890625,0
198.85000000001097,0.616625398705771,0.2021484375,0
198.90000000001098,0.5694262739902157,0.236572265625,0
198.950000000011,0.5079474013918125,0.2025146484375,0
199.000000000011,0.8163707538473685,0.2774658203125,0
199.050000000011,0.8065158300264643,0.245361328125,0
199.10000000001102,0.7925175661044995,0.256591796875,0
199.15000000001103,0.7823671550249943,0.245849609375,0
199.20000000001104,0.7624610137447567,0.245849609375,0
199.25000000001106,0.739640068626308,0.245849609375,1
199.30000000001107,0.7137228710441249,0.245849609375,1
199.35000000001108,0.6911936253451274,0.245849609375,1
199.4000000000111,0.6672274379739772,0.245849609375,1
199.4500000000111,0.6303224591552351,0.245849609375,1
199.5000000000111,0.6019049192613998,0.245849609375,1
199.55000000001112,0.5590138230902804,0.245849609375,1
199.60000000001114,0.5351632945396259,0.245849609375,1
199.65000000001115,0.515392355623993,0.245849609375,1
199.70000000001116,0.4988900063076902,0.245849609375,1
199.75000000001117,0.49861131179017665,0.245849609375,0
199.80000000001118,0.5111785043906222,0.25054931640625,0
199.8500000000112,0.44994369504909376,0.25054931640625,0
199.9000000000112,0.39113736596505005,0.25006103515625,0
199.95000000001122,0.3155477678187754,0.68243408203125,0
200.00000000001123,0.6399473372821207,0.69317626953125,0
200.05000000001124,0.6709087322979524,0.69317626953125,0
200.10000000001125,0.6510713959542316,0.6883544921875,0
200.15000000001126,0.630767595119095,0.688232421875,0
200.20000000001127,0.6215898810578291,0.687744140625,0
200.25000000001128,0.5880548093605825,0.24420166015625,0
200.3000000000113,0.5022424290296658,0.2447509765625,0
200.3500000000113,0.45583622149283254,0.21734619140625,0
200.40000000001132,0.44878425624420376,0.17724609375,0
200.45000000001133,0.34026887201057,0.199462890625,0
200.50000000001134,0.9999999999988471,0.19366455078125,0
200.55000000001135,0.9999999999986495,0.20550537109375,0
200.60000000001136,0.20194501330027015,0.19390869140625,0
200.65000000001137,0.15310147251774142,0.19384765625,0
200.70000000001139,0.09431556451728267,0.20538330078125,0
200.7500000000114,0.07470724385145913,0.20465087890625,0
200.8000000000114,0.17861772507719573,0.18212890625,0
200.85000000001142,0.14337454331044844,0.17193603515625,0
200.90000000001143,0.42132431751008226,0.19952392578125,0
200.95000000001144,0.429522865643013,0.193603515625,0
201.00000000001145,0.5336417541586329,0.24139404296875,0
201.05000000001147,0.531469918182068,0.21636962890625,0
201.10000000001148,0.5202474065302746,0.23272705078125,0
201.1500000000115,0.5228403207998383,0.216064453125,0
201.2000000000115,0.530592341891182,0.21600341796875,0
201.2500000000115,0.5431628943733168,0.2037353515625,0
201.30000000001152,0.5459546891971567,0.216064453125,0
201.35000000001153,0.5536216270794009,0.18109130859375,0
201.40000000001154,0.5577906580632743,0.1583251953125,0
201.45000000001156,0.5318222536194469,0.17340087890625,0
201.50000000001157,0.5043437111688611,0.161865234375,0
201.55000000001158,0.4636781305134923,0.16162109375,0
201.6000000000116,0.42531108515693505,0.16717529296875,0
201.6500000000116,0.3914105196857477,0.1737060546875,0
201.7000000000116,0.35795761995414893,0.16192626953125,0
201.75000000001162,0.32104708168540735,0.18023681640625,0
201.80000000001164,0.2758912279901549,0.16748046875,0
201.85000000001165,0.2512469396408587,0.156005859375,0
201.90000000001166,0.2609660515187021,0.18548583984375,0
201.95000000001167,0.2688497361152874,0.14990234375,0
202.00000000001168,0.5754815434918805,0.24725341796875,0
202.0500000000117,0.5758228966980381,0.2080078125,0
202.1000000000117,0.570731098327258,0.22906494140625,0
202.15000000001172,0.5646058368366191,0.2431640625,0
202.20000000001173,0.5661761804761372,0.24249267578125,0
202.25000000001174,0.5630031050051812,0.196533203125,0
202.30000000001175,0.5566082024344846,0.19488525390625,0
202.35000000001176,0.548975905755842,0.25347900390625,0
202.40000000001177,0.5408353302567968,0.1343994140625,0
202.45000000001178,0.5456969252025435,0.14666748046875,0
202.5000000000118,0.5167018445257854,0.16412353515625,0
202.5500000000118,0.4826686330197703,0.14593505859375,0
202.60000000001182,0.4499122005488996,0.15264892578125,0
202.65000000001183,0.43536498685320774,0.12225341796875,0
202.70000000001184,0.41278681830170494,0.1446533203125,0
202.75000000001185,0.3956896201952151,0.13360595703125,0
202.80000000001186,0.3809625723223801,0.15838623046875,0
202.85000000001187,0.38113375146049794,0.123046875,0
202.9000000000119,0.3314730624626388,0.1173095703125,0
202.9500000000119,0.2852231379712031,0.1513671875,0
203.0000000000119,0.6629677635564382,0.26666259765625,0
203.05000000001192,0.6703847478240937,0.210693359375,0
203.10000000001193,0.6688208098231861,0.192138671875,0
203.15000000001194,0.6571985001763756,0.18609619140625,0
203.20000000001195,0.6443965944992093,0.1798095703125,0
203.25000000001197,0.6285648797135183,0.22772216796875,0
203.30000000001198,0.6078350561020733,0.20965576171875,0
203.350000000012,0.6042500686428941,0.16815185546875,0
203.400000000012,0.5966557006399692,0.12396240234375,0
203.450000000012,0.5946751038204817,0.10516357421875,0
203.50000000001202,0.5803181960348238,0.11334228515625,0
203.55000000001203,0.5475696461185499,0.1116943359375,0
203.60000000001205,0.5298385042686323,0.10577392578125,0
203.65000000001206,0.4993518866573266,0.12396240234375,0
203.70000000001207,0.4958495744853165,0.11163330078125,0
203.75000000001208,0.49113452037528527,0.12347412109375,0
203.8000000000121,0.48321761282243636,0.10675048828125,0
203.8500000000121,0.468422766512316,0.12359619140625,0
203.9000000000121,0.4412258634830745,0.09307861328125,0
203.95000000001212,0.3855148500306271,0.105712890625,0
204.00000000001214,0.7891867393626207,0.150146484375,0
204.05000000001215,0.7931383485716326,0.15301513671875,0
204.10000000001216,0.791065553891874,0.17205810546875,0
204.15000000001217,0.7908921779423878,0.17205810546875,0
204.20000000001218,0.7869141712847353,0.152587890625,0
204.2500000000122,0.7803103746280948,0.171142578125,0
204.3000000000122,0.7690552949352472,0.1719970703125,0
204.35000000001222,0.7591222448095407,0.10888671875,0
204.40000000001223,0.7571555292952089,0.10015869140625,0
204.45000000001224,0.7548410364486876,0.10638427734375,0
204.50000000001225,0.7521114599795662,0.1387939453125,0
204.55000000001226,0.7471466714980572,0.08111572265625,0
204.60000000001227,0.7335428457011655,0.11328125,0
204.65000000001228,0.7295737805616272,0.0806884765625,0
204.7000000000123,0.7176189538743295,0.11785888671875,0
204.7500000000123,0.7132025072726585,0.08135986328125,0
204.80000000001232,0.707919635259387,0.1009521484375,0
204.85000000001233,0.7023209529074608,0.0806884765625,0
204.90000000001234,0.6977071190125185,0.11981201171875,0
204.95000000001235,0.6806645618273272,0.1312255859375,0
205.00000000001236,0.762617513245425,0.15655517578125,0
205.05000000001237,0.7572219479871654,0.1488037109375,0
205.1000000000124,0.7535987435731082,0.161376953125,0
205.1500000000124,0.7502420131855881,0.155029296875,0
205.2000000000124,0.7454980204913176,0.1546630859375,1
205.25000000001242,0.7392721519476071,0.1484375,1
205.30000000001243,0.7309118444557753,0.17242431640625,1
205.35000000001244,0.7235975768147073,0.1201171875,1
205.40000000001245,0.7139567791538313,0.1123046875,1
205.45000000001247,0.7105931755143515,0.11273193359375,1
205.50000000001248,0.7079566504599039,0.09417724609375,1
205.5500000000125,0.7045770788622873,0.09417724609375,1
205.6000000000125,0.6997246347606554,0.09417724609375,1
205.6500000000125,0.6927261656716652,0.09393310546875,1
205.70000000001252,0.6835852972577721,0.5142822265625,1
205.75000000001253,0.6714450485774915,0.52020263671875,1
205.80000000001255,0.66633063640952,0.53204345703125,0
205.85000000001256,0.660612282988266,0.53204345703125,0
205.90000000001257,0.6548596722140323,0.53204345703125,0
205.95000000001258,0.6464487311534779,0.69757080078125,0
206.0000000000126,0.7622261453933735,0.67462158203125,0
206.0500000000126,0.7594165847016026,0.67462158203125,0
206.1000000000126,0.7556869073107811,0.67462158203125,0
206.15000000001262,0.7528993105205766,0.6796875,0
206.20000000001264,0.7472195105978277,0.6796875,0
206.25000000001265,0.7413904767970365,0.6796875,1
206.30000000001266,0.7364489112158318,0.6796875,1
206.35000000001267,0.7314157772299597,0.6796875,1
206.40000000001268,0.7262786615074114,0.6796875,1
206.4500000000127,0.7197844125100944,0.6796875,1
206.5000000000127,0.7152042140391677,0.6796875,1
206.55000000001272,0.710369762818688,0.6796875,1
206.60000000001273,0.705306662091458,0.6796875,1
206.65000000001274,0.6989816638697788,0.6796875,1
206.70000000001275,0.6930000881323202,0.6796875,1
206.75000000001276,0.6868967691563872,0.6796875,0
206.80000000001277,0.6810793576988783,0.6796875,0
206.85000000001278,0.6758408790132817,0.6796875,1
206.9000000000128,0.6701445671471775,0.685546875,1
206.9500000000128,0.6655862782780069,0.685546875,1
207.00000000001282,0.8528795907447834,0.716552734375,1
207.05000000001283,0.8524158040575486,0.716552734375,0
207.10000000001284,0.8498619278501838,0.716552734375,0
207.15000000001285,0.847487661107585,0.716552734375,1
207.20000000001286,0.8444376404554648,0.716552734375,1
207.25000000001288,0.8416883150218912,0.7344970703125,1
207.3000000000129,0.8408703494955055,0.7344970703125,1
207.3500000000129,0.8380833921257732,0.7344970703125,1
207.4000000000129,0.8351923326120168,0.7344970703125,1
207.45000000001292,0.8322285605156943,0.7344970703125,1
207.50000000001293,0.8294787339348805,0.7344970703125,1
207.55000000001294,0.8260317891850341,0.7344970703125,1
207.60000000001295,0.8220705160368591,0.7344970703125,1
207.65000000001297,0.8181081536947278,0.7344970703125,1
207.70000000001298,0.8146971364254474,0.7344970703125,1
207.750000000013,0.8112913049348277,0.7344970703125,0
207.800000000013,0.8078755740820349,0.7344970703125,0
207.850000000013,0.805081547305215,0.7344970703125,0
207.90000000001302,0.8015154045102022,0.7344970703125,0
207.95000000001303,0.7988322695585613,0.7344970703125,0
208.00000000001305,0.8594784361800187,0.7537841796875,0
208.05000000001306,0.8585955049748467,0.7537841796875,0
208.10000000001307,0.8557693836177633,0.7537841796875,0
208.15000000001308,0.8529151899700407,0.7564697265625,0
208.2000000000131,0.8503105254587834,0.7564697265625,0
208.2500000000131,0.8465137435291302,0.7564697265625,0
208.3000000000131,0.8426237612168711,0.7564697265625,0
208.35000000001313,0.839171609507447,0.7564697265625,0
208.40000000001314,0.836191042308627,0.7564697265625,0
208.45000000001315,0.83236429639261,0.7564697265625,1
208.50000000001316,0.8287305335373122,0.7564697265625,1
208.55000000001317,0.825988244237407,0.7564697265625,1
208.60000000001318,0.8216436019866222,0.7564697265625,1
208.6500000000132,0.8171604940644243,0.7564697265625,1
208.7000000000132,0.8125451526932875,0.7564697265625,1
208.75000000001322,0.807862161378547,0.7564697265625,1
208.80000000001323,0.8039092274120203,0.7564697265625,1
208.85000000001324,0.7999115039388573,0.7564697265625,1
208.90000000001325,0.7964683215243674,0.7564697265625,1
208.95000000001326,0.791211734885885,0.7564697265625,1
209.00000000001327,0.823411674672302,0.737548828125,1
209.05000000001328,0.8200148833465335,0.737548828125,1
209.1000000000133,0.815568237865556,0.737548828125,1
209.1500000000133,0.8111081802625054,0.737548828125,1
209.20000000001332,0.8066703618666154,0.737548828125,1
209.25000000001333,0.8028364637755091,0.737548828125,1
209.30000000001334,0.7977584434710665,0.737548828125,1
209.35000000001335,0.7934064888510928,0.737548828125,1
209.40000000001336,0.7898606524413223,0.737548828125,1
209.45000000001338,0.7871047182881817,0.737548828125,1
209.5000000000134,0.7845269745246918,0.737548828125,1
209.5500000000134,0.781612367097984,0.737548828125,1
209.6000000000134,0.778751062169575,0.737548828125,1
209.65000000001342,0.775178782472807,0.737548828125,1
209.70000000001343,0.7717441326208734,0.737548828125,1
209.75000000001344,0.7682084179584208,0.737548828125,1
209.80000000001345,0.7645656133404174,0.737548828125,1
209.85000000001347,0.760652555328011,0.737548828125,1
209.90000000001348,0.7565294083064162,0.737548828125,1
209.9500000000135,0.7527431199918972,0.737548828125,1
210.0000000000135,0.8636422724620548,0.742919921875,0
210.0500000000135,0.8622788479730197,0.742919921875,0
210.10000000001352,0.8589559032577396,0.742919921875,0
210.15000000001353,0.8557814483065502,0.76165771484375,0
210.20000000001355,0.852621315082531,0.77264404296875,1
210.25000000001356,0.8494070956882058,0.77264404296875,1
210.30000000001357,0.8468484539977477,0.77264404296875,1
210.35000000001358,0.8425933403394813,0.77264404296875,1
210.4000000000136,0.8390242459408751,0.77264404296875,1
210.4500000000136,0.8354447843356783,0.77264404296875,1
210.5000000000136,0.8318848072622268,0.77264404296875,0
210.55000000001363,0.8283367008637966,0.77264404296875,0
210.60000000001364,0.82491745405342,0.77264404296875,1
210.65000000001365,0.8223209856871391,0.77264404296875,1
210.70000000001366,0.8178738947400134,0.77264404296875,1
210.75000000001367,0.8151929920458649,0.77264404296875,1
210.80000000001368,0.8124773044818809,0.77264404296875,1
210.8500000000137,0.8097040217615217,0.77264404296875,1
210.9000000000137,0.8056658271015987,0.77264404296875,1
210.95000000001372,0.8016366080195059,0.77264404296875,1
211.00000000001373,0.8618191033750227,0.78778076171875,1
211.05000000001374,0.8583335111226681,0.78778076171875,1
211.10000000001375,0.8526945891209811,0.78778076171875,1
211.15000000001376,0.8484608475666824,0.78778076171875,1
211.20000000001377,0.8457567142601672,0.78778076171875,0
211.25000000001378,0.8413835659705992,0.78778076171875,1
211.3000000000138,0.8370076201127331,0.78778076171875,1
211.3500000000138,0.8342711340100407,0.78778076171875,1
211.40000000001382,0.8285894434290193,0.78778076171875,0
211.45000000001383,0.8234031123205133,0.78778076171875,0
211.50000000001384,0.8192470017137939,0.78778076171875,0
211.55000000001385,0.8168364096635556,0.78778076171875,0
211.60000000001386,0.8165794392407636,0.78778076171875,0
211.65000000001388,0.8168580490931754,0.78778076171875,0
211.7000000000139,0.8171139102913894,0.78778076171875,0
211.7500000000139,0.8173276244816472,0.78778076171875,0
211.8000000000139,0.8183840640261123,0.78778076171875,0
211.85000000001392,0.8189142493628861,0.78778076171875,0
211.90000000001393,0.8197758139906723,0.78778076171875,0
211.95000000001394,0.8207215335935116,0.78778076171875,1
212.00000000001396,0.8388979659328712,0.75823974609375,1
212.05000000001397,0.839609182130604,0.75823974609375,1
212.10000000001398,0.8385162805081328,0.75823974609375,1
212.150000000014,0.8376837868285195,0.75823974609375,1
212.200000000014,0.8378197476173905,0.75823974609375,1
212.250000000014,0.8369994758145322,0.75823974609375,0
212.30000000001402,0.8364139655334255,0.75823974609375,1
212.35000000001403,0.8358334197403208,0.75823974609375,1
212.40000000001405,0.8354439449183296,0.7608642578125,0
212.45000000001406,0.834670286310096,0.7608642578125,0
212.50000000001407,0.8340874020639478,0.7608642578125,0
212.55000000001408,0.8335113332147172,0.7608642578125,0
212.6000000000141,0.8329475536305695,0.7608642578125,0
212.6500000000141,0.8323669906430997,0.7608642578125,0
212.70000000001411,0.8312465259569989,0.7608642578125,0
212.75000000001413,0.8305172240340549,0.7608642578125,0
212.80000000001414,0.8292788624709181,0.7608642578125,0
212.85000000001415,0.8291404141763764,0.7608642578125,0
212.90000000001416,0.8285855960475115,0.7608642578125,0
212.95000000001417,0.8280858009503844,0.7554931640625,0
213.00000000001418,0.839988158628412,0.73321533203125,0
213.0500000000142,0.8391420029118372,0.7376708984375,0
213.1000000000142,0.8388980038350422,0.2969970703125,0
213.15000000001422,0.8365429993248096,0.2916259765625,0
213.20000000001423,0.8302422508431939,0.29541015625,0
213.25000000001424,0.8206537893346807,0.2845458984375,0
213.30000000001425,0.8098602466167824,0.31927490234375,0
213.35000000001426,0.7980025306689971,0.22265625,0
213.40000000001427,0.7778271219651113,0.21514892578125,0
213.45000000001428,0.9160682055452345,0.209716796875,0
213.5000000000143,0.9088474249532315,0.20361328125,0
213.5500000000143,0.8997263460372377,0.232666015625,0
213.60000000001432,0.8893686111490754,0.21026611328125,0
213.65000000001433,0.8766037003859258,0.203369140625,0
213.70000000001434,0.8593759927055324,0.2437744140625,0
213.75000000001435,0.8386599089993532,0.23114013671875,0
213.80000000001436,0.8068013482878517,0.21588134765625,0
213.85000000001438,0.7984058693257091,0.19793701171875,0
213.9000000000144,0.7943979303168431,0.220458984375,0
213.9500000000144,0.7942730950526856,0.24261474609375,0
214.0000000000144,0.7824581813429073,0.25946044921875,0
214.05000000001442,0.7418763506105389,0.22607421875,0
214.10000000001443,0.7297562610428162,0.25543212890625,0
214.15000000001444,0.7192869720915959,0.24359130859375,0
214.20000000001446,0.7125478373946645,0.23748779296875,0
214.25000000001447,0.7064297534164752,0.22003173828125,0
214.30000000001448,0.7053148221680299,0.2550048828125,0
214.3500000000145,0.7028348771821833,0.20379638671875,0
214.4000000000145,0.7012232768461519,0.2078857421875,0
214.4500000000145,0.6836531544442355,0.214111328125,0
214.50000000001452,0.6723557190201614,0.218994140625,0
214.55000000001453,0.6592926396382092,0.20770263671875,0
214.60000000001455,0.6436122791659269,0.19085693359375,0
214.65000000001456,0.6262685776316651,0.20855712890625,0
214.70000000001457,0.6163873028628077,0.20770263671875,0
214.75000000001458,0.5919169518818548,0.18524169921875,0
214.8000000000146,0.5650785360593403,0.185302734375,0
214.8500000000146,0.5349273114874775,0.18658447265625,0
214.90000000001461,0.5186984563937292,0.22564697265625,0
214.95000000001463,0.5055107704258011,0.20257568359375,0
215.00000000001464,0.8263840228539323,0.261474609375,0
215.05000000001465,0.8277859418784055,0.22613525390625,0
215.10000000001466,0.8163329418082615,0.25970458984375,0
215.15000000001467,0.794739670948353,0.232421875,0
215.20000000001468,0.7751439593337107,0.2388916015625,0
215.2500000000147,0.7745304248492174,0.2431640625,0
215.3000000000147,0.7748062867972986,0.2490234375,0
215.35000000001472,0.7743053963346569,0.19110107421875,0
215.40000000001473,0.7668315179870856,0.17718505859375,0
215.45000000001474,0.7540036971272294,0.15533447265625,0
215.50000000001475,0.7344556622100914,0.159423828125,0
215.55000000001476,0.7333389436513749,0.17169189453125,0
215.60000000001477,0.7282969424409305,0.1832275390625,0
215.65000000001478,0.7263890524886362,0.1649169921875,0
215.7000000000148,0.708039605241449,0.17132568359375,0
215.7500000000148,0.6837832538040275,0.15380859375,0
215.80000000001482,0.6483775493376398,0.177001953125,0
215.85000000001483,0.6053824774724347,0.154296875,0
215.90000000001484,0.6013506189492386,0.1895751953125,0
215.95000000001485,0.5989104190554935,0.16009521484375,0
216.00000000001486,0.8734124190709108,0.236572265625,0
216.05000000001488,0.8755160855252013,0.17034912109375,0
216.1000000000149,0.8677985102030951,0.2059326171875,0
216.1500000000149,0.8584119176952926,0.1993408203125,0
216.2000000000149,0.8497241782099731,0.22845458984375,0
216.25000000001492,0.8485785542529535,0.2109375,0
216.30000000001493,0.8476713581108481,0.17474365234375,0
216.35000000001494,0.8453808509301426,0.17486572265625,0
216.40000000001496,0.9999998217354648,0.17437744140625,0
216.45000000001497,0.9999998010385127,0.16229248046875,0
216.50000000001498,0.9999997792105147,0.15008544921875,0
216.550000000015,0.9999997615894645,0.14959716796875,0
216.600000000015,0.9999997555927423,0.1552734375,0
216.650000000015,0.8245080193937383,0.1617431640625,0
216.70000000001502,0.8091085324579238,0.16241455078125,0
216.75000000001504,0.9999997259240588,0.143798828125,0
216.80000000001505,0.7953328969857876,0.16168212890625,0
216.85000000001506,0.7837910857263012,0.1435546875,0
216.90000000001507,0.9999995867271717,0.12567138671875,0
216.95000000001508,0.7631760747969767,0.14996337890625,0
217.0000000000151,0.9201606703640943,0.23931884765625,0
217.0500000000151,0.9208914684426237,0.228515625,0
217.10000000001511,0.9999999211719557,0.233154296875,0
217.15000000001513,0.9163499487864734,0.23284912109375,0
217.20000000001514,0.999999913724386,0.24432373046875,1
217.25000000001515,0.9999999093406929,0.24407958984375,1
217.30000000001516,0.9999806321896856,0.243896484375,1
217.35000000001517,0.9068624912255223,0.2279052734375,1
217.40000000001518,0.9053548694283501,0.20440673828125,1
217.4500000000152,0.9999999001814439,0.194091796875,1
217.5000000000152,0.8987429746632282,0.16748046875,1
217.55000000001522,0.8942392369902988,0.166748046875,1
217.60000000001523,0.8895925691225121,0.16131591796875,1
217.65000000001524,0.888244906049058,0.17327880859375,1
217.70000000001525,0.8852372038029559,0.1546630859375,1
217.75000000001526,0.8822709632290584,0.17779541015625,1
217.80000000001527,0.8800463141925248,0.16082763671875,1
217.85000000001529,0.9999998716875272,0.12939453125,1
217.9000000000153,0.8655313769803606,0.13592529296875,1
217.9500000000153,0.8582871360844492,0.142333984375,1
218.00000000001532,0.9489880203336768,0.21722412109375,1
218.05000000001533,0.9488978059971873,0.23968505859375,1
218.10000000001534,0.947323695062365,0.1884765625,1
218.15000000001535,0.9461469352864647,0.18341064453125,1
218.20000000001536,0.9999999999998995,0.2113037109375,1
218.25000000001538,0.942018587900885,0.1990966796875,1
218.3000000000154,0.939704078408756,0.199462890625,1
218.3500000000154,0.9379588324170635,0.19927978515625,1
218.4000000000154,0.9366474246969125,0.1761474609375,1
218.45000000001542,0.934054050645506,0.1763916015625,1
218.50000000001543,0.9322531690938395,0.18243408203125,1
218.55000000001544,0.9999999261143054,0.17022705078125,1
218.60000000001546,0.9257522166688785,0.1878662109375,1
218.65000000001547,0.9219501171919978,0.15924072265625,1
218.70000000001548,0.9190174899232706,0.64227294921875,1
218.7500000000155,0.9160606785598985,0.68115234375,1
218.8000000000155,0.9125588958755864,0.70947265625,1
218.8500000000155,0.9083832125646503,0.70947265625,1
218.90000000001552,0.9031638160769148,0.70947265625,1
218.95000000001554,0.8980497461544056,0.70947265625,1
219.00000000001555,0.9314560946370245,0.707275390625,0
219.05000000001556,0.9302931665987895,0.707275390625,0
219.10000000001557,0.9284193763938174,0.707275390625,0
219.15000000001558,0.9269334729199675,0.707275390625,0
219.2000000000156,0.9250126868749227,0.707275390625,1
219.2500000000156,0.9220423741052183,0.707275390625,1
219.30000000001561,0.9192879938741639,0.707275390625,1
219.35000000001563,0.9167881714330794,0.707275390625,1
219.40000000001564,0.9140849138314935,0.707275390625,1
219.45000000001565,0.9114309310461433,0.707275390625,1
219.50000000001566,0.9085826309878552,0.707275390625,1
219.55000000001567,0.9052929499740079,0.707275390625,1
219.60000000001568,0.9021205054648531,0.707275390625,1
219.6500000000157,0.9999999999999257,0.707275390625,1
219.7000000000157,0.9999999999999605,0.707275390625,1
219.75000000001572,0.9999999364841002,0.707275390625,1
219.80000000001573,0.9999999999999697,0.707275390625,1
219.85000000001574,0.9999999999999507,0.707275390625,1
219.90000000001575,0.9999999999999288,0.707275390625,1
219.95000000001576,0.9999999999999613,0.707275390625,0
220.00000000001577,0.999999999999936,0.705078125,0
220.05000000001579,0.9999999999999343,0.705078125,0
220.1000000000158,0.9999999999998961,0.710693359375,1
220.1500000000158,0.9999999999999272,0.710693359375,0
220.20000000001582,0.9999999999999235,0.710693359375,1
220.25000000001583,0.9999999999999197,0.72747802734375,1
220.30000000001584,0.9999999999999161,0.72747802734375,1
220.35000000001585,0.9999999999999122,0.72747802734375,1
220.40000000001586,0.9999999999999086,0.72747802734375,1
220.45000000001588,0.9999999999999035,0.72747802734375,1
220.5000000000159,0.9999999999998995,0.72747802734375,1
220.5500000000159,0.9999999999998941,0.72747802734375,1
220.6000000000159,0.9999999999997764,0.72747802734375,1
220.65000000001592,0.9999998668503546,0.72747802734375,1
220.70000000001593,0.9999999999997495,0.72747802734375,1
220.75000000001594,0.9999999999997364,0.72747802734375,0
220.80000000001596,0.9999999999997157,0.72747802734375,1
220.85000000001597,0.9999999999996915,0.72747802734375,1
220.90000000001598,0.9999999999996672,0.72747802734375,0
220.950000000016,0.9999999999996397,0.72747802734375,0
221.000000000016,0.9237936826229006,0.71795654296875,0
221.050000000016,0.9227517574985017,0.71795654296875,0
221.10000000001602,0.9224213705022414,0.71795654296875,0
221.15000000001604,0.9198467025028962,0.71795654296875,0
221.20000000001605,0.9174810085813575,0.71795654296875,0
221.25000000001606,0.9150147184638218,0.72637939453125,0
221.30000000001607,0.912508355415974,0.72637939453125,0
221.35000000001608,0.9100769587537226,0.72637939453125,0
221.4000000000161,0.9070574341864573,0.72637939453125,0
221.4500000000161,0.9054903484287906,0.720703125,0
221.50000000001612,0.900975052304592,0.72076416015625,0
221.55000000001613,0.8977829380793223,0.72076416015625,0
221.60000000001614,0.894667986833701,0.158935546875,0
221.65000000001615,0.8814833416624183,0.17059326171875,0
221.70000000001616,0.8668021261459391,0.1705322265625,0
221.75000000001617,0.851366147833368,0.15264892578125,0
221.80000000001618,0.8333936774055177,0.158447265625,0
221.8500000000162,0.8167434973865461,0.18145751953125,0
221.9000000000162,0.7973314737978424,0.1583251953125,0
221.95000000001622,0.7750812290684249,0.1590576171875,0
222.00000000001623,0.9999999990705181,0.2332763671875,0
222.05000000001624,0.999999999066542,0.226806640625,0
222.10000000001625,0.9571622622357655,0.23345947265625,0
222.15000000001626,0.9442278647256764,0.227783203125,0
222.20000000001627,0.935633732250667,0.2276611328125,0
222.25000000001629,0.9285368465561099,0.21630859375,1
222.3000000000163,0.9218247091476889,0.2215576171875,1
222.3500000000163,0.9158624117552826,0.21044921875,1
222.40000000001632,0.9114332205276179,0.22723388671875,1
222.45000000001633,0.9067149669364503,0.20416259765625,1
222.50000000001634,0.9014270425616987,0.21563720703125,1
222.55000000001635,0.893308338845935,0.20318603515625,1
222.60000000001637,0.8843888789635459,0.2138671875,1
222.65000000001638,0.8732329206910922,0.1895751953125,1
222.7000000000164,0.865427345104711,0.2010498046875,1
222.7500000000164,0.8566764220695768,0.2012939453125,1
222.8000000000164,0.8471365292978146,0.2197265625,1
222.85000000001642,0.8386610863749361,0.15924072265625,1
222.90000000001643,0.8236854568890366,0.15771484375,1
222.95000000001644,0.8053701220355375,0.15142822265625,1
223.00000000001646,0.9051387257124097,0.21832275390625,1
223.05000000001647,0.901452093131744,0.19921875,1
223.10000000001648,0.8958385099632868,0.211669921875,1
223.1500000000165,0.8897172732195945,0.19970703125,1
223.2000000000165,0.8833614401347041,0.19976806640625,1
223.2500000000165,0.8734053643725923,0.2288818359375,1
223.30000000001652,0.8617319948079633,0.19976806640625,1
223.35000000001654,0.8464179882610489,0.17095947265625,1
223.40000000001655,0.8332352082715211,0.18231201171875,1
223.45000000001656,0.8165925480603053,0.188232421875,1
223.50000000001657,0.8029711549422096,0.1881103515625,1
223.55000000001658,0.7859490814266781,0.17626953125,1
223.6000000000166,0.756058449882108,0.200927734375,1
223.6500000000166,0.7132547421291324,0.194580078125,1
223.70000000001662,0.6534447642214825,0.1568603515625,1
223.75000000001663,0.618724042345672,0.12579345703125,1
223.80000000001664,0.563215269194764,0.1441650390625,1
223.85000000001665,0.999999346769259,0.14410400390625,1
223.90000000001666,0.9999992487470901,0.13885498046875,1
223.95000000001667,0.42769954959154044,0.16290283203125,1
224.00000000001668,0.8280983994789086,0.22003173828125,1
224.0500000000167,0.8109887121846586,0.18035888671875,1
224.1000000000167,0.9999998022310478,0.1810302734375,1
224.15000000001672,0.999999811451618,0.18701171875,1
224.20000000001673,0.9999997591413471,0.18621826171875,1
224.25000000001674,0.9999997430649505,0.19317626953125,1
224.30000000001675,0.7208224761331288,0.199462890625,1
224.35000000001676,0.6705238599264157,0.103759765625,1
224.40000000001677,0.5968245755316839,0.1097412109375,1
224.4500000000168,0.9999993845309819,0.1517333984375,1
224.5000000000168,0.44382659200730123,0.11663818359375,1
224.5500000000168,0.4143797452545337,0.09716796875,1
224.60000000001682,0.3614359737810867,0.1343994140625,1
224.65000000001683,0.31574250650531793,0.130126953125,1
224.70000000001684,0.2602927590422128,0.12225341796875,1
224.75000000001685,0.19818727301381367,0.10986328125,1
224.80000000001687,0.09346515043297425,0.13543701171875,1
224.85000000001688,0.12318229186078711,0.1162109375,1
224.9000000000169,0.9999999999973271,0.09686279296875,1
224.9500000000169,0.9999999999973271,0.1282958984375,1
225.0000000000169,0.8155970435084318,0.23077392578125,1
225.05000000001692,0.8089470216943265,0.177490234375,1
225.10000000001693,0.7948686740633396,0.18359375,1
225.15000000001695,0.786089289552442,0.1776123046875,1
225.20000000001696,0.7715099697286799,0.18939208984375,1
225.25000000001697,0.7549424299425086,0.16339111328125,1
225.30000000001698,0.7400239570657093,0.151123046875,1
225.350000000017,0.7146132818492112,0.1055908203125,1
225.400000000017,0.6874908575671506,0.06805419921875,1
225.450000000017,0.6412103006008669,0.10736083984375,1
225.50000000001702,0.5627089971495555,0.0927734375,1
225.55000000001704,0.5186212834341603,0.105712890625,1
225.60000000001705,0.5247456380013273,0.0816650390625,1
225.65000000001706,0.47745421731328336,0.0853271484375,1
225.70000000001707,0.3548862485873449,0.1439208984375,1
225.75000000001708,0.2829918902007261,0.10565185546875,1
225.8000000000171,0.1927852784818823,0.0999755859375,1
225.8500000000171,0.16711216838426723,0.0927734375,1
225.90000000001712,0.07700314912422968,0.07403564453125,1
225.95000000001713,0.9999978855600529,0.12408447265625,1
226.00000000001714,0.5248448296613885,0.18524169921875,1
226.05000000001715,0.5095808620904175,0.10711669921875,1
226.10000000001716,0.4775666653120019,0.13262939453125,1
226.15000000001717,0.4440365817668684,0.12652587890625,1
226.20000000001718,0.43549785311633915,0.13800048828125,1
226.2500000000172,0.43879377138437403,0.1622314453125,1
226.3000000000172,0.45551344888234235,0.13153076171875,1
226.35000000001722,0.46787363213569644,0.0828857421875,1
226.40000000001723,0.4704478959808214,0.09906005859375,1
226.45000000001724,0.44835002848919375,0.060302734375,1
226.50000000001725,0.42620924082316175,0.0673828125,1
226.55000000001726,0.3959670065224682,0.10467529296875,1
226.60000000001727,0.3825192211628674,0.061279296875,1
226.6500000000173,0.3602011609535433,0.06646728515625,1
226.7000000000173,0.3340374571924406,0.0726318359375,1
226.7500000000173,0.30339946343720653,0.06671142578125,1
226.80000000001732,0.2656765190139051,0.06683349609375,1
226.85000000001733,0.2276852999584026,0.090576171875,1
226.90000000001734,0.19576349683576388,0.111083984375,1
226.95000000001735,0.17194821459412382,0.07928466796875,1
227.00000000001737,0.41813643082100804,0.15704345703125,1
227.05000000001738,0.4255758213167343,0.15789794921875,1
227.1000000000174,0.41558159799290356,0.17889404296875,1
227.1500000000174,0.41030310836884615,0.18499755859375,1
227.2000000000174,0.40487912371777046,0.1966552734375,1
227.25000000001742,0.40300598018224915,0.1427001953125,1
227.30000000001743,0.3788377580628211,0.15533447265625,1
227.35000000001745,0.3296390545125182,0.08587646484375,1
227.40000000001746,0.3037405030474968,0.07720947265625,1
227.45000000001747,0.30019361487413926,0.08203125,1
227.50000000001748,0.2962904845779835,0.0885009765625,1
227.5500000000175,0.2854929671638485,0.08807373046875,1
227.6000000000175,0.2945063117760089,0.0758056640625,1
227.6500000000175,0.2615086936961134,0.09417724609375,1
227.70000000001752,0.25030679137948914,0.0947265625,1
227.75000000001754,0.23156312268316195,0.076171875,1
227.80000000001755,0.2318209676617344,0.08197021484375,1
227.85000000001756,0.23364002026513464,0.08831787109375,1
227.90000000001757,0.2283580669934251,0.0699462890625,1
227.95000000001758,0.22847076316309134,0.10638427734375,1
228.0000000000176,0.5386164465003793,0.13848876953125,1
228.0500000000176,0.5375284266312482,0.13165283203125,1
228.10000000001762,0.5325959824874967,0.12579345703125,1
228.15000000001763,0.5298688275506519,0.13787841796875,1
228.20000000001764,0.5292531402113472,0.14910888671875,1
228.25000000001765,0.5254959587346127,0.1077880859375,1
228.30000000001766,0.4875706134893683,0.13671875,1
228.35000000001767,0.4800060067094404,0.08502197265625,1
228.40000000001768,0.45875309014130133,0.08935546875,1
228.4500000000177,0.4510139894643177,0.10125732421875,1
228.5000000000177,0.4454102447560243,0.0660400390625,1
228.55000000001772,0.4318748654592514,0.10736083984375,1
228.60000000001773,0.424626358660253,0.08355712890625,1
228.65000000001774,0.3973644623142442,0.0897216796875,1
228.70000000001775,0.3802156592986597,0.0721435546875,1
228.75000000001776,0.3608197903644528,0.07269287109375,1
228.80000000001777,0.35378599165120095,0.08990478515625,1
228.8500000000178,0.34360085966292586,0.101318359375,1
228.9000000000178,0.34535163688008363,0.10150146484375,1
228.9500000000178,0.3305959763928544,0.1075439453125,1
229.00000000001782,0.6810103867234628,0.16217041015625,1
229.05000000001783,0.6772982073972045,0.1368408203125,1
229.10000000001784,0.6763383557216035,0.1766357421875,1
229.15000000001785,0.6747216478045874,0.1422119140625,1
229.20000000001787,0.6725160841206357,0.1641845703125,1
229.25000000001788,0.6707409617927501,0.13641357421875,1
229.3000000000179,0.6692512021074677,0.14752197265625,1
229.3500000000179,0.6522140608507881,0.08319091796875,1
229.4000000000179,0.6407863796398657,0.093505859375,1
229.45000000001792,0.6286589844906852,0.09942626953125,1
229.50000000001793,0.6253864361853232,0.09967041015625,1
229.55000000001795,0.6209603251482817,0.0765380859375,1
229.60000000001796,0.6141584817348443,0.077392578125,1
229.65000000001797,0.6109534684936564,0.07666015625,1
229.70000000001798,0.5923400823958614,0.08782958984375,1
229.750000000018,0.5791936438042364,0.07110595703125,1
229.800000000018,0.5669412196781396,0.07110595703125,1
229.850000000018,0.562250929640637,0.10467529296875,1
229.90000000001803,0.5573024602384057,0.09503173828125,1
229.95000000001804,0.5502081754262995,0.1275634765625,1
230.00000000001805,0.7410051196030588,0.13946533203125,1
230.05000000001806,0.7362213817548201,0.1446533203125,1
230.10000000001807,0.7308510181774259,0.1278076171875,1
230.15000000001808,0.7201767180126645,0.121826171875,1
230.2000000000181,0.7162216524906647,0.1385498046875,1
230.2500000000181,0.7114624338635939,0.1441650390625,1
230.30000000001812,0.7067993471094122,0.12225341796875,1
230.35000000001813,0.7012213146226703,0.12750244140625,1
230.40000000001814,0.6911735778720252,0.09912109375,1
230.45000000001815,0.6819153486846592,0.0816650390625,1
230.50000000001816,0.6704040579290494,0.1036376953125,1
230.55000000001817,0.664255456630046,0.08099365234375,1
230.60000000001818,0.6581722694251556,0.10406494140625,1
230.6500000000182,0.6503321338873281,0.075439453125,1
230.7000000000182,0.6476723055464223,0.1085205078125,1
230.75000000001822,0.6362016345750298,0.11480712890625,1
230.80000000001823,0.6196414509510711,0.08770751953125,1
230.85000000001824,0.6037435354310569,0.0751953125,1
230.90000000001825,0.5959594292180903,0.09197998046875,1
230.95000000001826,0.5912183067084358,0.081298828125,1
231.00000000001828,0.7917139880688384,0.169921875,1
231.0500000000183,0.7900286552781729,0.15948486328125,1
231.1000000000183,0.7815015519051483,0.1646728515625,1
231.1500000000183,0.7775236915865892,0.18084716796875,1
231.20000000001832,0.7706954159307131,0.17388916015625,1
231.25000000001833,0.7655541578943861,0.1749267578125,1
231.30000000001834,0.7627256304515995,0.16412353515625,1
231.35000000001835,0.7569409812800596,0.13134765625,1
231.40000000001837,0.7515880913402666,0.1412353515625,1
231.45000000001838,0.7425987495494869,0.14703369140625,1
231.5000000000184,0.7283542553596153,0.12078857421875,1
231.5500000000184,0.7176777648982087,0.1318359375,1
231.6000000000184,0.712767660165819,0.131591796875,1
231.65000000001842,0.707726065059234,0.1419677734375,1
231.70000000001843,0.7033391814963853,0.1419677734375,1
231.75000000001845,0.7027037352233642,0.1419677734375,1
231.80000000001846,0.6943368644643098,0.1419677734375,1
231.85000000001847,0.687115187505496,0.14697265625,1
231.90000000001848,0.676693967849663,0.14697265625,1
231.9500000000185,0.6686833417974992,0.14697265625,1
232.0000000000185,0.8971556858401567,0.6446533203125,0
232.0500000000185,0.8967733141722346,0.6446533203125,0
232.10000000001853,0.8943982227619729,0.6446533203125,0
232.15000000001854,0.8918639438323733,0.6585693359375,0
232.20000000001855,0.8892319207861592,0.6585693359375,1
232.25000000001856,0.8862242632644929,0.6585693359375,1
232.30000000001857,0.8834343827679764,0.6585693359375,1
232.35000000001858,0.8804589152117436,0.6585693359375,1
232.4000000000186,0.877037048378683,0.6585693359375,1
232.4500000000186,0.8736696429235713,0.6585693359375,1
232.50000000001862,0.8700800122100859,0.6585693359375,1
232.55000000001863,0.8663277388042667,0.6585693359375,1
232.60000000001864,0.8622210607242546,0.6585693359375,1
232.65000000001865,0.8581223388520319,0.6585693359375,1
232.70000000001866,0.8537638496721346,0.6585693359375,1
232.75000000001867,0.8491282505989459,0.6585693359375,1
232.80000000001868,0.8440706201930886,0.6585693359375,1
232.8500000000187,0.8388181139907379,0.6585693359375,1
232.9000000000187,0.8333353250057103,0.6585693359375,1
232.95000000001872,0.8273215039029662,0.6585693359375,1
233.00000000001873,0.8728193877041946,0.6573486328125,1
233.05000000001874,0.8694862955234333,0.6573486328125,1
233.10000000001875,0.864866552402555,0.6573486328125,1
233.15000000001876,0.86001432292036,0.6573486328125,1
233.20000000001878,0.8549115153871014,0.6573486328125,1
233.2500000000188,0.8496154468296968,0.6573486328125,1
233.3000000000188,0.8440920261519864,0.6573486328125,1
233.3500000000188,0.8377495494529298,0.6573486328125,1
233.40000000001882,0.83120822077033,0.6573486328125,1
233.45000000001883,0.8242567327522445,0.6572265625,0
233.50000000001884,0.81689588473074,0.6572265625,0
233.55000000001885,0.8087364104725697,0.6572265625,0
233.60000000001887,0.8006587778853945,0.6905517578125,0
233.65000000001888,0.7923975753551642,0.6903076171875,0
233.7000000000189,0.7822170210704078,0.6903076171875,0
233.7500000000189,0.7727898655745764,0.6903076171875,0
233.8000000000189,0.7631310592895857,0.6845703125,0
233.85000000001892,0.7514676573125082,0.684814453125,0
233.90000000001893,0.7365876629356464,0.6846923828125,0
233.95000000001895,0.7205469550242046,0.13446044921875,0
234.00000000001896,0.8353158325393598,0.23187255859375,0
234.05000000001897,0.8271420779514912,0.216064453125,0
234.10000000001898,0.8160514935043414,0.2047119140625,0
234.150000000019,0.8037822835139944,0.21612548828125,0
234.200000000019,0.7927799278402051,0.21002197265625,1
234.250000000019,0.7825218112028837,0.21453857421875,1
234.30000000001903,0.770110238761508,0.2095947265625,1
234.35000000001904,0.7569558320248626,0.15673828125,1
234.40000000001905,0.7425340582175649,0.19110107421875,1
234.45000000001906,0.7263148529378548,0.1846923828125,1
234.50000000001907,0.7115636545352199,0.1802978515625,1
234.55000000001908,0.6989741986686879,0.17291259765625,1
234.6000000000191,0.6790932530951038,0.16162109375,1
234.6500000000191,0.6623294663966972,0.18475341796875,1
234.70000000001912,0.6454236601037058,0.16143798828125,1
234.75000000001913,0.620709564470605,0.1611328125,1
234.80000000001914,0.593109992577564,0.1614990234375,1
234.85000000001915,0.5667341879251285,0.14422607421875,1
234.90000000001916,0.5353627828224968,0.1614990234375,1
234.95000000001917,0.515172812408152,0.1484375,1
235.00000000001918,0.7764734884208482,0.19775390625,1
235.0500000000192,0.7712204452580311,0.1844482421875,1
235.1000000000192,0.7565950585271816,0.1849365234375,1
235.15000000001922,0.7413927312589975,0.2198486328125,1
235.20000000001923,0.7273130966428136,0.178466796875,1
235.25000000001924,0.7084632738556854,0.1839599609375,1
235.30000000001925,0.7001926705800073,0.196533203125,1
235.35000000001926,0.6853490846949291,0.13037109375,1
235.40000000001928,0.6738151591124742,0.12939453125,1
235.4500000000193,0.6558706656288877,0.17041015625,1
235.5000000000193,0.6387647745503503,0.1636962890625,1
235.5500000000193,0.6140440805937953,0.14251708984375,1
235.60000000001932,0.5889737851219111,0.12469482421875,1
235.65000000001933,0.5750946301518276,0.135986328125,1
235.70000000001934,0.5544021434017441,0.15911865234375,1
235.75000000001936,0.5322603634890084,0.141845703125,1
235.80000000001937,0.5027738854812722,0.15374755859375,1
235.85000000001938,0.46432674900423176,0.14208984375,1
235.9000000000194,0.4423189233282508,0.1649169921875,1
235.9500000000194,0.40989031074800314,0.1414794921875,1
236.0000000000194,0.7171263427202768,0.22052001953125,1
236.05000000001942,0.7148215846143616,0.2027587890625,1
236.10000000001943,0.7121746230830902,0.179443359375,1
236.15000000001945,0.6969508360151098,0.191162109375,1
236.20000000001946,0.6789166405706488,0.178955078125,1
236.25000000001947,0.6580792289696571,0.2142333984375,1
236.30000000001948,0.6511131080129974,0.1673583984375,1
236.3500000000195,0.627879408132171,0.11614990234375,1
236.4000000000195,0.6103255377595308,0.136962890625,1
236.45000000001951,0.5903553925760278,0.14337158203125,1
236.50000000001953,0.5592995434999924,0.148681640625,1
236.55000000001954,0.5244170508443063,0.13067626953125,1
236.60000000001955,0.4859449322057768,0.13580322265625,1
236.65000000001956,0.45400519665559225,0.130859375,1
236.70000000001957,0.440632727928169,0.1253662109375,1
236.75000000001958,0.40106075252420353,0.13720703125,1
236.8000000000196,0.36768853924086925,0.1202392578125,1
236.8500000000196,0.33483197565711686,0.13616943359375,1
236.90000000001962,0.2944543383241211,0.148681640625,1
236.95000000001963,0.25575426552662994,0.1253662109375,1
237.00000000001964,0.5993077287915525,0.18658447265625,1
237.05000000001965,0.593599840765192,0.1612548828125,1
237.10000000001966,0.5642040129518433,0.182861328125,1
237.15000000001967,0.5423409212221867,0.1776123046875,1
237.20000000001968,0.5115910610833065,0.1768798828125,1
237.2500000000197,0.47700129711020767,0.17132568359375,1
237.3000000000197,0.451922438708272,0.15948486328125,1
237.35000000001972,0.42710356355111884,0.1121826171875,1
237.40000000001973,0.4060456424414761,0.1185302734375,1
237.45000000001974,0.38233233544850803,0.100830078125,1
237.50000000001975,0.3643521946771496,0.11767578125,1
237.55000000001976,0.3293880396234966,0.1409912109375,1
237.60000000001978,0.2906535744790251,0.1180419921875,1
237.6500000000198,0.2412635771031742,0.103271484375,1
237.7000000000198,0.20997437702932828,0.11187744140625,1
237.7500000000198,0.16806551410321696,0.11798095703125,1
237.80000000001982,0.14174406588354108,0.1181640625,1
237.85000000001983,0.11535692807003797,0.1065673828125,1
237.90000000001984,0.10517742522676553,0.13018798828125,1
237.95000000001986,0.0951194572313988,0.14697265625,1
238.00000000001987,0.5893660403880858,0.2298583984375,1
238.05000000001988,0.5924164451514223,0.213623046875,1
238.1000000000199,0.5682489676817861,0.21331787109375,1
238.1500000000199,0.5460682099084978,0.1790771484375,1
238.2000000000199,0.5163137291116958,0.23004150390625,1
238.25000000001992,0.47659989667274993,0.2012939453125,1
238.30000000001993,0.43583449129764507,0.1895751953125,1
238.35000000001995,0.3679590674609027,0.11053466796875,1
238.40000000001996,0.3121235983561901,0.118408203125,1
238.45000000001997,0.2585276673367318,0.10784912109375,1
238.50000000001998,0.22448621688334933,0.1016845703125,1
238.55000000002,0.6951602460463443,0.0955810546875,1
238.60000000002,0.6974473110936951,0.11785888671875,1
238.65000000002001,0.6890303709698308,0.10736083984375,1
238.70000000002003,0.6835873153905955,0.10272216796875,1
238.75000000002004,0.6747053267273426,0.1072998046875,1
238.80000000002005,0.6548452268254733,0.107421875,1
238.85000000002006,0.6336792955597009,0.1246337890625,1
238.90000000002007,0.6190072021413653,0.101318359375,1
238.95000000002008,0.6296154312120956,0.11322021484375,1
239.0000000000201,0.7411033980271038,0.15673828125,1
239.0500000000201,0.7402778560433194,0.14501953125,1
239.10000000002012,0.7162978920320099,0.1507568359375,1
239.15000000002013,0.7369919360055539,0.15582275390625,1
239.20000000002014,0.7171936193672491,0.1439208984375,1
239.25000000002015,0.7268082303445903,0.18475341796875,1
239.30000000002016,0.6543071258670539,0.15533447265625,1
239.35000000002017,0.6302856320934551,0.11627197265625,1
239.40000000002019,0.6162528844110754,0.08966064453125,1
239.4500000000202,0.5761365059568601,0.0955810546875,1
239.5000000000202,0.5513193867033045,0.11309814453125,1
239.55000000002022,0.5317240862722258,0.08941650390625,1
239.60000000002023,0.5014765944958818,0.09539794921875,1
239.65000000002024,0.4806980638268966,0.107177734375,1
239.70000000002025,0.4696823754424049,0.0858154296875,1
239.75000000002026,0.4267579055566549,0.10162353515625,1
239.80000000002028,0.42346053029418834,0.10760498046875,1
239.8500000000203,0.4076961748249576,0.095703125,1
239.9000000000203,0.39763902602906653,0.1129150390625,1
239.9500000000203,0.3880741386239537,0.10723876953125,1
240.00000000002032,0.7445089033278982,0.150634765625,1
240.05000000002033,0.7537357435513973,0.15179443359375,1
240.10000000002034,0.7498868417897867,0.1510009765625,1
240.15000000002036,0.744707018906197,0.15625,1
240.20000000002037,0.7278756579461847,0.150146484375,1
240.25000000002038,0.7163568661529848,0.15045166015625,1
240.3000000000204,0.6948786945228208,0.15032958984375,1
240.3500000000204,0.6911983377399304,0.08648681640625,1
240.4000000000204,0.688138342324298,0.10345458984375,1
240.45000000002042,0.6844276948444041,0.11029052734375,1
240.50000000002044,0.6745301176049495,0.085205078125,1
240.55000000002045,0.656477626329944,0.10223388671875,1
240.60000000002046,0.6245163231710444,0.096923828125,1
240.65000000002047,0.6217461188738774,0.10888671875,1
240.70000000002048,0.6184871210597853,0.09698486328125,1
240.7500000000205,0.6181112076085952,0.0970458984375,1
240.8000000000205,0.9999988875551643,0.09808349609375,1
240.85000000002051,0.9999990583669999,0.10211181640625,1
240.90000000002053,0.5335983572284408,0.10321044921875,1
240.95000000002054,0.48617605347105514,0.11517333984375,1
241.00000000002055,0.9033697043360982,0.1812744140625,1
241.05000000002056,0.9051134533464045,0.15960693359375,1
241.10000000002057,0.9046557476652544,0.17657470703125,1
241.15000000002058,0.9028812464063284,0.177001953125,1
241.2000000000206,0.898760559451293,0.18182373046875,1
241.2500000000206,0.9999998704787041,0.16998291015625,1
241.30000000002062,0.9999998628002856,0.1708984375,1
241.35000000002063,0.9999998606705301,0.1024169921875,1
241.40000000002064,0.8882085987597603,0.08636474609375,1
241.45000000002065,0.8872664187680791,0.097900390625,1
241.50000000002066,0.8828920784706353,0.07464599609375,1
241.55000000002067,0.9999998463541492,0.08660888671875,1
241.60000000002069,0.9999998375028443,0.09246826171875,1
241.6500000000207,0.999999826234961,0.116455078125,1
241.7000000000207,0.8604430351003547,0.0699462890625,1
241.75000000002072,0.8581864365298488,0.10418701171875,1
241.80000000002073,0.8550782935622847,0.09869384765625,1
241.85000000002074,0.8491634905553304,0.08746337890625,1
241.90000000002075,0.9999997945431837,0.1044921875,1
241.95000000002076,0.8312343805021231,0.0926513671875,1
242.00000000002078,0.9158961170199895,0.2235107421875,1
242.0500000000208,0.9185301106475747,0.21649169921875,1
242.1000000000208,0.9151444383817446,0.20550537109375,1
242.1500000000208,0.9138056771565289,0.21051025390625,1
242.20000000002082,0.9999999093602562,0.21563720703125,1
242.25000000002083,0.9066494500006345,0.220703125,1
242.30000000002084,0.9999998981236121,0.2152099609375,1
242.35000000002086,0.9999998907734938,0.11077880859375,1
242.40000000002087,0.8953192154408417,0.09600830078125,1
242.45000000002088,0.892232507780062,0.10748291015625,1
242.5000000000209,0.8898196753716907,0.11761474609375,1
242.5500000000209,0.8848269225195454,0.11798095703125,1
242.6000000000209,0.8769403433571413,0.12774658203125,1
242.65000000002092,0.8682808131940739,0.13385009765625,1
242.70000000002094,0.8578053813851693,0.10137939453125,1
242.75000000002095,0.8544988417738052,0.0960693359375,1
242.80000000002096,0.850178735139288,0.0965576171875,1
242.85000000002097,0.8464609658176763,0.123046875,1
242.90000000002098,0.9999998329611375,0.11236572265625,1
242.950000000021,0.9999998220927294,0.1280517578125,1
243.000000000021,0.9999999546240742,0.18780517578125,1
243.05000000002102,0.99999995395751,0.18353271484375,1
243.10000000002103,0.9504915466224396,0.2086181640625,1
243.15000000002104,0.9488047154539845,0.1929931640625,1
243.20000000002105,0.9470045949611877,0.1925048828125,1
243.25000000002106,0.9458758761320035,0.18896484375,1
243.30000000002107,0.9999999999999095,0.22332763671875,1
243.35000000002108,0.9999999999999092,0.1669921875,1
243.4000000000211,0.9999999999999057,0.2171630859375,1
243.4500000000211,0.9377576477473507,0.16485595703125,1
243.50000000002112,0.9365362946933647,0.16436767578125,1
243.55000000002113,0.9351466371514363,0.15350341796875,1
243.60000000002114,0.9999999344537378,0.169677734375,1
243.65000000002115,0.9999999304885864,0.169677734375,1
243.70000000002116,0.9999999999998711,0.169677734375,1
243.75000000002117,0.9999999999998637,0.169677734375,1
243.80000000002119,0.9999999206310946,0.1744384765625,1
243.8500000000212,0.9999999178958131,0.1744384765625,1
243.9000000000212,0.9999999151360414,0.1744384765625,1
243.95000000002122,0.9999999122505732,0.60858154296875,0
244.00000000002123,0.9999999716872653,0.61199951171875,0
244.05000000002124,0.9999999710032065,0.61199951171875,0
244.10000000002125,0.999999969918555,0.61199951171875,0
244.15000000002127,0.9999999690425718,0.62518310546875,0
244.20000000002128,0.9999999999999714,0.62518310546875,0
244.2500000000213,0.9999999663823697,0.62518310546875,1
244.3000000000213,0.9999999649728887,0.62518310546875,1
244.3500000000213,0.9999999999999676,0.62518310546875,1
244.40000000002132,0.9999999999999831,0.62518310546875,1
244.45000000002133,0.9999999999999822,0.62518310546875,1
244.50000000002134,0.9999999999999817,0.62518310546875,1
244.55000000002136,0.9999999999999808,0.62518310546875,1
244.60000000002137,0.9999999999999698,0.62518310546875,1
244.65000000002138,0.9999999999999684,0.62518310546875,1
244.7000000000214,0.9999999999999556,0.62518310546875,1
244.7500000000214,0.9999999473927307,0.62518310546875,1
244.8000000000214,0.9999999623886843,0.62518310546875,1
244.85000000002142,0.9999999999999934,0.62518310546875,1
244.90000000002144,0.9999999999999813,0.62518310546875,1
244.95000000002145,0.9999999999999701,0.62518310546875,0
245.00000000002146,0.9999999999999837,0.63262939453125,0
245.05000000002147,0.9999999999999916,0.63262939453125,0
245.10000000002148,0.9999999851684519,0.64288330078125,0
245.1500000000215,0.9999999844279311,0.64288330078125,0
245.2000000000215,0.9999999999999928,0.64288330078125,0
245.25000000002152,0.9999999829063145,0.64288330078125,1
245.30000000002153,0.9999999999999841,0.653564453125,1
245.35000000002154,0.9999999812898924,0.653564453125,1
245.40000000002155,0.9999999804887667,0.653564453125,1
245.45000000002156,0.9999999999999819,0.653564453125,1
245.50000000002157,0.9999999999999811,0.653564453125,1
245.55000000002158,0.9999999999999802,0.653564453125,0
245.6000000000216,0.9999999999999792,0.653564453125,1
245.6500000000216,0.9999999999999565,0.653564453125,1
245.70000000002162,0.9999999741562408,0.653564453125,1
245.75000000002163,0.9999999999999515,0.653564453125,1
245.80000000002164,0.9999999999999487,0.653564453125,1
245.85000000002165,0.9999999999999456,0.653564453125,1
245.90000000002166,0.9999999672989931,0.653564453125,1
245.95000000002167,0.9999999650298691,0.653564453125,1
246.00000000002169,0.9464986076176154,0.668701171875,1
246.0500000000217,0.9455080285232278,0.668701171875,1
246.1000000000217,0.9456198753613738,0.668701171875,1
246.15000000002172,0.9420145111270671,0.668701171875,1
246.20000000002173,0.9406431624807261,0.668701171875,1
246.25000000002174,0.9382405082810789,0.668701171875,1
246.30000000002175,0.9357731332955408,0.668701171875,1
246.35000000002177,0.9343776014416019,0.668701171875,1
246.40000000002178,0.9317665914319399,0.668701171875,1
246.4500000000218,0.9290030191421697,0.6822509765625,1
246.5000000000218,0.9258192909572259,0.6822509765625,0
246.5500000000218,0.9228079000243357,0.6822509765625,0
246.60000000002182,0.9185639697021811,0.6822509765625,1
246.65000000002183,0.9142108000955954,0.6822509765625,1
246.70000000002184,0.9104833985218049,0.6822509765625,1
246.75000000002186,0.9056667107806045,0.6822509765625,1
246.80000000002187,0.9006252975753823,0.6822509765625,1
246.85000000002188,0.8956946105028865,0.6822509765625,1
246.9000000000219,0.8923515366780886,0.6822509765625,1
246.9500000000219,0.8870253917695786,0.6822509765625,1
247.0000000000219,0.9637057200183833,0.7386474609375,1
247.05000000002192,0.9630993663219676,0.7386474609375,1
247.10000000002194,0.9617909611793233,0.7386474609375,1
247.15000000002195,0.9606614875192016,0.7386474609375,1
247.20000000002196,0.9591269574066735,0.7386474609375,1
247.25000000002197,0.9581299399533718,0.7386474609375,1
247.30000000002198,0.9557327954175675,0.7386474609375,1
247.350000000022,0.9536315353382919,0.7386474609375,1
247.400000000022,0.9513235473869183,0.78228759765625,1
247.45000000002202,0.948857709381656,0.78228759765625,1
247.50000000002203,0.946230530833952,0.78228759765625,0
247.55000000002204,0.9434250823882733,0.78228759765625,1
247.60000000002205,0.9410980414327591,0.78228759765625,1
247.65000000002206,0.9376026597925113,0.78228759765625,1
247.70000000002207,0.9347627022644632,0.78228759765625,1
247.75000000002208,0.9335527890977884,0.78228759765625,1
247.8000000000221,0.9305897848107966,0.78228759765625,1
247.8500000000221,0.9268360084957356,0.78228759765625,1
247.90000000002212,0.922595174018851,0.78228759765625,1
247.95000000002213,0.9186916072577217,0.78228759765625,1
248.00000000002214,0.9404731121532507,0.76727294921875,1
248.05000000002215,0.9367696024766301,0.76690673828125,1
248.10000000002216,0.931643849501754,0.76690673828125,1
248.15000000002217,0.9259072989085124,0.77813720703125,1
248.2000000000222,0.9207285724790721,0.77813720703125,1
248.2500000000222,0.9152018520324073,0.77813720703125,1
248.3000000000222,0.9110252209771692,0.77813720703125,1
248.35000000002222,0.9050357495257743,0.77813720703125,1
248.40000000002223,0.8979269265387906,0.77813720703125,1
248.45000000002224,0.8958341293065623,0.77813720703125,1
248.50000000002225,0.8896275054447378,0.77813720703125,0
248.55000000002227,0.8834529265078414,0.77813720703125,0
248.60000000002228,0.8768492303713806,0.77813720703125,0
248.6500000000223,0.8714944616965303,0.77813720703125,0
248.7000000000223,0.8635682502454719,0.77813720703125,0
248.7500000000223,0.854956938318588,0.77813720703125,0
248.80000000002232,0.8510098193804071,0.77813720703125,0
248.85000000002233,0.8452673739243358,0.77813720703125,0
248.90000000002235,0.8407040822154791,0.77813720703125,0
248.95000000002236,0.8414327068696346,0.77813720703125,0
249.00000000002237,0.9115357258557095,0.78594970703125,1
249.05000000002238,0.9098471796359935,0.78594970703125,1
249.1000000000224,0.9064335872202375,0.78594970703125,1
249.1500000000224,0.9034159756999417,0.78594970703125,1
249.2000000000224,0.9002567711370442,0.78594970703125,1
249.25000000002242,0.8968367803834981,0.78594970703125,1
249.30000000002244,0.8932353901163604,0.78594970703125,0
249.35000000002245,0.8906541322009386,0.78594970703125,0
249.40000000002246,0.8854742494995244,0.78594970703125,0
249.45000000002247,0.8814691299147537,0.78594970703125,0
249.50000000002248,0.8787991596990314,0.78594970703125,0
249.5500000000225,0.8760117582674218,0.78594970703125,0
249.6000000000225,0.8719128058263039,0.78594970703125,0
249.65000000002252,0.8676776056677329,0.78594970703125,0
249.70000000002253,0.8645879833909833,0.78594970703125,0
249.75000000002254,0.8596600296014866,0.78594970703125,0
249.80000000002255,0.8579735923521904,0.78594970703125,0
249.85000000002256,0.8575856476491541,0.78594970703125,0
249.90000000002257,0.8572197146350002,0.78594970703125,0
249.95000000002258,0.8568113994386695,0.78594970703125,1
250.0000000000226,0.897013053979591,0.80548095703125,1
250.0500000000226,0.8967965904900811,0.80548095703125,1
250.10000000002262,0.8900421140857933,0.80548095703125,1
250.15000000002263,0.8835274592824514,0.80548095703125,1
250.20000000002264,0.8776638478825648,0.80548095703125,1
250.25000000002265,0.871307436138341,0.80548095703125,1
250.30000000002266,0.866772678181746,0.80548095703125,1
250.35000000002267,0.8619562674440177,0.80548095703125,1
250.4000000000227,0.8587205882476076,0.80548095703125,1
250.4500000000227,0.8554869818828881,0.80548095703125,1
250.5000000000227,0.8545695556455547,0.80548095703125,0
250.55000000002272,0.8551993697194032,0.80548095703125,0
250.60000000002273,0.8556648308478135,0.80548095703125,1
250.65000000002274,0.8565630316628594,0.78802490234375,1
250.70000000002275,0.8558595527355789,0.7935791015625,1
250.75000000002277,0.8544065460308888,0.79388427734375,1
250.80000000002278,0.8543888439856049,0.79388427734375,1
250.8500000000228,0.8528648552449266,0.79388427734375,1
250.9000000000228,0.8523649483151464,0.79388427734375,1
250.9500000000228,0.8526694045547254,0.79388427734375,1
251.00000000002282,0.8776614910714317,0.79486083984375,1
251.05000000002283,0.8813632731839948,0.79486083984375,1
251.10000000002285,0.6919579366360592,0.79425048828125,1
251.15000000002286,0.6872867059700374,0.79425048828125,1
251.20000000002287,0.6923689608661584,0.79425048828125,1
251.25000000002288,0.6980125078967905,0.79425048828125,0
251.3000000000229,0.7064708233767337,0.79425048828125,1
251.3500000000229,0.7095738378030759,0.79425048828125,1
251.4000000000229,0.7155908099217175,0.79425048828125,1
251.45000000002292,0.7192391695873087,0.79425048828125,1
251.50000000002294,0.7206315466409652,0.79425048828125,0
251.55000000002295,0.729312645663043,0.79425048828125,0
251.60000000002296,0.7314945743713372,0.79425048828125,0
251.65000000002297,0.7344474798106189,0.79425048828125,0
251.70000000002298,0.7344474798106189,0.79425048828125,0
251.750000000023,0.7344474798106189,0.79425048828125,0
251.800000000023,0.7344474798106189,0.79425048828125,0
251.85000000002302,0.7344474798106189,0.79425048828125,0
251.90000000002303,0.7344474798106189,0.79425048828125,0
251.95000000002304,0.73284561864139,0.79425048828125,0
252.00000000002305,0.7528151546819848,0.82940673828125,1
252.05000000002306,0.7543094468256553,0.82940673828125,1
252.10000000002307,0.7529034272939211,0.82940673828125,1
252.15000000002308,0.7503430946556707,0.82940673828125,1
252.2000000000231,0.7510454638162273,0.82940673828125,1
252.2500000000231,0.751746563653166,0.82940673828125,1
252.30000000002312,0.7532149458034341,0.82940673828125,0
252.35000000002313,0.7520345393063799,0.82928466796875,0
252.40000000002314,0.7507366970533025,0.82928466796875,0
252.45000000002315,0.7493375151780346,0.8341064453125,0
252.50000000002316,0.747455130895774,0.8212890625,0
252.55000000002318,0.7473990090104072,0.8212890625,1
252.6000000000232,0.7451117150914152,0.8212890625,0
252.6500000000232,0.7441975326285459,0.8212890625,1
252.7000000000232,0.7445026510815871,0.8212890625,1
252.75000000002322,0.7454488598338093,0.8212890625,1
252.80000000002323,0.746409947954954,0.8212890625,1
252.85000000002324,0.7466212072793785,0.8212890625,1
252.90000000002325,0.7482913504248485,0.8212890625,1
252.95000000002327,0.7493258430841928,0.8212890625,1
253.00000000002328,0.8082337533201901,0.8369140625,1
253.0500000000233,0.8104044866922832,0.8369140625,1
253.1000000000233,0.8090786107326535,0.8369140625,1
253.1500000000233,0.8076525170656342,0.8369140625,0
253.20000000002332,0.804717386502495,0.8369140625,1
253.25000000002333,0.8047019458653111,0.8369140625,1
253.30000000002335,0.8055363982083861,0.8369140625,1
253.35000000002336,0.805081260500824,0.8369140625,1
253.40000000002337,0.8047114144661415,0.8369140625,1
253.45000000002338,0.8043079968903002,0.8369140625,1
253.5000000000234,0.8037460871288624,0.8369140625,1
253.5500000000234,0.804793079398801,0.8369140625,1
253.6000000000234,0.8036869790618699,0.8369140625,1
253.65000000002343,0.8024827490231684,0.8369140625,1
253.70000000002344,0.8011926600940891,0.8369140625,1
253.75000000002345,0.799992726695726,0.8369140625,1
253.80000000002346,0.7985565012790722,0.8369140625,1
253.85000000002347,0.7955269775305237,0.8369140625,0
253.90000000002348,0.7954815928023675,0.8369140625,0
253.9500000000235,0.793913209085023,0.8369140625,0
254.0000000000235,0.8408502475812988,0.8603515625,0
254.05000000002352,0.840677725744337,0.85986328125,0
254.10000000002353,0.8388965025363017,0.85986328125,0
254.15000000002354,0.8371373384083375,0.85369873046875,0
254.20000000002355,0.8338513403627661,0.8536376953125,0
254.25000000002356,0.8336073917522776,0.8533935546875,0
254.30000000002357,0.8308298020635582,0.85382080078125,0
254.35000000002358,0.8282380351018845,0.1685791015625,0
254.4000000000236,0.8221315484783742,0.1622314453125,0
254.4500000000236,0.8153036589949841,0.1353759765625,0
254.50000000002362,0.806749924107724,0.14837646484375,0
254.55000000002363,0.7968321865985478,0.1689453125,0
254.60000000002364,0.7865502904451785,0.1488037109375,0
254.65000000002365,0.7739515592074417,0.1678466796875,0
254.70000000002366,0.7622444284479964,0.18170166015625,0
254.75000000002368,0.7471211052047023,0.18072509765625,0
254.8000000000237,0.7328547956464463,0.155029296875,0
254.8500000000237,0.7153868381778149,0.13519287109375,0
254.9000000000237,0.6940526834935525,0.161865234375,0
254.95000000002372,0.6780537695485365,0.148681640625,0
255.00000000002373,0.8278344938768321,0.22247314453125,0
255.05000000002374,0.8256719672442219,0.21685791015625,0
255.10000000002375,0.8208046945474805,0.2352294921875,0
255.15000000002377,0.8146999654931976,0.2293701171875,0
255.20000000002378,0.8053255270710454,0.22784423828125,1
255.2500000000238,0.7961836307690269,0.228759765625,1
255.3000000000238,0.7932302252048186,0.22235107421875,1
255.3500000000238,0.7904923779526385,0.17437744140625,1
255.40000000002382,0.7879230490758443,0.19097900390625,1
255.45000000002383,0.78160622503367,0.197265625,1
255.50000000002385,0.7712232669174239,0.208251953125,1
255.55000000002386,0.7661802781014191,0.1905517578125,1
255.60000000002387,0.7575129738035448,0.1646728515625,1
255.65000000002388,0.7532623019467516,0.165283203125,1
255.7000000000239,0.7489430202101144,0.19720458984375,1
255.7500000000239,0.7447119748905581,0.16650390625,1
255.8000000000239,0.7386024348295218,0.1986083984375,1
255.85000000002393,0.7345472472794378,0.16693115234375,1
255.90000000002394,0.7269899192033655,0.17388916015625,1
255.95000000002395,0.7166276166221593,0.17987060546875,1
256.00000000002393,0.8192575258559539,0.25433349609375,1
256.05000000002394,0.8183757632715037,0.25433349609375,1
256.10000000002395,0.8151975370345591,0.25433349609375,1
256.15000000002397,0.8117402179086001,0.78289794921875,1
256.200000000024,0.8083732176734609,0.78289794921875,1
256.250000000024,0.8046050578112879,0.78289794921875,0
256.300000000024,0.7986456307338256,0.78289794921875,0
256.350000000024,0.7954391316252769,0.78289794921875,0
256.400000000024,0.7921171205463865,0.78289794921875,0
256.45000000002403,0.7870112651796034,0.78289794921875,0
256.50000000002404,0.7817955280080384,0.78289794921875,0
256.55000000002406,0.7767525105210069,0.78289794921875,0
256.60000000002407,0.7721621622917308,0.78289794921875,0
256.6500000000241,0.7662826363251543,0.78289794921875,0
256.7000000000241,0.763317985007236,0.78289794921875,0
256.7500000000241,0.7576782650483382,0.78289794921875,0
256.8000000000241,0.7524846326698181,0.78289794921875,0
256.8500000000241,0.7481422992557245,0.78289794921875,0
256.90000000002414,0.7443626609248513,0.78289794921875,1
256.95000000002415,0.7407842847160796,0.78289794921875,1
257.00000000002416,0.7931513050621025,0.73223876953125,1
257.05000000002417,0.7915701652140675,0.73223876953125,1
257.1000000000242,0.7885429630855169,0.73223876953125,1
257.1500000000242,0.7854686900690045,0.73223876953125,1
257.2000000000242,0.7820955541292666,0.73223876953125,1
257.2500000000242,0.778892643907331,0.73211669921875,0
257.3000000000242,0.7760090038679671,0.73199462890625,1
257.35000000002424,0.7734705186302735,0.73199462890625,1
257.40000000002425,0.7710894587719349,0.72198486328125,1
257.45000000002426,0.7693016503134305,0.72113037109375,1
257.5000000000243,0.7674892072140207,0.72113037109375,0
257.5500000000243,0.7655155852433465,0.72113037109375,0
257.6000000000243,0.7635229748570421,0.72113037109375,1
257.6500000000243,0.7616643933907297,0.72113037109375,1
257.7000000000243,0.759633142245229,0.72113037109375,1
257.75000000002433,0.757739054566182,0.72113037109375,1
257.80000000002434,0.7560255301124676,0.72113037109375,1
257.85000000002435,0.7521660644600854,0.72113037109375,1
257.90000000002436,0.746824143463522,0.72113037109375,1
257.9500000000244,0.7448436525492996,0.72113037109375,1
258.0000000000244,0.8458235208101124,0.74603271484375,1
258.0500000000244,0.8449333787698634,0.74603271484375,1
258.1000000000244,0.8421226693881083,0.74603271484375,0
258.1500000000244,0.8400535430269175,0.74603271484375,0
258.20000000002443,0.8381126670064735,0.74603271484375,0
258.25000000002444,0.8362750180407332,0.74603271484375,1
258.30000000002445,0.8332801059411079,0.74603271484375,1
258.35000000002447,0.8311987451931196,0.74603271484375,1
258.4000000000245,0.8303822776964378,0.74603271484375,1
258.4500000000245,0.8287354251788726,0.74603271484375,1
258.5000000000245,0.8275975059844384,0.74603271484375,1
258.5500000000245,0.8260536791980326,0.74603271484375,1
258.6000000000245,0.8244178007224776,0.74603271484375,1
258.65000000002453,0.8227166513222881,0.74603271484375,1
258.70000000002454,0.8211275042808841,0.74603271484375,1
258.75000000002456,0.8197721220167853,0.74603271484375,1
258.80000000002457,0.8178709287159703,0.74603271484375,1
258.8500000000246,0.8161132852579924,0.74603271484375,1
258.9000000000246,0.8133416040208815,0.74603271484375,1
258.9500000000246,0.8105350224117234,0.74603271484375,1
259.0000000000246,0.8124290555908525,0.72137451171875,1
259.0500000000246,0.8110691834548902,0.72137451171875,1
259.10000000002464,0.8096448498078329,0.72137451171875,0
259.15000000002465,0.8073707485308669,0.72137451171875,0
259.20000000002466,0.8059925212093301,0.72137451171875,0
259.25000000002467,0.8046792240768538,0.72137451171875,0
259.3000000000247,0.8033926364158708,0.72137451171875,0
259.3500000000247,0.8018204736667474,0.72137451171875,0
259.4000000000247,0.8009291778944513,0.72137451171875,0
259.4500000000247,0.7999502069856947,0.72137451171875,0
259.5000000000247,0.7998617824535185,0.72137451171875,0
259.55000000002474,0.7990978066884803,0.72137451171875,0
259.60000000002475,0.7981987725794263,0.72137451171875,0
259.65000000002476,0.7974146393185845,0.72137451171875,0
259.7000000000248,0.7970751499646662,0.72137451171875,1
259.7500000000248,0.7967192263009207,0.72137451171875,1
259.8000000000248,0.7963651826577204,0.72137451171875,1
259.8500000000248,0.7954129715219758,0.72137451171875,1
259.9000000000248,0.794586249719008,0.71728515625,1
259.95000000002483,0.7937787252405117,0.716796875,1
260.00000000002484,0.8543562086889118,0.70458984375,1
260.05000000002485,0.8533668659064997,0.41839599609375,1
260.10000000002486,0.8505902059120378,0.3792724609375,1
260.1500000000249,0.8484962831912852,0.3665771484375,1
260.2000000000249,0.8408839011944428,0.2630615234375,1
260.2500000000249,0.8342315785622667,0.25592041015625,1
260.3000000000249,0.8262001038084303,0.26239013671875,1
260.3500000000249,0.8175819399490604,0.26226806640625,1
260.40000000002493,0.8071310415907369,0.1923828125,1
260.45000000002494,0.7961878745801397,0.19818115234375,1
260.50000000002495,0.7833421876855952,0.20892333984375,1
260.55000000002497,0.7696740167218903,0.18670654296875,1
260.600000000025,0.7543812449671428,0.180419921875,1
260.650000000025,0.7380605661868993,0.203857421875,1
260.700000000025,0.7220352310927873,0.20355224609375,1
260.750000000025,0.6971868565675041,0.19793701171875,1
260.800000000025,0.6727819549475501,0.18682861328125,1
260.85000000002503,0.6415675404199646,0.21466064453125,1
260.90000000002505,0.6181484697684656,0.2200927734375,1
260.95000000002506,0.5970821629365879,0.2091064453125,1
261.00000000002507,0.75250458257463,0.25848388671875,1
261.0500000000251,0.7428773975274844,0.272705078125,1
261.1000000000251,0.7191264134195173,0.230712890625,1
261.1500000000251,0.6994655994606739,0.25482177734375,1
261.2000000000251,0.6774105078119902,0.2718505859375,1
261.2500000000251,0.6489743069599196,0.2479248046875,1
261.30000000002514,0.6190552569684651,0.22564697265625,1
261.35000000002515,0.5863046893664989,0.1947021484375,1
261.40000000002516,0.5437744777748587,0.19866943359375,1
261.45000000002517,0.5093421608849561,0.17572021484375,1
261.5000000000252,0.4716266132770289,0.19329833984375,1
261.5500000000252,0.4383664400054067,0.18121337890625,1
261.6000000000252,0.3892142717454931,0.22344970703125,1
261.6500000000252,0.3599827917074869,0.1986083984375,1
261.7000000000252,0.2856334414950502,0.19366455078125,1
261.75000000002524,0.2710907822488966,0.21148681640625,1
261.80000000002525,0.22429999028948056,0.18145751953125,1
261.85000000002526,0.2326962339035688,0.17510986328125,1
261.9000000000253,0.21699630807576217,0.20318603515625,1
261.9500000000253,0.19784172934457767,0.197998046875,1
262.0000000000253,0.7719118024065372,0.2957763671875,1
262.0500000000253,0.7636558842882054,0.23980712890625,1
262.1000000000253,0.7522264410681919,0.2255859375,1
262.15000000002533,0.7350986008179085,0.244873046875,1
262.20000000002534,0.7227626308845554,0.25091552734375,1
262.25000000002535,0.709224164021086,0.22564697265625,1
262.30000000002536,0.6836724945366827,0.2628173828125,1
262.3500000000254,0.6556245528908342,0.24334716796875,1
262.4000000000254,0.6219166737027931,0.15301513671875,1
262.4500000000254,0.6001899565686051,0.12237548828125,1
262.5000000000254,0.5662394483302732,0.1336669921875,1
262.5500000000254,0.5384423310451232,0.14532470703125,1
262.60000000002543,0.5080700048546839,0.16357421875,1
262.65000000002544,0.45603345457053934,0.14630126953125,1
262.70000000002545,0.3971236005738185,0.15301513671875,1
262.75000000002547,0.3296159619070538,0.12091064453125,1
262.8000000000255,0.26122947229818844,0.16552734375,1
262.8500000000255,0.20639599414108212,0.1724853515625,1
262.9000000000255,0.17159776565533114,0.16558837890625,1
262.9500000000255,0.14135445154895507,0.1778564453125,1
263.0000000000255,0.30162796154480376,0.17181396484375,1
263.05000000002553,0.28182083608979125,0.1490478515625,1
263.10000000002555,0.2701961564453966,0.15264892578125,1
263.15000000002556,0.24033100872754543,0.159423828125,1
263.20000000002557,0.22980378182505232,0.15972900390625,1
263.2500000000256,0.21872071747740424,0.15338134765625,1
263.3000000000256,0.20251877674235663,0.1412353515625,1
263.3500000000256,0.18288225561657587,0.1292724609375,1
263.4000000000256,0.17082633609084658,0.146484375,1
263.4500000000256,0.1352675697459896,0.1656494140625,1
263.50000000002564,0.13808527724850533,0.1353759765625,1
263.55000000002565,0.11486284600347395,0.12213134765625,1
263.60000000002566,0.10731307311030037,0.127685546875,1
263.65000000002567,0.672189204285346,0.1279296875,1
263.7000000000257,0.6688893072341195,0.116455078125,1
263.7500000000257,0.6631833773253583,0.12152099609375,1
263.8000000000257,0.6678598157421034,0.15936279296875,1
263.8500000000257,0.6515039880085276,0.1224365234375,1
263.9000000000257,0.6298398337092512,0.134521484375,1
263.95000000002574,0.6040390939218985,0.14068603515625,1
264.00000000002575,0.7143352535598267,0.2034912109375,1
264.05000000002576,0.7206524324247389,0.19512939453125,1
264.1000000000258,0.8679900341720801,0.17547607421875,1
264.1500000000258,0.7291669022099944,0.18359375,1
264.2000000000258,0.6971568071959012,0.18792724609375,1
264.2500000000258,0.6716658390854349,0.17596435546875,1
264.3000000000258,0.6828377334867424,0.16375732421875,1
264.35000000002583,0.6963887906974661,0.11968994140625,1
264.40000000002584,0.6563420824339364,0.1187744140625,1
264.45000000002585,0.6424363307578635,0.14337158203125,1
264.50000000002586,0.6267041694586101,0.13720703125,1
264.5500000000259,0.6196511256800529,0.111572265625,1
264.6000000000259,0.5818167730261826,0.08087158203125,1
264.6500000000259,0.546765371513451,0.1124267578125,1
264.7000000000259,0.5064052109588835,0.100341796875,1
264.7500000000259,0.49052092904587796,0.08184814453125,1
264.80000000002593,0.4808741671048862,0.11212158203125,1
264.85000000002594,0.46104894964961896,0.1185302734375,1
264.90000000002595,0.4438408445828185,0.112060546875,1
264.95000000002597,0.4083618014323362,0.09381103515625,1
265.000000000026,0.8265513617641339,0.19805908203125,1
265.050000000026,0.8258954827384944,0.15692138671875,1
265.100000000026,0.8253294219954386,0.1826171875,1
265.150000000026,0.8244505651114706,0.15728759765625,1
265.200000000026,0.822689236343152,0.1627197265625,1
265.25000000002603,0.8155070700023217,0.16339111328125,1
265.30000000002605,0.7999101572506289,0.14984130859375,1
265.35000000002606,0.7978349784363981,0.16162109375,1
265.40000000002607,0.7874699692256419,0.0657958984375,1
265.4500000000261,0.7848627000679999,0.09771728515625,1
265.5000000000261,0.7793090986310439,0.0673828125,1
265.5500000000261,0.7755630272871523,0.08465576171875,1
265.6000000000261,0.7608995910854615,0.08544921875,1
265.6500000000261,0.7429161970835597,0.0782470703125,1
265.70000000002614,0.999999558271295,0.079345703125,1
265.75000000002615,0.9999994903722433,0.0902099609375,1
265.80000000002616,0.6893337988466482,0.08544921875,1
265.85000000002617,0.7097428567723013,0.11639404296875,1
265.9000000000262,0.6753673980465899,0.06805419921875,1
265.9500000000262,0.6704292517387178,0.0914306640625,1
266.0000000000262,0.7623532504501169,0.12567138671875,1
266.0500000000262,0.748417217262073,0.11639404296875,1
266.1000000000262,0.7480366074632911,0.10333251953125,1
266.15000000002624,0.7433526031786757,0.0965576171875,1
266.20000000002625,0.7401259609266724,0.11444091796875,1
266.25000000002626,0.7315384890152016,0.12786865234375,1
266.3000000000263,0.7125463092241491,0.1270751953125,1
266.3500000000263,0.9999994615624741,0.0784912109375,1
266.4000000000263,0.9999993753645541,0.07086181640625,1
266.4500000000263,0.6523343313152626,0.11474609375,1
266.5000000000263,0.6673784712049831,0.0897216796875,1
266.55000000002633,0.6469932682349572,0.08343505859375,1
266.60000000002634,0.9999993069950505,0.0765380859375,1
266.65000000002635,0.5895954661679748,0.09576416015625,1
266.70000000002636,0.9999990255135479,0.08294677734375,1
266.7500000000264,0.9999988693971621,0.06396484375,1
266.8000000000264,0.5388635125715353,0.08245849609375,1
266.8500000000264,0.5330925951815811,0.08905029296875,1
266.9000000000264,0.5219317383943677,0.065673828125,1
266.9500000000264,0.504276019317171,0.0701904296875,1
267.00000000002643,0.9999998551010751,0.12884521484375,1
267.05000000002644,0.8871219578347639,0.11981201171875,1
267.10000000002645,0.8858118511857154,0.115478515625,1
267.15000000002647,0.8849006335816223,0.114013671875,1
267.2000000000265,0.8842876805880929,0.114013671875,1
267.2500000000265,0.8854713004510708,0.107666015625,1
267.3000000000265,0.8805181911583314,0.13275146484375,1
267.3500000000265,0.8755322111860818,0.13275146484375,1
267.4000000000265,0.8711577189857798,0.06781005859375,1
267.45000000002653,0.8654503358237648,0.0875244140625,1
267.50000000002655,0.8638867651840547,0.11260986328125,1
267.55000000002656,0.863603945866024,0.06298828125,1
267.60000000002657,0.8600581384633704,0.0799560546875,1
267.6500000000266,0.8572598380640498,0.0489501953125,1
267.7000000000266,0.8485938158698709,0.1060791015625,1
267.7500000000266,0.8436434786887129,0.073974609375,1
267.8000000000266,0.8358498407608094,0.07415771484375,1
267.8500000000266,0.8331134317828385,0.04937744140625,1
267.90000000002664,0.8270521326229192,0.07012939453125,1
267.95000000002665,0.82284750704921,0.087158203125,1
268.00000000002666,0.9168741886865518,0.12518310546875,1
268.05000000002667,0.9158200848972299,0.11932373046875,1
268.1000000000267,0.9128600997257416,0.12579345703125,1
268.1500000000267,0.9096077037414252,0.09417724609375,1
268.2000000000267,0.9079654359882281,0.10736083984375,1
268.2500000000267,0.906261662962939,0.11932373046875,1
268.3000000000267,0.903608653109943,0.14520263671875,1
268.35000000002674,0.9019081470496901,0.11175537109375,1
268.40000000002675,0.9999999999997515,0.098876953125,1
268.45000000002676,0.9999999999998779,0.10015869140625,1
268.5000000000268,0.9999999999998713,0.11285400390625,1
268.5500000000268,0.9999999999997236,0.11285400390625,1
268.6000000000268,0.9999999999997043,0.11285400390625,1
268.6500000000268,0.9999999999996861,0.11285400390625,1
268.7000000000268,0.9999999999986376,0.11285400390625,1
268.75000000002683,0.9999999999984677,0.11285400390625,1
268.80000000002684,0.9999999086051826,0.11285400390625,0
268.85000000002685,0.9999999020771999,0.11285400390625,0
268.90000000002686,0.9999999999998203,0.11285400390625,0
268.9500000000269,0.99999999999981,0.11883544921875,0
269.0000000000269,0.932061507588928,0.18841552734375,0
269.0500000000269,0.9312618068503877,0.18841552734375,0
269.1000000000269,0.9294050355356465,0.18841552734375,0
269.1500000000269,0.9274584146578506,0.68389892578125,0
269.20000000002693,0.9250239165951262,0.68389892578125,1
269.25000000002694,0.9229626483850164,0.68389892578125,1
269.30000000002696,0.9201262933432828,0.67822265625,1
269.35000000002697,0.9166578292902872,0.6781005859375,1
269.400000000027,0.9134661223005835,0.67803955078125,1
269.450000000027,0.9102099642866056,0.11651611328125,1
269.500000000027,0.9061959772747253,0.1044921875,1
269.550000000027,0.9023028800121112,0.11529541015625,1
269.600000000027,0.8986357783476134,0.10888671875,1
269.65000000002703,0.8948820898833802,0.12103271484375,1
269.70000000002705,0.8908668567733097,0.1204833984375,1
269.75000000002706,0.8852677170528823,0.11395263671875,1
269.80000000002707,0.8795461281900024,0.1082763671875,1
269.8500000000271,0.8734214085159061,0.07098388671875,1
269.9000000000271,0.8662441920359897,0.12689208984375,1
269.9500000000271,0.8598084323517939,0.09527587890625,1
270.0000000000271,0.9373058380380354,0.14056396484375,1
270.0500000000271,0.9360752303000184,0.15863037109375,1
270.10000000002714,0.934037365832784,0.1346435546875,1
270.15000000002715,0.9305890639127968,0.12249755859375,1
270.20000000002716,0.9276338699854341,0.1468505859375,1
270.25000000002717,0.9247736376793076,0.1221923828125,1
270.3000000000272,0.921938541904145,0.1414794921875,1
270.3500000000272,0.9190286460672693,0.12396240234375,1
270.4000000000272,0.9160236815476186,0.105712890625,1
270.4500000000272,0.9130863325349649,0.12255859375,1
270.5000000000272,0.9091490222016122,0.1038818359375,1
270.55000000002724,0.9054132582190251,0.12835693359375,1
270.60000000002725,0.9011950824786912,0.09173583984375,1
270.65000000002726,0.8962778141697512,0.0927734375,1
270.7000000000273,0.8911419997388526,0.1097412109375,1
270.7500000000273,0.8854743546830809,0.097900390625,1
270.8000000000273,0.8808161026046328,0.109375,1
270.8500000000273,0.872969039037711,0.0972900390625,1
270.9000000000273,0.8661800249634716,0.10906982421875,1
270.95000000002733,0.8574990392763114,0.09503173828125,1
271.00000000002734,0.9294324462089859,0.13275146484375,1
271.05000000002735,0.9274106025846404,0.141845703125,1
271.10000000002736,0.9241193597435776,0.17034912109375,1
271.1500000000274,0.9203974640823657,0.17608642578125,1
271.2000000000274,0.9168844856831683,0.1531982421875,1
271.2500000000274,0.9140968989181038,0.1468505859375,1
271.3000000000274,0.9109308769844484,0.142578125,1
271.3500000000274,0.9064399650220022,0.09808349609375,1
271.40000000002743,0.9012905641577721,0.123291015625,1
271.45000000002744,0.8958074188568358,0.11224365234375,1
271.50000000002746,0.8904992103155549,0.097900390625,1
271.55000000002747,0.8856297327310169,0.11578369140625,1
271.6000000000275,0.8806764396081809,0.103759765625,1
271.6500000000275,0.874251571601156,0.1046142578125,1
271.7000000000275,0.8655480124497591,0.115966796875,1
271.7500000000275,0.855941233553835,0.10980224609375,1
271.8000000000275,0.8459069211540505,0.08575439453125,1
271.85000000002753,0.833390517538538,0.09100341796875,1
271.90000000002755,0.8215830619735957,0.085693359375,1
271.95000000002756,0.812721202567491,0.07330322265625,1
272.00000000002757,0.9017653652818526,0.10760498046875,1
272.0500000000276,0.897271484073807,0.0963134765625,1
272.1000000000276,0.8914079562528392,0.15386962890625,1
272.1500000000276,0.8849238001261259,0.13116455078125,1
272.2000000000276,0.8777532409645549,0.15863037109375,1
272.2500000000276,0.8729573760345017,0.14501953125,1
272.30000000002764,0.8676592125083157,0.13104248046875,1
272.35000000002765,0.8610336429653961,0.112548828125,1
272.40000000002766,0.8504959626893497,0.0948486328125,1
272.45000000002767,0.8398087478116724,0.11212158203125,1
272.5000000000277,0.8240502751763963,0.09564208984375,1
272.5500000000277,0.9999997229173679,0.10699462890625,1
272.6000000000277,0.7955687881750034,0.07720947265625,1
272.6500000000277,0.7820212709860235,0.08831787109375,1
272.7000000000277,0.7669587059089634,0.064208984375,1
272.75000000002774,0.7447273464120403,0.07110595703125,1
272.80000000002775,0.7214263370867076,0.0762939453125,1
272.85000000002776,0.6902998625162468,0.06524658203125,1
272.9000000000278,0.9999995572738818,0.11761474609375,1
272.9500000000278,0.6404457882075604,0.08837890625,1
273.0000000000278,0.7987192451681382,0.1361083984375,1
273.0500000000278,0.7944577458253888,0.1103515625,1
273.1000000000278,0.7796440018249025,0.13836669921875,1
273.15000000002783,0.761410254575451,0.14886474609375,1
273.20000000002784,0.739145344270398,0.1146240234375,1
273.25000000002785,0.7258491673192006,0.14373779296875,1
273.30000000002786,0.7159946124196553,0.1434326171875,1
273.3500000000279,0.9999995846171124,0.08624267578125,1
273.4000000000279,0.9999995567304246,0.08544921875,1
273.4500000000279,0.6745183765104309,0.08538818359375,1
273.5000000000279,0.6478914038508365,0.09100341796875,1
273.5500000000279,0.6209103371767651,0.11981201171875,1
273.60000000002793,0.5921701796397825,0.08575439453125,1
273.65000000002794,0.9999989873316656,0.10223388671875,1
273.70000000002796,0.9999998211342985,0.091064453125,1
273.75000000002797,0.9999998144896568,0.09613037109375,1
273.800000000028,0.9999995117230999,0.0860595703125,1
273.850000000028,0.47928321604530494,0.06890869140625,1
273.900000000028,0.3907906385321151,0.0797119140625,1
273.950000000028,0.37929212078730296,0.0797119140625,1
274.000000000028,0.9022407861752068,0.1905517578125,1
274.05000000002804,0.9023264302621674,0.16156005859375,1
274.10000000002805,0.9018370760090421,0.161376953125,1
274.15000000002806,0.8941194888978817,0.161376953125,1
274.20000000002807,0.8841970708928663,0.1539306640625,1
274.2500000000281,0.8761068860030443,0.1607666015625,1
274.3000000000281,0.8631839476854517,0.1597900390625,1
274.3500000000281,0.854528423539363,0.10198974609375,1
274.4000000000281,0.9999998045209647,0.0831298828125,1
274.4500000000281,0.9999997880220033,0.0699462890625,1
274.50000000002814,0.814956336849568,0.11749267578125,1
274.55000000002815,0.7834122341767573,0.09307861328125,1
274.60000000002816,0.7400139474872329,0.0823974609375,1
274.6500000000282,0.9999996327246536,0.0941162109375,1
274.7000000000282,0.9999995808075144,0.082763671875,1
274.7500000000282,0.9999994430382995,0.0999755859375,1
274.8000000000282,0.9999993431884552,0.08233642578125,1
274.8500000000282,0.4508028605701251,0.09368896484375,1
274.90000000002823,0.35455347491435396,0.09454345703125,1
274.95000000002824,0.13979577251307673,0.099609375,1
275.00000000002825,0.7300839194080995,0.14935302734375,1
275.05000000002826,0.7304571005802185,0.17474365234375,1
275.1000000000283,0.7171350972504844,0.1763916015625,1
275.1500000000283,0.6997362225437898,0.16412353515625,1
275.2000000000283,0.6580127240813181,0.14654541015625,1
275.2500000000283,0.6059601504902771,0.175048828125,1
275.3000000000283,0.5507956640638612,0.1634521484375,1
275.35000000002833,0.5322498841122972,0.0838623046875,1
275.40000000002834,0.4992047304175736,0.08856201171875,1
275.45000000002835,0.44754775711742345,0.09405517578125,1
275.50000000002836,0.4137463493895223,0.1114501953125,1
275.5500000000284,0.3749357987026719,0.09423828125,1
275.6000000000284,0.3263285543161338,0.08270263671875,1
275.6500000000284,0.2379537320617356,0.14093017578125,1
275.7000000000284,0.1887275233473099,0.0771484375,1
275.7500000000284,0.9999999999984778,0.088623046875,1
275.80000000002843,0.13573914515875082,0.1112060546875,1
275.85000000002844,0.123945857801358,0.10504150390625,1
275.90000000002846,0.12195818526885342,0.09912109375,1
275.95000000002847,0.114753043512906,0.09979248046875,1
276.0000000000285,0.73440216937053,0.169677734375,1
276.0500000000285,0.733679857943374,0.162841796875,1
276.1000000000285,0.9999989202365168,0.18023681640625,1
276.1500000000285,0.6566676051521562,0.18707275390625,1
276.2000000000285,0.5154554818455206,0.16107177734375,1
276.25000000002854,0.49439215308041146,0.17333984375,1
276.30000000002855,0.482496362947679,0.19622802734375,1
276.35000000002856,0.48335289251601277,0.09417724609375,1
276.40000000002857,0.4915391167854278,0.1195068359375,1
276.4500000000286,0.47526085267426754,0.08978271484375,1
276.5000000000286,0.45510955852878693,0.1119384765625,1
276.5500000000286,0.43075540984743216,0.09130859375,1
276.6000000000286,0.4081173360411424,0.1064453125,1
276.6500000000286,0.3799188357591062,0.113037109375,1
276.70000000002864,0.3503065891189167,0.0902099609375,1
276.75000000002865,0.32938802516924476,0.10125732421875,1
276.80000000002866,0.30147997055688536,0.09405517578125,1
276.8500000000287,0.2556994419238271,0.090087890625,1
276.9000000000287,0.20995406492093674,0.10113525390625,1
276.9500000000287,0.19675709278152126,0.07818603515625,1
277.0000000000287,0.4805772299999255,0.16168212890625,1
277.0500000000287,0.47990073447711945,0.1370849609375,1
277.10000000002873,0.46922398945854543,0.1605224609375,1
277.15000000002874,0.4535680250907798,0.171875,1
277.20000000002875,0.4476847607088455,0.1549072265625,1
277.25000000002876,0.43967589472644725,0.14874267578125,1
277.3000000000288,0.43425887374462047,0.15985107421875,1
277.3500000000288,0.42836364759676,0.10675048828125,1
277.4000000000288,0.42028270169794574,0.09442138671875,1
277.4500000000288,0.4183354478401678,0.10101318359375,1
277.5000000000288,0.3783796702428129,0.08978271484375,1
277.55000000002883,0.3474021384171182,0.089599609375,1
277.60000000002884,0.3095494679468065,0.083984375,1
277.65000000002885,0.3059370858302946,0.1068115234375,1
277.70000000002887,0.2974330042822956,0.11175537109375,1
277.7500000000289,0.2899591783470256,0.10577392578125,1
277.8000000000289,0.2760087917933543,0.11224365234375,1
277.8500000000289,0.2469933946765069,0.10076904296875,1
277.9000000000289,0.20723347938669284,0.07733154296875,1
277.9500000000289,0.16709713683177244,0.1068115234375,1
278.00000000002893,0.6209903681233685,0.1416015625,1
278.05000000002894,0.6289453933557745,0.13873291015625,1
278.10000000002896,0.6247074051900832,0.1683349609375,1
278.15000000002897,0.6174505171630115,0.13275146484375,1
278.200000000029,0.6086777896803294,0.14404296875,1
278.250000000029,0.5773470324591766,0.12615966796875,1
278.300000000029,0.558924642126603,0.15533447265625,1
278.350000000029,0.55544839455823,0.09283447265625,1
278.400000000029,0.5538594012855951,0.1011962890625,1
278.45000000002904,0.55263276070606,0.07745361328125,1
278.50000000002905,0.541620138357584,0.10174560546875,1
278.55000000002906,0.5182671137682036,0.10052490234375,1
278.60000000002907,0.4969773332076783,0.095703125,1
278.6500000000291,0.4958551916902562,0.1015625,1
278.7000000000291,0.4901571515355941,0.08343505859375,1
278.7500000000291,0.48690458986374135,0.078125,1
278.8000000000291,0.48006041738198885,0.07269287109375,1
278.8500000000291,0.45977149092218456,0.09466552734375,1
278.90000000002914,0.4485035536327683,0.071533203125,1
278.95000000002915,0.42974432645253463,0.08990478515625,1
279.00000000002916,0.7445965731537,0.1339111328125,1
279.0500000000292,0.7477986639113239,0.14056396484375,1
279.1000000000292,0.7448037815868941,0.11590576171875,1
279.1500000000292,0.7401989879329597,0.12188720703125,1
279.2000000000292,0.7325409987456076,0.121337890625,1
279.2500000000292,0.7245864949627975,0.1409912109375,1
279.30000000002923,0.7162819825907375,0.128173828125,1
279.35000000002924,0.7135247429128281,0.08502197265625,1
279.40000000002925,0.7096052311472716,0.0841064453125,1
279.45000000002926,0.707587640162481,0.077392578125,1
279.5000000000293,0.7001945186872643,0.1195068359375,1
279.5500000000293,0.6894251926567946,0.11480712890625,1
279.6000000000293,0.685384907418019,0.127197265625,1
279.6500000000293,0.672840008968251,0.1019287109375,1
279.7000000000293,0.6680537754234203,0.10211181640625,1
279.75000000002933,0.6637165932621859,0.07098388671875,1
279.80000000002934,0.6596900116157688,0.07183837890625,1
279.85000000002935,0.6500115605924205,0.07843017578125,1
279.90000000002937,0.637250098428366,0.1204833984375,1
279.9500000000294,0.6234317821479741,0.10198974609375,1
280.0000000000294,0.8126433968543386,0.197265625,1
280.0500000000294,0.8140326771851462,0.1842041015625,1
280.1000000000294,0.8115106017154691,0.208740234375,1
280.1500000000294,0.8091584437089898,0.16217041015625,1
280.20000000002943,0.8018535410016415,0.18890380859375,1
280.25000000002944,0.7963852577438515,0.18890380859375,1
280.30000000002946,0.792124636592497,0.18890380859375,1
280.35000000002947,0.7855751126795282,0.18890380859375,1
280.4000000000295,0.782336810136655,0.18890380859375,1
280.4500000000295,0.7790721104188248,0.18890380859375,1
280.5000000000295,0.7757924585346798,0.18890380859375,1
280.5500000000295,0.7724655810994698,0.18890380859375,1
280.6000000000295,0.7685005209825616,0.18890380859375,1
280.65000000002954,0.7628163420303464,0.18890380859375,1
280.70000000002955,0.7543523284516455,0.18890380859375,1
280.75000000002956,0.7502093711404544,0.18890380859375,0
280.80000000002957,0.7433294459571185,0.19390869140625,0
280.8500000000296,0.7370144928243714,0.19390869140625,0
280.9000000000296,0.731142189605609,0.19390869140625,0
280.9500000000296,0.7243005948277506,0.70123291015625,0
281.0000000000296,0.8140843668198989,0.73211669921875,0
281.0500000000296,0.8101847328227739,0.73211669921875,0
281.10000000002964,0.8064568517281276,0.72637939453125,0
281.15000000002965,0.7990911097585778,0.72674560546875,0
281.20000000002966,0.7918662142496785,0.72674560546875,1
281.2500000000297,0.7839720702366048,0.16973876953125,1
281.3000000000297,0.7775815205411417,0.1702880859375,1
281.3500000000297,0.7645909075859719,0.17755126953125,1
281.4000000000297,0.7521799769383525,0.14862060546875,1
281.4500000000297,0.7440122090847565,0.15814208984375,1
281.50000000002973,0.7361625226812728,0.15289306640625,1
281.55000000002974,0.7282712536074157,0.14813232421875,1
281.60000000002975,0.7201935182795024,0.14154052734375,1
281.65000000002976,0.7041279713665949,0.17236328125,1
281.7000000000298,0.6908384116733464,0.15802001953125,1
281.7500000000298,0.6753434236196602,0.1590576171875,1
281.8000000000298,0.6633367080676885,0.14654541015625,1
281.8500000000298,0.6430474215328164,0.128173828125,1
281.9000000000298,0.6264186345000579,0.1578369140625,1
281.95000000002983,0.6104940207123057,0.13299560546875,1
282.00000000002984,0.8154648925489659,0.15301513671875,1
282.05000000002985,0.8131972190055603,0.15301513671875,1
282.10000000002987,0.8089482976453864,0.15301513671875,1
282.1500000000299,0.8015570245272864,0.15301513671875,1
282.2000000000299,0.7939184095632751,0.15301513671875,1
282.2500000000299,0.7862016905870391,0.15301513671875,1
282.3000000000299,0.7779733054803969,0.15301513671875,1
282.3500000000299,0.7700543028517518,0.15301513671875,1
282.40000000002993,0.7616432835898211,0.15301513671875,1
282.45000000002995,0.7501592031277201,0.15301513671875,1
282.50000000002996,0.7420357419889547,0.15869140625,0
282.55000000002997,0.7315040239790113,0.15869140625,0
282.60000000003,0.7211431637187806,0.15869140625,0
282.65000000003,0.7106753603573825,0.70916748046875,0
282.70000000003,0.6999242312104638,0.73187255859375,0
282.75000000003,0.6906307120633081,0.73187255859375,0
282.80000000003,0.6796663541606484,0.72613525390625,0
282.85000000003004,0.6712825374013991,0.726318359375,0
282.90000000003005,0.6580068593162577,0.74420166015625,0
282.95000000003006,0.6457160065489982,0.17852783203125,0
283.00000000003007,0.7483371728792605,0.18988037109375,0
283.0500000000301,0.747253069564195,0.19476318359375,0
283.1000000000301,0.7422980375877496,0.18841552734375,0
283.1500000000301,0.7344309997064098,0.1947021484375,0
283.2000000000301,0.7266948588998652,0.15283203125,1
283.2500000000301,0.7186505242746797,0.15771484375,1
283.30000000003014,0.7066136339178584,0.1810302734375,1
283.35000000003015,0.6945808624429822,0.10919189453125,1
283.40000000003016,0.68468586402134,0.14508056640625,1
283.4500000000302,0.6761152912304217,0.13360595703125,1
283.5000000000302,0.6637657813648979,0.126953125,1
283.5500000000302,0.6515510879974804,0.12762451171875,1
283.6000000000302,0.6400780426698416,0.11798095703125,1
283.6500000000302,0.6293361049287833,0.1328125,1
283.70000000003023,0.6092749691922545,0.137451171875,1
283.75000000003024,0.5981768523032726,0.139404296875,1
283.80000000003025,0.5860645744423846,0.11248779296875,1
283.85000000003026,0.5713150455248251,0.1082763671875,1
283.9000000000303,0.5534297277987437,0.1204833984375,1
283.9500000000303,0.5350638855033272,0.121337890625,1
284.0000000000303,0.7046668329960856,0.1680908203125,1
284.0500000000303,0.701303663610454,0.173095703125,1
284.1000000000303,0.6856589592610252,0.173095703125,1
284.15000000003033,0.6709634806693209,0.1676025390625,1
284.20000000003034,0.6566650229787829,0.653076171875,1
284.25000000003035,0.6413415042573084,0.653076171875,1
284.30000000003037,0.6232128689649474,0.653076171875,1
284.3500000000304,0.6062024045432152,0.653076171875,0
284.4000000000304,0.5881679141521509,0.653076171875,0
284.4500000000304,0.5716148701711863,0.653076171875,1
284.5000000000304,0.5560592967319339,0.653076171875,0
284.5500000000304,0.5413938014480368,0.653076171875,0
284.60000000003043,0.5224472698139901,0.653076171875,0
284.65000000003045,0.502185347604966,0.653076171875,0
284.70000000003046,0.48124210844543214,0.653076171875,0
284.75000000003047,0.4616142410114834,0.653076171875,0
284.8000000000305,0.4412304441661781,0.6473388671875,0
284.8500000000305,0.4209045460101498,0.64776611328125,0
284.9000000000305,0.4041115805759607,0.6475830078125,0
284.9500000000305,0.36745087706337237,0.64776611328125,0
285.0000000000305,0.785215198414539,0.19342041015625,0
285.05000000003054,0.7848510593115097,0.2412109375,0
285.10000000003055,0.7771213345700562,0.19940185546875,0
285.15000000003056,0.7702453340680232,0.17779541015625,0
285.20000000003057,0.7627928681822176,0.193115234375,1
285.2500000000306,0.7548432785166406,0.203369140625,1
285.3000000000306,0.7406479848780411,0.1871337890625,1
285.3500000000306,0.7225183431414668,0.1656494140625,1
285.4000000000306,0.703096959783992,0.1702880859375,1
285.4500000000306,0.6821664293127774,0.1761474609375,1
285.50000000003064,0.6699544790877473,0.164306640625,1
285.55000000003065,0.6595491374327164,0.15911865234375,1
285.60000000003066,0.6413500441568977,0.14825439453125,1
285.6500000000307,0.6117524223906288,0.1429443359375,1
285.7000000000307,0.57530061264635,0.13763427734375,1
285.7500000000307,0.5361529000601514,0.17864990234375,1
285.8000000000307,0.49065998581676573,0.16741943359375,1
285.8500000000307,0.44927103990992745,0.16162109375,1
285.90000000003073,0.42409043048256023,0.1259765625,1
285.95000000003074,0.39259735674610946,0.13201904296875,1
286.00000000003075,0.7449047903512631,0.13348388671875,1
286.05000000003076,0.7335486058336815,0.1907958984375,1
286.1000000000308,0.7163126255808041,0.13330078125,1
286.1500000000308,0.705650164459588,0.202880859375,1
286.2000000000308,0.6917088430348481,0.13323974609375,1
286.2500000000308,0.6798244977069111,0.14495849609375,1
286.3000000000308,0.6694190180149212,0.17901611328125,1
286.35000000003083,0.6515345548553738,0.11865234375,1
286.40000000003084,0.6320754728293604,0.133056640625,1
286.45000000003085,0.6084194746745887,0.1259765625,1
286.50000000003087,0.5926510771039265,0.10223388671875,1
286.5500000000309,0.5846441176254674,0.10882568359375,1
286.6000000000309,0.5662362488619691,0.14990234375,1
286.6500000000309,0.5524522178914573,0.13818359375,1
286.7000000000309,0.5377805882999414,0.1024169921875,1
286.7500000000309,0.5250797843793639,0.10040283203125,1
286.80000000003093,0.49992303970024243,0.06134033203125,1
286.85000000003095,0.4713175934775755,0.0789794921875,1
286.90000000003096,0.43935727416178455,0.08331298828125,1
286.95000000003097,0.4132334836047568,0.0894775390625,1
287.000000000031,0.6540914874245222,0.16082763671875,1
287.050000000031,0.6367402019453059,0.12921142578125,1
287.100000000031,0.6099338291837163,0.165283203125,1
287.150000000031,0.5802760524097671,0.1197509765625,1
287.200000000031,0.5517472278748936,0.12847900390625,1
287.25000000003104,0.5413350138013291,0.15264892578125,1
287.30000000003105,0.5035033708541253,0.1219482421875,1
287.35000000003106,0.4759876884619124,0.087158203125,1
287.40000000003107,0.44242918719016416,0.09722900390625,1
287.4500000000311,0.41200765649954646,0.11993408203125,1
287.5000000000311,0.37858724019999046,0.11492919921875,1
287.5500000000311,0.357880885917838,0.12115478515625,1
287.6000000000311,0.3215086074036482,0.1204833984375,1
287.6500000000311,0.2776811617540327,0.07940673828125,1
287.70000000003114,0.238071716753609,0.0791015625,1
287.75000000003115,0.20568361652167708,0.07244873046875,1
287.80000000003116,0.16768621006176965,0.0849609375,1
287.8500000000312,0.1258753084349414,0.0963134765625,1
287.9000000000312,0.14635685579301916,0.08477783203125,1
287.9500000000312,0.08386547652963103,0.09063720703125,1
288.0000000000312,0.5145437701849774,0.18621826171875,1
288.0500000000312,0.5140176997682213,0.17620849609375,1
288.10000000003123,0.4877131859920942,0.16534423828125,1
288.15000000003124,0.4583496114704291,0.19940185546875,1
288.20000000003125,0.43409937922131664,0.1864013671875,1
288.25000000003126,0.4078259010750283,0.19268798828125,1
288.3000000000313,0.3754307567881479,0.18121337890625,1
288.3500000000313,0.3835263566550735,0.08233642578125,1
288.4000000000313,0.36698191259439084,0.07354736328125,1
288.4500000000313,0.3184774157207371,0.08709716796875,1
288.5000000000313,0.252468984996465,0.0916748046875,1
288.55000000003133,0.19653121785795977,0.08685302734375,1
288.60000000003134,0.15617816384808297,0.0743408203125,1
288.65000000003135,0.10454677107486184,0.08514404296875,1
288.70000000003137,0.1371946726624202,0.09130859375,1
288.7500000000314,0.6760183330221903,0.07940673828125,1
288.8000000000314,0.6901396483416525,0.085693359375,1
288.8500000000314,0.6804099877528322,0.10284423828125,1
288.9000000000314,0.676937210457256,0.08038330078125,1
288.9500000000314,0.6707587956170757,0.0740966796875,1
289.00000000003143,0.7750884867985706,0.1614990234375,1
289.05000000003145,0.7555279139868374,0.156494140625,1
289.10000000003146,0.730422742349599,0.1507568359375,1
289.15000000003147,0.708578651242271,0.14453125,1
289.2000000000315,0.7048214443111555,0.14349365234375,1
289.2500000000315,0.7304928466475684,0.1558837890625,1
289.3000000000315,0.712483060314617,0.156005859375,1
289.3500000000315,0.7317760423460162,0.08929443359375,1
289.4000000000315,0.77322678825724,0.088134765625,1
289.45000000003154,0.770825301647042,0.07147216796875,1
289.50000000003155,0.744622250147039,0.07025146484375,1
289.55000000003156,0.7205769002349569,0.08746337890625,1
289.60000000003157,0.6870067030166945,0.10003662109375,1
289.6500000000316,0.6585161784854142,0.07666015625,1
289.7000000000316,0.6252272324657533,0.0999755859375,1
289.7500000000316,0.580538182443055,0.0640869140625,1
289.8000000000316,0.5306799299875395,0.099609375,1
289.8500000000316,0.5063416058605587,0.09368896484375,1
289.90000000003164,0.4866995452223333,0.093505859375,1
289.95000000003165,0.45906284424709054,0.07611083984375,1
290.00000000003166,0.7769314716101842,0.14013671875,1
290.0500000000317,0.7786777225359064,0.09857177734375,1
290.1000000000317,0.7697136102370609,0.13067626953125,1
290.1500000000317,0.757029396447733,0.13543701171875,1
290.2000000000317,0.753559506178281,0.1114501953125,1
290.2500000000317,0.7505283733087759,0.12298583984375,1
290.30000000003173,0.746003122539568,0.12994384765625,1
290.35000000003174,0.7411974801741874,0.09173583984375,1
290.40000000003175,0.7274085361112316,0.05987548828125,1
290.45000000003176,0.7103897164375417,0.0977783203125,1
290.5000000000318,0.6881758999285333,0.09136962890625,1
290.5500000000318,0.6857977413169574,0.0975341796875,1
290.6000000000318,0.6810652082927381,0.1038818359375,1
290.6500000000318,0.6753946870193112,0.08502197265625,1
290.7000000000318,0.6654398436704966,0.05511474609375,1
290.75000000003183,0.6411704664912461,0.0914306640625,1
290.80000000003184,0.6044170756133646,0.0728759765625,1
290.85000000003186,0.5689528471155921,0.08563232421875,1
290.90000000003187,0.5678991077489333,0.09124755859375,1
290.9500000000319,0.5654993582173441,0.07757568359375,1
291.0000000000319,0.746290237236564,0.1031494140625,1
291.0500000000319,0.7423828524662667,0.12408447265625,1
291.1000000000319,0.9999995602588547,0.1109619140625,1
291.1500000000319,0.9999994382746565,0.0814208984375,1
291.20000000003193,0.9999993563540024,0.1302490234375,1
291.25000000003195,0.6721015473680517,0.11614990234375,1
291.30000000003196,0.671219996349368,0.10540771484375,1
291.35000000003197,0.6599203287965953,0.0797119140625,1
291.400000000032,0.6412237697484603,0.0921630859375,1
291.450000000032,0.6115889198369278,0.09869384765625,1
291.500000000032,0.5871399409165623,0.09130859375,1
291.550000000032,0.5834039484104171,0.09228515625,1
291.600000000032,0.5753392832288339,0.09185791015625,1
291.65000000003204,0.5631646812389727,0.0732421875,1
291.70000000003205,0.9999988184136045,0.0618896484375,1
291.75000000003206,0.9999991920717064,0.10321044921875,1
291.80000000003207,0.4838011756905141,0.09210205078125,1
291.8500000000321,0.45646237421560654,0.08575439453125,1
291.9000000000321,0.4544836012207498,0.05474853515625,1
291.9500000000321,0.4449020910611194,0.06719970703125,1
292.0000000000321,0.8896993760775092,0.14617919921875,1
292.0500000000321,0.8909542257414474,0.114501953125,1
292.10000000003214,0.8859776040175011,0.109375,1
292.15000000003215,0.8819452141456178,0.10791015625,1
292.20000000003216,0.8774926748613532,0.12060546875,1
292.2500000000322,0.8763224267824852,0.152587890625,1
292.3000000000322,0.8752060216387122,0.1087646484375,1
292.3500000000322,0.8737748210942045,0.0755615234375,1
292.4000000000322,0.8704304000385633,0.07421875,1
292.4500000000322,0.8636690921791643,0.087890625,1
292.50000000003223,0.8580387704526231,0.09405517578125,1
292.55000000003224,0.8522778006549233,0.08148193359375,1
292.60000000003225,0.8495497189354976,0.09320068359375,1
292.65000000003226,0.8471410560396909,0.09454345703125,1
292.7000000000323,0.8439270951304617,0.06170654296875,1
292.7500000000323,0.8392917480963288,0.068359375,1
292.8000000000323,0.832950360422577,0.1131591796875,1
292.8500000000323,0.8269108120935823,0.0931396484375,1
292.9000000000323,0.819833364744335,0.0872802734375,1
292.95000000003233,0.8158230402736258,0.07452392578125,1
293.00000000003234,0.9500220563271577,0.18939208984375,1
293.05000000003236,0.9504760747128355,0.154052734375,1
293.10000000003237,0.9491932384427314,0.16082763671875,1
293.1500000000324,0.9476685644817835,0.15362548828125,1
293.2000000000324,0.9458464007752541,0.15283203125,1
293.2500000000324,0.9440008434791745,0.15301513671875,1
293.3000000000324,0.943000030650422,0.17236328125,1
293.3500000000324,0.9417542749855826,0.06658935546875,1
293.40000000003243,0.9402653630927991,0.07037353515625,1
293.45000000003245,0.9386265381896137,0.0648193359375,1
293.50000000003246,0.9360665156478578,0.06439208984375,1
293.55000000003247,0.93363535232226,0.077392578125,1
293.6000000000325,0.9307320859685099,0.08441162109375,1
293.6500000000325,0.9287223712577065,0.031005859375,1
293.7000000000325,0.9265953341553582,0.064453125,1
293.7500000000325,0.9241855784029487,0.08477783203125,1
293.8000000000325,0.9222994646209073,0.06500244140625,1
293.85000000003254,0.9177367213746452,0.05816650390625,1
293.90000000003255,0.9133546126537335,0.0709228515625,1
293.95000000003256,0.9082791517260678,0.07861328125,1
294.00000000003257,0.9444474605794767,0.1156005859375,1
294.0500000000326,0.9437974024216492,0.16107177734375,1
294.1000000000326,0.9423000505583216,0.130859375,1
294.1500000000326,0.9407961440101789,0.12841796875,1
294.2000000000326,0.9380465810339678,0.1287841796875,1
294.2500000000326,0.9353176014927567,0.1229248046875,1
294.30000000003264,0.9327967479445715,0.14825439453125,1
294.35000000003265,0.9305633371113254,0.1240234375,1
294.40000000003266,0.9283112887295737,0.12139892578125,1
294.4500000000327,0.9261383603735761,0.1112060546875,1
294.5000000000327,0.9241145783185803,0.115234375,1
294.5500000000327,0.9999998886521189,0.1182861328125,1
294.6000000000327,0.9165341575584138,0.10614013671875,1
294.6500000000327,0.9119873411319136,0.08636474609375,1
294.70000000003273,0.908052401521377,0.0858154296875,1
294.75000000003274,0.9040663145905424,0.0858154296875,1
294.80000000003275,0.8999061385103149,0.0858154296875,1
294.85000000003276,0.8956067551134376,0.0921630859375,1
294.9000000000328,0.8910386153398113,0.0921630859375,1
294.9500000000328,0.9999999999998503,0.0921630859375,1
295.0000000000328,0.9999999999998964,0.7811279296875,0
295.0500000000328,0.9999999999998656,0.7811279296875,0
295.1000000000328,0.9999999999999435,0.7811279296875,0
295.15000000003283,0.9999999999999101,0.8050537109375,0
295.20000000003284,0.9999999999998728,0.8050537109375,1
295.25000000003286,0.9999999999999324,0.8050537109375,1
295.30000000003287,0.9999998379510581,0.8050537109375,1
295.3500000000329,0.999999825179952,0.8050537109375,1
295.4000000000329,0.9999999999999181,0.8050537109375,1
295.4500000000329,0.9999999999999127,0.8050537109375,1
295.5000000000329,0.9999999999999073,0.79876708984375,1
295.5500000000329,0.999999778899665,0.7989501953125,1
295.60000000003294,0.9999999999997919,0.80718994140625,1
295.65000000003295,0.9999997503869058,0.1090087890625,1
295.70000000003296,0.9999997312495937,0.123046875,1
295.75000000003297,0.826617720748755,0.10333251953125,1
295.800000000033,0.8149587751435479,0.1021728515625,1
295.850000000033,0.7976877292373836,0.11077880859375,1
295.900000000033,0.9999999999997365,0.08331298828125,1
295.950000000033,0.7647208174985134,0.1220703125,1
296.000000000033,0.9999999999998346,0.11932373046875,1
296.05000000003304,0.9999999999998264,0.1385498046875,1
296.10000000003305,0.8693671602195379,0.11358642578125,1
296.15000000003306,0.8678515713893691,0.12640380859375,1
296.20000000003307,0.883862082464421,0.15692138671875,1
296.2500000000331,0.9999997506348823,0.13848876953125,1
296.3000000000331,0.9999997363678751,0.17645263671875,1
296.3500000000331,0.8272083277623085,0.1446533203125,1
296.4000000000331,0.8208811841353176,0.10595703125,1
296.4500000000331,0.8122922551671437,0.07379150390625,1
296.50000000003314,0.8025959776391979,0.11376953125,1
296.55000000003315,0.7889483678849963,0.10845947265625,1
296.60000000003316,0.785679758647034,0.06988525390625,1
296.6500000000332,0.9999996472677595,0.0892333984375,1
296.7000000000332,0.765426754074736,0.08990478515625,1
296.7500000000332,0.7536351273273073,0.08905029296875,1
296.8000000000332,0.7391412299712952,0.1282958984375,1
296.8500000000332,0.7257182981152832,0.0780029296875,1
296.90000000003323,0.7087845330790702,0.08251953125,1
296.95000000003324,0.9999999999990613,0.05706787109375,1
297.00000000003325,0.999999999999621,0.15777587890625,1
297.05000000003326,0.8589616356898333,0.151123046875,1
297.1000000000333,0.8568831799470275,0.12628173828125,1
297.1500000000333,0.8512414074933885,0.1495361328125,1
297.2000000000333,0.8445977860174236,0.1326904296875,1
297.2500000000333,0.8370546654939877,0.11968994140625,1
297.3000000000333,0.9999996934552,0.1168212890625,1
297.35000000003333,0.8253879848821757,0.09112548828125,1
297.40000000003334,0.8188784213983596,0.09674072265625,1
297.45000000003336,0.8118625239980085,0.1033935546875,1
297.50000000003337,0.8021133536623749,0.10980224609375,1
297.5500000000334,0.7897882674814162,0.10333251953125,1
297.6000000000334,0.7768202781176095,0.0780029296875,1
297.6500000000334,0.9999994425122257,0.10919189453125,1
297.7000000000334,0.7627604176747882,0.09698486328125,1
297.7500000000334,0.7449829948388589,0.09027099609375,1
297.80000000003344,0.7309252231701479,0.1029052734375,1
297.85000000003345,0.7156917760254717,0.10296630859375,1
297.90000000003346,0.6956641806041461,0.08331298828125,1
297.95000000003347,0.6775807788235679,0.0828857421875,1
298.0000000000335,0.9999998470378441,0.13934326171875,1
298.0500000000335,0.8647427065978988,0.13763427734375,1
298.1000000000335,0.8607842085652819,0.149658203125,1
298.1500000000335,0.8555278772355817,0.1368408203125,1
298.2000000000335,0.8530999473062476,0.1793212890625,1
298.25000000003354,0.8382304670720078,0.13702392578125,1
298.30000000003355,0.826408693353539,0.1314697265625,1
298.35000000003356,0.9999997356677152,0.091552734375,1
298.4000000000336,0.8048058400906887,0.091552734375,1
298.4500000000336,0.7920991825859024,0.1038818359375,1
298.5000000000336,0.7802906192974887,0.086181640625,1
298.5500000000336,0.7588494348065173,0.1044921875,1
298.6000000000336,0.7340707431531304,0.1099853515625,1
298.65000000003363,0.7023564631513334,0.07244873046875,1
298.70000000003364,0.9999996481150888,0.0972900390625,1
298.75000000003365,0.9999997507772933,0.07861328125,1
298.80000000003366,0.6129740612405681,0.0665283203125,1
298.8500000000337,0.5807134164145425,0.07232666015625,1
298.9000000000337,0.5346321559242284,0.046875,1
298.9500000000337,0.4758727381862971,0.09088134765625,1
299.0000000000337,0.7338634367990868,0.13104248046875,1
299.0500000000337,0.9999996915631846,0.10284423828125,1
299.10000000003373,0.7009683711394927,0.11810302734375,1
299.15000000003374,0.6956176905362113,0.1212158203125,1
299.20000000003375,0.680481817748085,0.13934326171875,1
299.25000000003376,0.6512913492630513,0.1143798828125,1
299.3000000000338,0.6084089554221879,0.12725830078125,1
299.3500000000338,0.5494439710876782,0.08990478515625,1
299.4000000000338,0.49741345118989805,0.12579345703125,1
299.4500000000338,0.9999997364580167,0.0963134765625,1
299.5000000000338,0.9999977763904334,0.07183837890625,1
299.55000000003383,0.9999974250180567,0.082763671875,1
299.60000000003384,0.3633209154779464,0.08294677734375,1
299.65000000003386,0.28982780443963396,0.06475830078125,1
299.70000000003387,0.20034776851494301,0.0714111328125,1
299.7500000000339,0.15938881344315478,0.07757568359375,1
299.8000000000339,0.09076950779799922,0.08306884765625,1
299.8500000000339,0.10441054993930328,0.08319091796875,1
299.9000000000339,0.10441054993930328,0.0711669921875,1
299.9500000000339,0.09958134189511225,0.0849609375,1
300.00000000003394,0.6873482021089876,0.1561279296875,1
300.05000000003395,0.6686597874484997,0.1531982421875,1
300.10000000003396,0.9999999999990574,0.153564453125,1
300.15000000003397,0.6230896484828038,0.12335205078125,1
300.200000000034,0.6075598495237627,0.129150390625,1
300.250000000034,0.5824932117356407,0.14068603515625,1
300.300000000034,0.5515773586528727,0.1409912109375,1
300.350000000034,0.5098665208435388,0.0872802734375,1
300.400000000034,0.4457646068616478,0.09271240234375,1
300.45000000003404,0.43179471966170413,0.0982666015625,1
300.50000000003405,0.9999978900704859,0.09246826171875,1
300.55000000003406,0.999998317130723,0.09832763671875,1
300.6000000000341,0.9999979813530475,0.05682373046875,1
300.6500000000341,0.9999999999881405,0.08624267578125,1
300.7000000000341,0.999999999981367,0.0977783203125,1
300.7500000000341,0.9999999999903945,0.06298828125,1
300.8000000000341,0.9999999999988182,0.0928955078125,1
300.85000000003413,0.9999999999902868,0.0745849609375,1
300.90000000003414,0.9999999999963436,0.09222412109375,1
300.95000000003415,0.9999999999963436,0.0860595703125,1
